3
45
[[[20, 14, 9, 5, 5, 20, 9, 4, 10, 10, 8, 6, 9, 3, 9, 19, 17, 2, 11, 5, 1, 11, 20, 12, 13, 11, 10, 8, 6, 19, 15, 6, 12, 4, 10, 17, 3, 19, 1, 13, 8, 8, 18, 17, 10],
[6, 15, 7, 8, 6, 12, 9, 16, 11, 20, 9, 1, 9, 16, 7, 7, 11, 12, 19, 15, 2, 15, 18, 20, 15, 10, 8, 3, 7, 4, 13, 13, 19, 20, 20, 5, 11, 9, 20, 2, 8, 9, 2, 16, 4],
[9, 2, 15, 20, 20, 9, 1, 15, 6, 1, 9, 15, 8, 12, 1, 12, 4, 13, 11, 3, 13, 15, 14, 1, 15, 15, 8, 3, 17, 3, 7, 5, 5, 1, 5, 4, 10, 6, 19, 15, 6, 7, 9, 14, 19],
[10, 6, 3, 3, 16, 6, 15, 11, 19, 16, 5, 13, 4, 7, 9, 6, 14, 14, 11, 14, 18, 15, 3, 3, 13, 18, 9, 20, 7, 3, 18, 16, 8, 20, 18, 4, 5, 13, 14, 4, 8, 18, 16, 11, 5],
[5, 17, 18, 18, 7, 12, 15, 1, 15, 18, 13, 12, 6, 13, 18, 8, 10, 14, 16, 10, 12, 19, 15, 4, 12, 18, 12, 10, 14, 3, 14, 19, 19, 12, 16, 6, 3, 11, 7, 18, 8, 20, 9, 14, 12],
[7, 1, 2, 1, 16, 11, 12, 15, 5, 16, 6, 3, 7, 15, 16, 9, 9, 14, 8, 1, 10, 14, 4, 1, 1, 1, 8, 20, 10, 2, 12, 17, 3, 13, 17, 19, 3, 9, 13, 8, 4, 19, 10, 11, 14],
[6, 20, 2, 20, 7, 2, 10, 1, 6, 10, 1, 6, 18, 1, 15, 19, 12, 12, 1, 5, 8, 19, 8, 16, 12, 15, 20, 10, 5, 10, 3, 11, 10, 4, 10, 17, 6, 20, 17, 11, 9, 18, 17, 6, 18],
[12, 4, 10, 3, 5, 14, 10, 4, 1, 6, 15, 16, 6, 4, 1, 16, 6, 11, 5, 10, 1, 1, 16, 20, 18, 7, 8, 15, 3, 14, 12, 14, 18, 1, 16, 2, 15, 6, 5, 15, 12, 19, 11, 17, 3],
[11, 12, 8, 1, 17, 18, 2, 17, 13, 1, 15, 19, 9, 9, 1, 2, 1, 15, 20, 2, 11, 1, 16, 16, 6, 11, 7, 5, 1, 4, 7, 12, 16, 14, 13, 12, 11, 14, 9, 4, 15, 3, 2, 4, 12],
[3, 6, 12, 18, 5, 13, 8, 5, 9, 3, 11, 19, 10, 15, 20, 13, 1, 12, 8, 15, 4, 20, 6, 18, 8, 9, 12, 11, 10, 16, 2, 13, 1, 14, 10, 6, 6, 17, 10, 15, 20, 20, 13, 9, 15],
[13, 1, 15, 5, 9, 9, 8, 8, 14, 6, 16, 2, 18, 6, 12, 13, 8, 5, 14, 1, 14, 19, 7, 11, 9, 1, 10, 9, 14, 19, 3, 7, 19, 17, 11, 8, 6, 19, 16, 19, 4, 11, 1, 1, 17],
[13, 13, 4, 17, 7, 5, 11, 5, 11, 1, 13, 11, 11, 1, 5, 9, 3, 11, 8, 20, 1, 15, 5, 19, 10, 4, 2, 1, 5, 3, 17, 17, 16, 1, 14, 2, 5, 4, 6, 16, 5, 18, 7, 15, 19],
[11, 4, 2, 1, 11, 1, 1, 6, 6, 20, 15, 9, 2, 16, 14, 4, 12, 10, 20, 12, 4, 1, 17, 7, 6, 12, 12, 4, 19, 7, 3, 9, 10, 4, 9, 20, 5, 10, 5, 10, 10, 20, 19, 11, 15],
[12, 15, 7, 2, 14, 19, 5, 15, 16, 12, 1, 8, 3, 4, 6, 9, 7, 14, 18, 11, 2, 18, 15, 12, 3, 5, 1, 3, 4, 12, 18, 16, 7, 4, 17, 1, 3, 2, 15, 18, 13, 15, 5, 16, 19],
[10, 5, 5, 3, 2, 15, 5, 20, 10, 17, 2, 14, 17, 5, 17, 9, 2, 12, 15, 6, 9, 15, 8, 10, 9, 5, 3, 4, 9, 19, 2, 19, 3, 7, 2, 5, 1, 6, 4, 11, 2, 6, 4, 19, 10],
[1, 7, 12, 13, 1, 17, 1, 16, 4, 11, 4, 9, 14, 8, 18, 12, 9, 16, 15, 15, 17, 19, 16, 3, 2, 6, 5, 8, 10, 3, 18, 10, 9, 9, 2, 10, 5, 3, 6, 9, 14, 10, 18, 7, 17],
[15, 19, 5, 11, 13, 20, 8, 11, 15, 10, 13, 20, 15, 20, 10, 17, 18, 19, 6, 6, 1, 16, 11, 3, 1, 20, 16, 10, 17, 2, 6, 11, 1, 11, 2, 13, 10, 10, 4, 5, 19, 17, 5, 14, 16],
[14, 10, 13, 12, 16, 19, 12, 11, 9, 15, 12, 8, 10, 1, 4, 12, 7, 15, 12, 17, 17, 5, 7, 6, 9, 11, 5, 5, 16, 18, 1, 9, 8, 13, 20, 3, 12, 12, 13, 20, 6, 5, 8, 16, 5],
[12, 7, 12, 7, 19, 9, 4, 4, 15, 9, 12, 6, 14, 16, 1, 11, 16, 9, 19, 9, 9, 1, 20, 1, 14, 20, 6, 18, 8, 2, 3, 19, 8, 14, 6, 7, 2, 9, 10, 16, 18, 1, 2, 11, 16],
[2, 2, 12, 11, 20, 20, 19, 20, 20, 19, 14, 19, 5, 11, 7, 7, 14, 6, 14, 7, 11, 1, 8, 20, 10, 4, 17, 11, 5, 8, 7, 7, 9, 18, 17, 9, 17, 16, 9, 16, 15, 2, 15, 19, 13],
[1, 5, 6, 6, 19, 13, 17, 20, 20, 16, 9, 4, 13, 19, 8, 20, 5, 15, 9, 3, 11, 17, 19, 6, 5, 15, 20, 7, 9, 19, 19, 10, 4, 5, 15, 3, 17, 11, 2, 17, 7, 11, 20, 19, 10],
[8, 18, 15, 2, 6, 17, 13, 3, 16, 19, 7, 10, 19, 13, 19, 17, 12, 8, 1, 17, 3, 4, 13, 13, 5, 10, 19, 16, 9, 18, 5, 17, 15, 19, 19, 1, 16, 11, 3, 11, 9, 10, 20, 8, 3],
[19, 5, 15, 6, 5, 11, 8, 8, 4, 1, 13, 13, 20, 9, 2, 17, 13, 18, 11, 12, 16, 12, 7, 7, 14, 18, 16, 4, 17, 3, 6, 15, 7, 20, 1, 11, 10, 9, 19, 13, 9, 12, 6, 8, 20],
[7, 5, 13, 4, 16, 4, 19, 7, 11, 6, 1, 8, 1, 4, 5, 3, 10, 20, 9, 9, 20, 20, 19, 9, 19, 12, 17, 11, 17, 5, 10, 4, 10, 2, 7, 5, 6, 6, 12, 17, 11, 12, 5, 11, 16],
[9, 14, 5, 8, 2, 14, 8, 2, 13, 16, 20, 5, 13, 10, 2, 18, 20, 5, 7, 2, 12, 11, 8, 17, 2, 4, 8, 14, 8, 19, 10, 17, 12, 15, 4, 14, 8, 12, 15, 1, 8, 15, 6, 1, 4],
[7, 18, 4, 11, 5, 5, 3, 15, 12, 19, 17, 16, 7, 11, 3, 6, 20, 19, 17, 14, 3, 11, 2, 15, 5, 3, 3, 19, 8, 3, 3, 14, 1, 6, 5, 5, 11, 7, 20, 2, 6, 16, 18, 12, 7],
[20, 18, 6, 19, 14, 20, 2, 4, 1, 16, 9, 3, 18, 8, 10, 20, 11, 4, 1, 16, 8, 5, 7, 15, 4, 9, 20, 20, 6, 12, 6, 6, 9, 12, 4, 3, 11, 5, 7, 11, 1, 15, 14, 18, 2],
[4, 18, 13, 7, 18, 9, 15, 3, 15, 9, 6, 3, 8, 6, 9, 20, 11, 14, 8, 3, 18, 11, 13, 2, 17, 4, 2, 11, 17, 20, 13, 20, 18, 5, 7, 16, 13, 1, 18, 8, 9, 4, 10, 17, 9],
[18, 16, 19, 12, 4, 1, 9, 14, 14, 11, 10, 17, 13, 1, 13, 12, 13, 13, 10, 18, 19, 5, 11, 19, 2, 18, 8, 5, 8, 4, 14, 6, 19, 12, 17, 2, 13, 5, 16, 7, 16, 5, 3, 8, 5],
[16, 20, 18, 8, 9, 15, 6, 14, 5, 5, 16, 2, 12, 1, 10, 15, 14, 15, 14, 6, 11, 16, 19, 16, 11, 5, 11, 15, 7, 18, 20, 2, 17, 17, 9, 6, 11, 15, 19, 16, 19, 14, 18, 11, 14],
[7, 5, 8, 1, 19, 13, 11, 14, 11, 6, 5, 15, 17, 19, 2, 14, 18, 3, 11, 14, 12, 17, 5, 7, 16, 20, 6, 9, 18, 16, 3, 4, 1, 11, 4, 19, 3, 15, 13, 13, 1, 17, 8, 17, 16],
[9, 11, 13, 12, 2, 7, 3, 18, 12, 9, 13, 12, 14, 2, 9, 10, 5, 12, 10, 15, 16, 8, 18, 10, 1, 11, 10, 17, 18, 6, 12, 6, 17, 5, 18, 18, 12, 20, 16, 3, 9, 9, 14, 3, 11],
[3, 12, 16, 14, 2, 11, 9, 9, 8, 18, 10, 18, 8, 6, 16, 14, 18, 2, 10, 2, 19, 8, 14, 19, 4, 16, 7, 12, 10, 10, 3, 12, 1, 19, 6, 2, 9, 14, 11, 17, 12, 20, 15, 19, 6],
[10, 12, 3, 11, 2, 5, 10, 10, 18, 8, 13, 14, 14, 5, 4, 3, 7, 15, 4, 5, 20, 6, 14, 14, 17, 10, 6, 17, 4, 4, 2, 14, 16, 5, 5, 18, 10, 14, 7, 8, 1, 20, 1, 15, 4],
[4, 17, 11, 19, 1, 15, 19, 7, 9, 12, 3, 18, 17, 19, 2, 1, 1, 15, 17, 6, 19, 15, 15, 12, 1, 2, 13, 20, 3, 7, 4, 6, 4, 14, 5, 4, 9, 3, 11, 17, 15, 13, 15, 12, 12],
[17, 12, 12, 12, 9, 17, 11, 3, 11, 2, 4, 13, 15, 4, 15, 1, 8, 1, 4, 1, 5, 8, 9, 8, 18, 6, 2, 11, 1, 13, 2, 17, 5, 13, 8, 13, 10, 18, 16, 1, 20, 20, 13, 14, 4],
[8, 15, 11, 8, 18, 11, 13, 6, 20, 20, 3, 6, 1, 13, 6, 14, 15, 3, 18, 7, 10, 10, 16, 8, 6, 16, 8, 6, 9, 1, 9, 16, 15, 19, 4, 13, 10, 17, 18, 10, 16, 1, 15, 17, 14],
[1, 10, 8, 3, 7, 15, 13, 17, 11, 1, 3, 7, 8, 8, 15, 8, 16, 11, 3, 15, 15, 16, 4, 11, 14, 14, 7, 15, 9, 3, 8, 10, 13, 16, 12, 20, 11, 5, 16, 1, 5, 18, 8, 12, 5],
[3, 20, 1, 13, 3, 15, 7, 19, 19, 17, 12, 13, 4, 7, 1, 6, 14, 10, 18, 10, 2, 17, 1, 6, 13, 1, 11, 11, 8, 3, 16, 10, 3, 16, 3, 6, 11, 10, 4, 10, 7, 16, 2, 10, 2],
[2, 15, 16, 11, 13, 6, 13, 10, 6, 19, 3, 7, 10, 13, 14, 12, 8, 4, 15, 4, 7, 20, 15, 16, 4, 4, 3, 20, 5, 12, 1, 6, 7, 17, 17, 20, 2, 9, 9, 7, 8, 12, 13, 17, 4],
[7, 9, 12, 11, 3, 16, 18, 3, 10, 14, 7, 13, 16, 6, 17, 7, 7, 3, 14, 3, 20, 13, 5, 8, 2, 12, 16, 13, 5, 12, 17, 12, 20, 8, 3, 2, 3, 20, 5, 12, 14, 11, 4, 9, 17],
[1, 16, 3, 3, 9, 6, 2, 2, 11, 10, 3, 2, 5, 16, 7, 17, 12, 18, 16, 20, 20, 18, 2, 20, 2, 14, 13, 13, 18, 2, 9, 19, 18, 12, 2, 6, 17, 3, 8, 8, 13, 11, 9, 18, 6],
[15, 14, 18, 13, 10, 17, 13, 7, 19, 13, 9, 12, 6, 2, 10, 7, 10, 8, 4, 1, 9, 10, 18, 12, 18, 5, 5, 8, 14, 3, 13, 9, 16, 11, 1, 6, 7, 14, 13, 5, 6, 2, 17, 11, 3],
[6, 18, 12, 14, 1, 13, 3, 11, 10, 14, 8, 15, 19, 15, 8, 1, 8, 17, 17, 18, 17, 2, 5, 11, 15, 9, 16, 16, 6, 7, 18, 12, 4, 10, 5, 5, 2, 8, 15, 12, 1, 3, 6, 20, 18],
[14, 20, 6, 10, 17, 4, 7, 19, 8, 17, 13, 17, 13, 8, 2, 19, 6, 13, 2, 15, 18, 7, 16, 5, 2, 7, 6, 4, 13, 5, 1, 7, 5, 7, 17, 1, 10, 3, 19, 18, 20, 11, 14, 13, 19]]
,
[[15, 11, 4, 8, 13, 18, 5, 19, 14, 10, 20, 1, 15, 4, 14, 19, 5, 20, 4, 11, 17, 4, 1, 19, 3, 18, 19, 13, 11, 11, 12, 6, 2, 16, 14, 15, 13, 19, 14, 7, 8, 14, 7, 2, 17],
[1, 1, 1, 20, 4, 12, 16, 8, 12, 15, 10, 10, 14, 3, 20, 5, 15, 6, 7, 10, 19, 1, 3, 17, 14, 9, 4, 8, 16, 6, 4, 16, 7, 5, 16, 10, 17, 12, 18, 9, 7, 8, 18, 20, 10],
[18, 5, 4, 3, 11, 14, 2, 12, 16, 18, 6, 4, 2, 13, 20, 8, 17, 15, 14, 1, 11, 4, 18, 2, 1, 6, 8, 8, 3, 8, 18, 20, 12, 2, 3, 2, 15, 4, 13, 11, 2, 18, 14, 4, 11],
[13, 11, 7, 8, 5, 8, 18, 8, 5, 20, 9, 10, 7, 17, 13, 15, 14, 13, 6, 16, 16, 8, 11, 19, 1, 1, 1, 19, 15, 5, 9, 8, 16, 15, 15, 20, 3, 13, 8, 7, 13, 16, 17, 20, 12],
[10, 14, 6, 2, 19, 1, 17, 7, 12, 16, 8, 12, 17, 6, 6, 1, 15, 13, 16, 10, 8, 16, 12, 1, 3, 18, 13, 18, 15, 13, 9, 4, 6, 15, 5, 5, 16, 2, 11, 7, 18, 18, 18, 14, 4],
[4, 14, 19, 17, 10, 8, 5, 5, 19, 6, 7, 17, 19, 4, 12, 11, 13, 15, 16, 7, 20, 1, 2, 2, 12, 9, 19, 9, 6, 12, 13, 10, 6, 11, 7, 15, 19, 12, 20, 18, 17, 6, 15, 15, 10],
[6, 6, 2, 20, 2, 9, 20, 2, 11, 1, 13, 19, 19, 2, 5, 11, 15, 15, 17, 5, 1, 12, 3, 12, 11, 20, 9, 16, 14, 4, 6, 20, 9, 8, 20, 11, 16, 19, 12, 7, 19, 5, 5, 18, 6],
[9, 9, 20, 4, 5, 5, 4, 16, 8, 16, 6, 8, 5, 2, 2, 8, 7, 1, 17, 14, 20, 7, 10, 18, 19, 16, 17, 3, 1, 14, 9, 10, 2, 8, 13, 6, 12, 17, 2, 19, 13, 7, 6, 17, 9],
[7, 5, 16, 8, 1, 10, 7, 8, 19, 5, 7, 15, 1, 10, 16, 14, 18, 5, 16, 5, 18, 2, 17, 14, 3, 16, 6, 10, 2, 3, 19, 9, 7, 14, 16, 8, 3, 2, 16, 2, 6, 2, 17, 6, 11],
[12, 20, 9, 16, 16, 13, 14, 18, 10, 7, 1, 5, 13, 11, 6, 15, 9, 14, 2, 2, 9, 10, 5, 11, 5, 6, 17, 7, 3, 3, 18, 14, 3, 6, 10, 18, 19, 3, 15, 8, 10, 15, 12, 3, 5],
[17, 18, 14, 11, 19, 16, 19, 8, 20, 10, 13, 6, 6, 19, 8, 8, 17, 1, 10, 2, 11, 8, 20, 14, 2, 7, 3, 17, 18, 5, 2, 15, 2, 15, 5, 1, 10, 4, 9, 10, 13, 1, 15, 19, 20],
[3, 7, 16, 4, 16, 17, 14, 3, 17, 7, 5, 3, 10, 2, 1, 15, 4, 16, 17, 19, 1, 18, 9, 4, 6, 18, 17, 7, 13, 16, 6, 15, 2, 2, 19, 17, 18, 13, 20, 15, 20, 5, 18, 9, 7],
[18, 4, 10, 14, 20, 8, 14, 17, 17, 18, 3, 14, 14, 9, 7, 9, 15, 2, 10, 16, 20, 7, 14, 12, 7, 8, 11, 12, 5, 20, 18, 3, 3, 7, 16, 2, 15, 10, 19, 11, 7, 1, 5, 1, 9],
[11, 9, 4, 12, 19, 19, 12, 6, 12, 4, 13, 19, 14, 4, 4, 14, 1, 6, 16, 8, 2, 18, 3, 11, 17, 14, 17, 17, 18, 17, 6, 9, 6, 9, 1, 5, 8, 13, 11, 19, 16, 3, 18, 9, 6],
[2, 3, 6, 8, 18, 14, 9, 16, 16, 20, 12, 9, 17, 9, 7, 13, 14, 16, 19, 3, 16, 4, 10, 9, 14, 9, 4, 17, 6, 13, 2, 7, 15, 8, 14, 13, 1, 3, 8, 17, 2, 20, 5, 18, 8],
[12, 11, 2, 7, 10, 4, 3, 14, 14, 11, 7, 2, 15, 4, 8, 7, 5, 15, 1, 13, 9, 13, 14, 11, 1, 10, 13, 20, 15, 11, 7, 7, 2, 8, 13, 12, 12, 16, 5, 6, 7, 11, 8, 1, 15],
[16, 7, 19, 10, 7, 12, 19, 20, 5, 9, 20, 15, 2, 19, 10, 13, 6, 16, 14, 14, 8, 5, 5, 4, 9, 11, 10, 20, 18, 10, 14, 14, 17, 13, 3, 4, 5, 1, 3, 9, 10, 3, 4, 12, 1],
[13, 4, 7, 8, 17, 20, 16, 2, 4, 19, 11, 15, 9, 11, 13, 19, 4, 6, 16, 17, 9, 19, 2, 9, 2, 10, 19, 4, 14, 10, 5, 6, 14, 11, 14, 11, 10, 9, 12, 14, 8, 3, 8, 17, 13],
[20, 16, 17, 6, 11, 14, 14, 9, 15, 3, 10, 5, 1, 14, 18, 11, 18, 4, 5, 9, 17, 15, 18, 6, 7, 12, 14, 9, 19, 10, 1, 19, 5, 18, 4, 16, 11, 17, 4, 5, 20, 14, 9, 20, 7],
[7, 11, 5, 10, 15, 14, 7, 9, 11, 12, 16, 3, 6, 4, 1, 16, 5, 20, 20, 2, 4, 15, 12, 1, 19, 17, 20, 13, 5, 19, 19, 11, 10, 4, 1, 5, 17, 7, 13, 8, 18, 9, 10, 4, 12],
[11, 19, 16, 10, 18, 18, 13, 13, 10, 13, 12, 6, 13, 4, 10, 11, 3, 1, 1, 7, 1, 5, 3, 7, 18, 11, 5, 6, 1, 8, 18, 11, 6, 14, 1, 4, 11, 14, 17, 20, 7, 9, 5, 19, 12],
[15, 10, 14, 16, 10, 20, 17, 14, 3, 4, 12, 14, 8, 17, 14, 16, 14, 5, 2, 8, 5, 6, 18, 18, 2, 18, 5, 10, 3, 3, 2, 18, 12, 16, 13, 2, 16, 9, 16, 19, 12, 7, 12, 20, 4],
[6, 16, 18, 10, 18, 5, 14, 3, 2, 12, 5, 20, 16, 15, 2, 19, 16, 19, 10, 12, 12, 12, 7, 1, 7, 5, 12, 14, 17, 12, 17, 2, 8, 14, 11, 5, 19, 4, 7, 1, 16, 12, 20, 11, 6],
[2, 9, 2, 20, 19, 13, 11, 11, 19, 11, 17, 4, 3, 10, 20, 15, 7, 1, 3, 1, 11, 7, 19, 15, 14, 19, 10, 5, 19, 1, 11, 20, 10, 12, 19, 9, 5, 10, 19, 4, 1, 16, 7, 4, 6],
[7, 19, 12, 7, 1, 12, 18, 8, 11, 12, 1, 10, 2, 6, 8, 2, 16, 7, 12, 8, 6, 20, 12, 15, 18, 16, 16, 13, 2, 20, 18, 9, 18, 10, 16, 19, 2, 13, 6, 13, 5, 6, 2, 6, 11],
[9, 8, 7, 15, 19, 14, 1, 18, 6, 16, 16, 1, 11, 9, 3, 11, 7, 12, 8, 16, 7, 6, 18, 19, 11, 10, 4, 17, 11, 9, 8, 20, 17, 14, 15, 15, 8, 15, 13, 14, 10, 8, 15, 1, 16],
[18, 11, 2, 9, 19, 18, 15, 5, 15, 14, 15, 5, 17, 12, 15, 6, 19, 14, 2, 13, 9, 17, 20, 3, 9, 14, 12, 17, 9, 13, 12, 6, 3, 14, 15, 2, 12, 9, 6, 7, 3, 20, 11, 20, 12],
[6, 5, 10, 20, 7, 2, 8, 3, 2, 10, 12, 16, 2, 8, 4, 14, 20, 10, 17, 14, 4, 19, 5, 12, 4, 11, 15, 4, 1, 14, 15, 7, 18, 5, 6, 4, 7, 13, 7, 9, 3, 18, 4, 4, 5],
[8, 18, 5, 17, 15, 18, 20, 13, 2, 12, 17, 12, 6, 20, 13, 19, 14, 19, 17, 18, 5, 1, 5, 17, 7, 13, 19, 5, 16, 3, 10, 4, 1, 14, 20, 16, 11, 19, 9, 12, 10, 5, 4, 16, 4],
[16, 15, 18, 15, 11, 16, 19, 12, 20, 16, 19, 12, 15, 3, 8, 18, 12, 11, 18, 5, 10, 14, 16, 9, 2, 7, 19, 7, 10, 14, 10, 6, 9, 8, 1, 20, 3, 20, 11, 2, 15, 9, 14, 10, 12],
[2, 7, 4, 12, 5, 9, 2, 18, 4, 11, 20, 11, 9, 6, 20, 3, 16, 6, 11, 3, 7, 11, 6, 6, 1, 8, 1, 10, 2, 11, 2, 3, 17, 5, 15, 2, 13, 16, 20, 17, 7, 19, 7, 16, 5],
[7, 18, 1, 13, 9, 4, 19, 19, 9, 5, 20, 17, 6, 10, 18, 16, 11, 20, 12, 15, 14, 14, 8, 10, 13, 4, 17, 12, 11, 12, 16, 17, 10, 17, 9, 19, 20, 8, 18, 9, 12, 17, 6, 17, 6],
[3, 13, 16, 3, 5, 11, 17, 18, 19, 7, 10, 3, 3, 1, 13, 14, 17, 10, 3, 13, 19, 2, 13, 6, 19, 2, 18, 16, 7, 15, 1, 9, 7, 17, 12, 11, 8, 8, 8, 6, 14, 18, 8, 16, 19],
[1, 10, 15, 10, 13, 8, 8, 14, 1, 14, 12, 2, 11, 7, 9, 5, 8, 18, 12, 4, 9, 3, 12, 16, 11, 17, 10, 8, 5, 5, 6, 5, 15, 1, 14, 7, 9, 1, 20, 9, 14, 12, 11, 5, 18],
[19, 10, 5, 17, 1, 9, 5, 4, 1, 1, 14, 17, 10, 2, 1, 15, 7, 6, 9, 8, 19, 16, 16, 20, 15, 4, 14, 6, 15, 18, 4, 13, 8, 9, 10, 9, 17, 14, 12, 18, 15, 5, 14, 5, 6],
[15, 20, 13, 20, 9, 20, 19, 4, 15, 19, 18, 19, 12, 4, 13, 10, 7, 6, 17, 15, 15, 5, 12, 9, 17, 9, 4, 1, 3, 9, 7, 17, 8, 19, 17, 16, 19, 16, 20, 14, 14, 18, 12, 5, 1],
[5, 15, 8, 10, 12, 2, 5, 17, 14, 14, 13, 2, 17, 14, 5, 5, 20, 2, 13, 19, 18, 9, 18, 13, 8, 11, 7, 5, 3, 11, 6, 7, 6, 13, 17, 17, 15, 2, 13, 8, 15, 5, 10, 12, 18],
[15, 16, 18, 16, 8, 17, 14, 16, 14, 7, 4, 4, 13, 8, 7, 4, 14, 13, 9, 6, 10, 5, 1, 11, 17, 9, 5, 2, 19, 16, 20, 13, 12, 18, 8, 20, 14, 1, 15, 7, 7, 18, 11, 20, 6],
[17, 3, 19, 10, 11, 5, 19, 15, 6, 9, 12, 14, 14, 13, 13, 10, 13, 5, 2, 10, 12, 1, 3, 13, 16, 10, 20, 14, 20, 19, 19, 16, 1, 18, 5, 11, 3, 4, 6, 9, 12, 17, 2, 6, 10],
[14, 16, 2, 19, 17, 11, 11, 18, 14, 3, 13, 3, 2, 6, 2, 1, 5, 18, 1, 3, 3, 11, 6, 6, 17, 14, 18, 13, 16, 3, 2, 10, 19, 3, 8, 15, 14, 18, 13, 7, 1, 5, 10, 2, 10],
[11, 3, 15, 9, 3, 17, 11, 14, 2, 16, 10, 15, 13, 2, 11, 16, 4, 20, 14, 7, 7, 9, 20, 5, 1, 7, 5, 6, 16, 7, 15, 7, 9, 10, 15, 11, 6, 5, 5, 8, 1, 14, 3, 13, 16],
[13, 9, 19, 12, 3, 6, 19, 11, 6, 3, 12, 12, 8, 17, 8, 14, 12, 15, 2, 1, 10, 13, 7, 15, 17, 14, 15, 11, 16, 8, 6, 9, 16, 5, 1, 18, 10, 19, 9, 16, 2, 20, 8, 10, 16],
[15, 3, 8, 10, 5, 8, 19, 17, 14, 13, 14, 8, 7, 4, 3, 15, 10, 12, 10, 15, 12, 8, 5, 10, 16, 20, 12, 16, 7, 1, 12, 2, 4, 19, 12, 8, 6, 10, 5, 20, 3, 19, 7, 10, 2],
[10, 4, 12, 1, 14, 7, 12, 1, 11, 2, 16, 11, 13, 11, 17, 14, 2, 19, 17, 1, 10, 5, 7, 20, 9, 6, 2, 7, 12, 12, 9, 2, 15, 1, 2, 8, 7, 13, 8, 17, 15, 4, 7, 8, 15],
[4, 1, 17, 3, 18, 17, 13, 2, 3, 12, 11, 9, 14, 18, 1, 5, 6, 2, 19, 7, 3, 7, 13, 16, 15, 10, 10, 18, 17, 17, 13, 1, 18, 9, 3, 15, 6, 15, 17, 9, 7, 7, 17, 20, 4]]
,
[[17, 5, 10, 19, 4, 16, 2, 10, 8, 17, 4, 18, 7, 2, 14, 4, 15, 14, 1, 4, 17, 16, 9, 11, 12, 18, 18, 19, 14, 18, 2, 11, 2, 12, 9, 5, 7, 10, 15, 15, 7, 19, 12, 14, 20],
[6, 17, 14, 20, 18, 18, 16, 13, 6, 7, 5, 3, 4, 3, 17, 1, 5, 8, 3, 16, 16, 7, 3, 6, 2, 17, 13, 20, 9, 6, 19, 15, 3, 13, 14, 20, 10, 10, 13, 16, 16, 18, 19, 20, 1],
[15, 1, 5, 2, 3, 1, 18, 10, 3, 4, 11, 20, 17, 10, 9, 2, 9, 3, 5, 2, 17, 5, 12, 6, 17, 7, 2, 15, 6, 1, 15, 20, 1, 19, 2, 3, 20, 20, 12, 3, 4, 2, 2, 20, 12],
[11, 2, 20, 14, 6, 1, 10, 10, 12, 16, 7, 19, 17, 1, 4, 17, 15, 4, 18, 14, 6, 20, 13, 5, 12, 16, 8, 14, 17, 8, 5, 8, 9, 4, 1, 14, 5, 10, 4, 17, 5, 10, 15, 2, 11],
[19, 18, 5, 2, 15, 19, 8, 15, 12, 12, 7, 7, 20, 20, 4, 8, 5, 11, 16, 9, 11, 10, 13, 1, 13, 9, 6, 3, 4, 7, 13, 2, 5, 18, 4, 20, 16, 11, 15, 7, 3, 1, 14, 3, 1],
[17, 10, 5, 7, 6, 13, 18, 15, 6, 18, 8, 15, 4, 11, 18, 10, 4, 20, 15, 2, 4, 14, 18, 15, 8, 5, 18, 9, 18, 20, 9, 14, 10, 13, 1, 16, 6, 18, 11, 11, 16, 19, 5, 20, 9],
[3, 10, 13, 2, 4, 14, 5, 18, 11, 20, 6, 15, 17, 14, 12, 17, 2, 6, 6, 15, 6, 1, 20, 4, 12, 11, 20, 10, 15, 19, 19, 17, 8, 11, 19, 11, 4, 4, 8, 15, 3, 14, 10, 19, 7],
[2, 15, 9, 7, 1, 4, 13, 2, 4, 16, 13, 14, 16, 2, 9, 14, 20, 6, 1, 11, 4, 12, 15, 7, 20, 9, 10, 13, 19, 8, 19, 20, 3, 8, 6, 4, 11, 19, 5, 14, 15, 18, 7, 10, 19],
[15, 3, 19, 20, 4, 9, 4, 15, 3, 11, 14, 12, 20, 6, 10, 8, 5, 9, 10, 12, 15, 13, 2, 13, 18, 15, 7, 15, 2, 17, 14, 17, 19, 12, 17, 3, 1, 20, 17, 4, 10, 11, 15, 9, 16],
[5, 16, 20, 13, 6, 12, 8, 19, 13, 1, 16, 8, 8, 10, 9, 4, 3, 6, 3, 15, 2, 5, 15, 1, 1, 18, 11, 11, 13, 19, 7, 17, 15, 7, 10, 20, 18, 18, 18, 11, 18, 14, 19, 5, 4],
[8, 8, 6, 13, 11, 1, 14, 15, 16, 15, 16, 14, 5, 7, 6, 3, 13, 3, 17, 20, 13, 17, 18, 10, 15, 9, 7, 8, 7, 12, 11, 14, 20, 17, 6, 10, 18, 19, 5, 13, 13, 20, 6, 17, 6],
[12, 20, 19, 15, 17, 19, 7, 14, 16, 17, 8, 5, 4, 16, 11, 15, 7, 5, 14, 4, 10, 4, 1, 9, 8, 14, 2, 7, 20, 19, 13, 11, 19, 12, 6, 15, 10, 13, 9, 6, 9, 17, 10, 12, 12],
[1, 7, 19, 5, 20, 3, 14, 4, 3, 3, 11, 17, 5, 17, 16, 3, 10, 7, 1, 1, 13, 16, 11, 5, 5, 16, 13, 1, 6, 5, 13, 6, 11, 11, 10, 11, 14, 4, 14, 17, 7, 4, 13, 11, 1],
[9, 14, 10, 15, 15, 10, 7, 10, 20, 12, 15, 16, 4, 15, 1, 8, 7, 7, 18, 18, 16, 8, 11, 20, 2, 7, 6, 5, 19, 17, 5, 8, 10, 15, 2, 4, 4, 9, 14, 4, 20, 8, 20, 4, 2],
[1, 12, 9, 7, 10, 6, 2, 18, 17, 2, 19, 3, 8, 3, 2, 4, 8, 9, 13, 2, 11, 16, 6, 20, 10, 10, 20, 17, 9, 3, 19, 9, 14, 7, 15, 4, 13, 17, 1, 9, 18, 19, 12, 6, 2],
[14, 9, 9, 3, 1, 10, 13, 17, 15, 13, 7, 4, 12, 3, 13, 15, 2, 1, 9, 9, 16, 12, 1, 12, 12, 10, 10, 11, 2, 15, 12, 16, 4, 20, 18, 4, 10, 11, 1, 4, 3, 7, 8, 14, 10],
[20, 9, 11, 20, 17, 19, 15, 8, 20, 7, 20, 10, 17, 10, 11, 12, 1, 7, 15, 1, 4, 19, 10, 14, 20, 14, 16, 7, 1, 10, 16, 20, 18, 7, 20, 14, 6, 15, 2, 5, 1, 1, 15, 18, 10],
[6, 10, 11, 12, 4, 11, 15, 3, 1, 8, 3, 14, 4, 9, 14, 14, 4, 13, 12, 11, 12, 6, 16, 6, 7, 1, 7, 7, 15, 5, 17, 20, 14, 8, 12, 18, 18, 6, 1, 19, 14, 3, 12, 18, 11],
[6, 11, 15, 19, 2, 5, 11, 7, 20, 17, 14, 1, 4, 20, 15, 8, 17, 15, 2, 4, 7, 20, 2, 12, 20, 20, 6, 2, 12, 3, 12, 17, 14, 7, 16, 15, 11, 6, 2, 11, 2, 15, 11, 6, 15],
[6, 13, 12, 1, 15, 15, 7, 14, 17, 19, 13, 16, 4, 14, 8, 7, 6, 4, 20, 12, 19, 15, 3, 5, 17, 14, 7, 12, 5, 12, 6, 11, 5, 17, 11, 19, 12, 18, 12, 8, 17, 4, 4, 1, 18],
[11, 8, 4, 15, 7, 16, 14, 2, 18, 18, 19, 11, 4, 10, 15, 16, 16, 5, 20, 13, 16, 18, 4, 14, 9, 12, 11, 13, 15, 11, 11, 6, 18, 14, 20, 5, 9, 13, 7, 7, 10, 5, 18, 14, 14],
[12, 9, 10, 17, 8, 2, 13, 6, 6, 7, 14, 17, 17, 7, 12, 7, 17, 17, 5, 11, 17, 9, 19, 9, 15, 5, 19, 19, 2, 13, 13, 14, 1, 2, 11, 9, 3, 4, 14, 8, 10, 8, 5, 6, 15],
[17, 13, 11, 13, 17, 1, 10, 5, 20, 18, 20, 5, 17, 18, 7, 9, 10, 1, 9, 12, 12, 18, 14, 15, 12, 2, 4, 19, 7, 10, 14, 3, 3, 5, 16, 19, 6, 5, 4, 5, 2, 3, 10, 18, 1],
[16, 7, 11, 17, 15, 2, 8, 13, 16, 2, 4, 18, 6, 3, 4, 16, 16, 6, 18, 20, 1, 17, 5, 6, 1, 10, 8, 4, 19, 6, 4, 15, 12, 15, 12, 7, 16, 19, 19, 12, 1, 2, 9, 7, 5],
[12, 2, 20, 18, 20, 20, 18, 17, 5, 4, 17, 15, 11, 1, 13, 16, 4, 8, 7, 18, 19, 13, 14, 18, 12, 5, 18, 14, 13, 4, 18, 5, 6, 18, 2, 5, 18, 20, 2, 2, 3, 19, 16, 13, 19],
[9, 9, 3, 17, 16, 1, 15, 9, 14, 12, 20, 19, 10, 13, 12, 13, 11, 16, 19, 8, 17, 4, 6, 17, 5, 7, 19, 4, 3, 12, 2, 12, 20, 5, 8, 15, 5, 3, 3, 19, 15, 3, 18, 4, 16],
[9, 17, 6, 5, 15, 14, 1, 18, 19, 18, 2, 6, 16, 6, 8, 7, 7, 19, 7, 11, 7, 1, 16, 9, 4, 14, 3, 7, 11, 6, 2, 20, 2, 7, 4, 17, 20, 5, 14, 19, 2, 16, 4, 17, 1],
[11, 4, 8, 10, 10, 19, 16, 11, 14, 4, 15, 8, 6, 1, 19, 12, 2, 19, 14, 9, 2, 10, 9, 6, 4, 7, 8, 19, 10, 5, 20, 1, 8, 7, 10, 18, 6, 6, 8, 19, 9, 2, 7, 15, 3],
[6, 7, 4, 4, 20, 12, 6, 10, 20, 12, 13, 7, 19, 12, 16, 3, 11, 16, 11, 18, 6, 8, 3, 11, 16, 2, 20, 18, 9, 14, 20, 14, 1, 4, 18, 20, 16, 3, 9, 16, 14, 2, 2, 12, 13],
[17, 15, 3, 13, 5, 20, 18, 13, 3, 9, 9, 4, 8, 6, 12, 2, 6, 6, 2, 10, 3, 1, 5, 6, 10, 20, 19, 12, 2, 11, 4, 19, 6, 6, 11, 10, 6, 9, 3, 8, 17, 11, 12, 5, 17],
[4, 6, 3, 9, 7, 13, 12, 8, 17, 17, 18, 17, 16, 9, 18, 6, 12, 16, 12, 18, 7, 2, 4, 15, 4, 12, 12, 15, 3, 16, 12, 6, 1, 15, 15, 8, 7, 6, 15, 4, 3, 13, 1, 18, 1],
[18, 4, 13, 14, 15, 10, 1, 16, 14, 16, 20, 5, 7, 14, 8, 3, 6, 13, 4, 20, 8, 11, 7, 14, 6, 10, 16, 18, 10, 14, 19, 8, 17, 11, 2, 12, 1, 2, 8, 14, 17, 7, 18, 4, 1],
[5, 6, 6, 18, 9, 6, 6, 19, 13, 19, 5, 3, 15, 3, 12, 8, 1, 20, 5, 12, 2, 17, 12, 3, 4, 5, 20, 10, 3, 3, 10, 8, 9, 16, 5, 17, 1, 11, 16, 14, 9, 1, 16, 4, 3],
[8, 11, 3, 7, 16, 14, 8, 12, 6, 11, 15, 11, 11, 5, 13, 13, 14, 1, 1, 9, 6, 18, 10, 16, 14, 3, 5, 14, 18, 8, 16, 5, 19, 19, 12, 15, 12, 20, 6, 18, 11, 1, 8, 1, 5],
[1, 14, 19, 1, 14, 8, 6, 12, 17, 2, 5, 20, 6, 19, 18, 13, 14, 3, 12, 12, 14, 6, 4, 14, 11, 1, 4, 12, 9, 4, 16, 9, 17, 15, 9, 11, 2, 15, 3, 19, 16, 7, 18, 1, 6],
[16, 14, 19, 18, 5, 11, 11, 10, 15, 4, 1, 15, 8, 13, 4, 11, 9, 12, 7, 3, 1, 18, 4, 15, 20, 2, 11, 7, 20, 12, 12, 15, 5, 11, 12, 10, 2, 3, 20, 16, 7, 1, 11, 14, 13],
[14, 5, 1, 5, 12, 4, 6, 9, 7, 1, 9, 9, 11, 15, 8, 2, 6, 3, 7, 17, 15, 17, 18, 17, 16, 13, 4, 16, 3, 18, 9, 17, 2, 9, 2, 14, 12, 7, 2, 19, 7, 10, 8, 17, 5],
[15, 19, 11, 18, 6, 7, 12, 2, 4, 9, 18, 17, 13, 13, 20, 10, 2, 16, 12, 11, 17, 5, 3, 3, 7, 1, 10, 17, 8, 7, 1, 3, 5, 12, 1, 10, 18, 12, 12, 2, 1, 9, 18, 13, 2],
[17, 3, 3, 12, 14, 13, 9, 19, 15, 12, 6, 16, 1, 2, 3, 7, 3, 6, 12, 14, 6, 1, 12, 18, 13, 13, 19, 1, 10, 12, 2, 6, 14, 4, 18, 8, 17, 6, 7, 11, 18, 12, 7, 18, 14],
[10, 5, 16, 15, 16, 10, 1, 17, 1, 19, 9, 13, 17, 9, 2, 8, 11, 8, 2, 14, 6, 9, 11, 11, 15, 1, 9, 7, 7, 6, 20, 17, 11, 16, 11, 6, 5, 12, 2, 6, 10, 10, 18, 7, 19],
[20, 14, 9, 7, 16, 2, 12, 4, 13, 3, 19, 13, 11, 6, 20, 17, 5, 16, 7, 1, 7, 12, 5, 19, 14, 11, 8, 3, 8, 14, 2, 7, 8, 10, 14, 3, 12, 6, 7, 4, 8, 6, 17, 19, 11],
[17, 16, 16, 12, 2, 16, 19, 14, 1, 17, 8, 11, 5, 11, 19, 19, 12, 6, 7, 1, 19, 9, 12, 4, 16, 15, 12, 2, 11, 11, 13, 7, 6, 8, 19, 8, 4, 18, 2, 5, 14, 9, 16, 19, 19],
[15, 17, 10, 20, 3, 10, 18, 12, 2, 2, 7, 16, 14, 9, 7, 4, 1, 13, 10, 9, 12, 17, 13, 9, 19, 17, 3, 8, 13, 1, 6, 7, 18, 16, 7, 20, 6, 5, 11, 7, 6, 18, 3, 20, 7],
[9, 3, 7, 2, 13, 15, 14, 9, 7, 2, 8, 4, 5, 15, 17, 6, 20, 4, 3, 16, 10, 3, 1, 14, 13, 8, 20, 11, 11, 19, 17, 19, 2, 4, 1, 14, 19, 14, 3, 5, 16, 10, 9, 1, 5],
[6, 6, 5, 10, 9, 20, 19, 11, 1, 13, 4, 9, 13, 15, 19, 12, 11, 17, 13, 15, 18, 7, 13, 12, 10, 18, 7, 20, 7, 8, 4, 12, 13, 8, 1, 1, 7, 20, 12, 8, 13, 15, 16, 5, 9]]
]
