40
20
20
-2 9 -4 2 -1 8 5 -3 9 -8 3 6 2 7 1 -3 -8 -10 -6 -8 
92 -142 -142 6 30 -178 -193 111 196 152 41 -86 160 -112 -126 -133 166 24 152 142 
9 -3 -1 5 2 6 1 -8 3 3 2 -9 2 10 4 -7 8 1 3 6 
-170 -99 34 -62 195 -38 53 -128 33 134 -129 -75 193 -70 132 23 -47 139 -66 -124 
18 0 15 0 0 19 9 19 0 15 11 0 18 4 14 3 0 0 0 0 8 15 0 0 0 17 0 0 14 0 0 0 0 18 0 2 -1 0 0 
0 2 7 17 16 0 8 15 0 3 17 0 4 0 0 4 4 13 0 13 12 0 -1 0 16 10 4 0 2 0 0 2 0 6 0 16 2 4 0 
13 15 0 18 0 18 5 0 14 0 10 11 0 0 0 0 0 10 0 0 4 0 6 0 12 0 0 1 18 3 0 0 0 0 0 0 12 0 1 
0 0 0 20 0 0 3 0 12 0 0 0 0 0 5 0 15 0 9 5 16 16 4 7 0 14 0 16 0 0 1 6 8 14 0 0 0 4 0 
8 0 0 0 0 0 0 -1 0 0 0 0 19 0 0 19 0 13 0 0 0 0 0 0 7 0 0 0 6 17 3 0 19 11 11 0 16 0 0 
0 3 0 0 0 0 0 8 6 14 0 0 0 0 1 0 0 11 0 16 0 0 0 0 0 2 0 5 5 0 6 0 8 3 15 10 0 3 0 
16 11 14 3 7 0 0 0 17 17 0 0 0 0 -1 1 0 0 17 20 0 -1 1 6 0 13 0 0 0 0 1 0 0 0 0 0 0 19 -1 
0 20 8 0 10 0 0 0 0 0 9 0 0 0 19 0 0 0 0 0 0 0 10 9 14 20 0 0 18 10 6 9 18 13 2 0 8 14 0 
7 0 13 0 0 6 0 0 10 0 0 0 0 4 9 14 11 8 11 0 20 0 16 9 0 0 0 0 0 0 0 0 0 0 0 0 0 3 0 
0 20 -1 0 1 1 0 17 0 15 9 0 1 14 17 0 20 5 0 0 0 15 3 0 5 0 8 8 0 7 7 6 0 0 0 17 11 20 0 
16 0 9 0 20 19 0 16 18 0 0 0 13 0 0 0 12 0 0 0 15 0 16 0 11 0 6 0 0 0 2 0 2 0 5 0 12 0 0 
9 6 0 0 20 0 0 0 0 5 0 3 0 20 0 14 19 0 0 15 0 0 10 10 0 0 0 8 0 0 0 0 7 4 16 0 12 19 0 
5 0 0 0 11 15 15 0 10 0 14 9 7 0 16 0 19 0 0 0 0 3 -1 0 0 14 0 0 0 4 8 0 0 0 0 0 0 0 2 
0 0 0 0 0 0 0 6 0 17 2 0 0 0 5 -1 0 0 4 0 0 5 8 0 1 0 0 13 0 0 0 -1 0 0 0 0 -1 12 0 
20 0 20 0 0 9 0 5 11 0 0 -1 0 0 0 0 0 8 20 1 0 0 0 0 0 0 16 14 0 0 3 0 4 0 0 0 10 0 0 
12 0 14 3 8 5 20 0 0 0 1 0 0 0 16 0 20 0 0 2 7 20 0 10 18 0 0 0 18 0 4 0 4 0 6 0 4 0 11 
8 0 9 20 0 20 8 0 0 0 0 0 7 16 0 0 0 6 0 15 14 0 0 2 5 0 0 0 0 19 0 19 0 9 1 -1 8 3 0 
0 12 12 0 3 0 0 14 0 17 0 0 0 0 7 19 16 -1 0 0 7 0 5 0 0 19 0 -1 0 8 13 4 0 0 0 1 7 0 4 
0 17 0 4 0 11 0 11 0 0 0 16 1 0 17 0 20 0 0 0 6 16 0 0 -1 4 0 20 14 0 14 18 15 7 0 0 0 0 1 
0 12 0 0 11 18 0 0 0 0 3 9 0 0 0 0 13 0 0 0 0 0 0 8 13 13 0 14 0 0 15 0 -1 0 0 0 0 0 0 
13 8 7 5 19 -1 20 3 7 6 16 9 1 19 11 18 3 12 2 4 
94 79 59 73 84 73 53 79 66 100 71 56 56 95 59 75 55 75 88 85 84 81 57 63 100 90 50 89 84 76 79 77 79 88 100 87 60 78 66 
