80
40
40
8 -7 -2 -9 5 10 5 3 -2 -0 7 -5 8 9 9 -10 -10 -3 -9 -5 -8 10 3 4 -3 5 -9 -3 -5 -3 2 -5 3 10 -4 -2 10 -7 -9 -0 
144 157 83 178 -113 -111 135 -41 -189 -72 -37 -82 -48 164 192 -58 -0 -150 155 -8 12 148 54 -20 175 13 2 -24 -54 -138 34 -110 147 -84 195 -167 -67 130 -7 -55 
6 -10 5 3 -9 6 6 -6 -7 10 -1 -2 10 -8 -8 -4 9 -4 6 -6 4 -2 -0 -1 -0 9 8 1 -6 -9 -9 10 -7 7 5 -5 5 3 -1 9 
185 83 -10 -63 -26 -18 7 175 33 -39 -33 173 -91 -179 -47 -189 -38 82 -12 108 145 -179 126 91 -62 48 52 -1 -23 173 144 -111 -17 -66 -46 158 117 162 132 -123 
4 0 0 3 0 0 18 8 0 -1 12 0 8 0 0 10 0 0 15 11 5 15 0 15 0 0 13 0 0 0 0 0 0 0 0 0 0 0 2 0 14 8 0 0 5 1 0 10 0 0 0 0 0 0 0 10 4 3 19 0 0 0 0 0 0 0 3 12 15 0 0 1 0 13 0 0 0 3 0 
6 12 5 18 0 0 17 0 14 0 4 0 7 10 20 9 17 0 14 0 0 0 8 0 0 3 8 0 0 9 14 0 15 2 15 6 0 0 0 13 9 0 7 -1 0 11 7 0 1 0 4 0 0 0 10 17 0 0 13 20 13 -1 0 0 4 11 0 0 14 0 9 0 5 9 0 0 0 0 2 
0 0 0 0 0 0 0 0 13 -1 0 13 0 6 7 -1 0 0 14 10 6 0 1 0 0 3 15 5 1 14 0 -1 3 18 0 0 0 0 3 12 0 0 0 0 19 0 11 0 0 0 0 12 3 4 0 15 5 0 15 0 0 0 0 0 0 20 11 0 0 0 13 0 0 0 1 1 0 0 0 
1 7 0 0 20 0 0 0 2 0 0 0 0 6 0 0 14 17 5 15 0 0 15 20 20 11 9 0 0 0 0 0 0 0 14 0 0 0 0 0 0 10 0 0 0 0 19 0 20 0 0 7 0 0 0 0 0 0 0 -1 8 5 0 0 1 0 8 16 11 14 0 0 0 0 0 0 14 0 4 
0 -1 -1 15 0 0 0 8 14 0 0 10 0 0 8 20 0 11 0 0 0 0 19 6 7 17 0 12 16 0 1 0 4 4 0 0 0 0 0 0 0 1 0 0 0 8 0 10 0 0 17 15 14 0 0 1 0 5 16 16 8 0 17 0 0 0 0 1 0 0 3 20 -1 11 0 5 20 0 0 
6 8 -1 0 0 7 2 13 9 2 0 10 4 0 20 5 17 0 1 0 0 0 0 20 0 17 0 16 2 0 10 0 -1 0 0 10 0 0 9 9 0 12 0 0 0 20 1 0 0 0 0 0 18 0 0 2 0 9 0 0 16 0 10 1 7 0 0 0 8 1 16 0 0 -1 0 8 0 20 0 
8 0 0 6 0 17 20 0 7 0 7 7 8 0 15 0 0 0 19 4 1 0 3 18 6 0 2 19 0 0 0 0 14 0 0 7 0 7 -1 -1 0 0 18 9 0 0 0 0 0 1 7 5 5 2 16 0 17 16 0 0 0 4 0 0 1 8 0 18 19 0 0 4 18 0 8 0 0 0 0 
12 0 0 -1 4 0 18 10 8 4 0 0 8 0 0 0 0 6 0 0 1 18 0 15 3 0 0 0 16 0 -1 0 7 15 20 0 0 0 20 0 15 0 0 0 0 0 7 0 0 18 0 18 5 0 0 0 0 -1 13 0 9 0 0 11 17 0 0 0 7 18 0 16 0 -1 0 5 4 20 0 
14 0 8 0 14 8 0 6 19 16 0 12 4 6 12 0 -1 2 0 3 0 0 19 0 0 9 10 17 0 0 0 0 0 0 15 6 19 0 0 0 11 0 5 0 0 3 5 0 0 0 0 0 0 7 16 0 5 0 12 0 0 1 0 0 19 0 15 0 0 0 17 -1 17 0 5 0 10 0 0 
-1 -1 8 20 0 0 0 0 -1 -1 15 12 0 13 7 0 0 0 7 0 7 0 0 0 0 0 0 0 0 0 0 14 4 0 8 -1 0 0 0 19 0 4 0 0 0 0 2 0 14 0 0 6 15 0 0 0 19 0 0 17 15 1 0 0 0 0 7 0 0 0 0 0 0 0 6 0 0 2 19 
7 0 0 11 5 0 0 13 18 2 0 0 0 0 0 0 0 0 0 15 0 0 0 0 8 13 12 18 4 0 0 0 4 0 0 0 17 8 14 0 0 9 0 10 0 0 0 0 0 0 0 4 0 8 0 15 18 0 7 0 -1 0 0 0 0 0 0 0 -1 0 -1 0 12 0 11 14 11 6 0 
13 15 0 0 0 0 0 5 0 0 0 5 16 4 12 15 0 0 0 0 0 0 17 10 0 0 0 20 0 0 15 0 12 9 0 0 0 10 6 8 -1 17 9 0 14 3 3 0 0 5 13 2 4 3 12 0 0 0 0 0 14 19 17 3 17 -1 0 0 0 0 0 4 0 9 0 0 19 2 14 
17 12 0 4 2 16 12 0 0 0 0 0 7 0 5 0 11 13 0 0 20 0 0 4 9 0 0 19 0 9 10 6 3 0 0 10 20 0 0 0 1 0 0 12 0 0 5 0 0 13 0 0 0 0 0 19 0 0 0 20 0 9 4 11 5 10 11 8 0 3 12 0 0 3 0 14 0 7 0 
14 10 10 0 19 5 7 0 9 0 6 18 13 0 0 14 15 0 0 0 14 11 0 0 2 0 12 13 1 0 0 9 0 3 13 0 6 0 19 0 13 0 0 17 -1 -1 11 0 18 10 0 13 3 0 0 5 12 19 0 0 10 0 3 20 0 13 -1 0 -1 20 8 9 0 16 0 16 0 7 2 
0 8 0 0 0 2 0 1 0 0 0 5 15 8 2 12 0 9 0 13 5 -1 0 0 0 0 0 0 0 0 -1 18 0 19 19 0 0 2 0 0 10 1 0 0 0 19 10 3 0 0 0 20 0 0 0 0 0 11 0 0 0 19 0 0 17 0 0 0 1 1 0 0 0 0 20 0 0 2 1 
-1 2 0 0 0 16 0 0 0 0 3 0 1 0 11 0 0 15 7 0 19 6 0 0 0 16 8 0 8 14 0 2 0 16 0 14 0 16 9 19 5 0 0 0 0 14 0 0 0 0 0 0 14 0 8 0 0 0 0 0 0 19 16 8 0 0 -1 3 8 0 18 9 0 8 0 0 0 7 12 
19 15 0 6 0 0 4 6 0 19 0 11 6 17 0 8 0 0 5 17 0 0 0 0 3 14 7 0 0 0 5 0 0 0 6 0 15 16 0 0 3 12 19 0 0 0 0 0 12 0 0 18 0 0 16 5 0 0 0 0 15 1 0 0 4 4 0 0 0 0 0 0 0 6 11 12 0 0 10 
5 20 0 10 0 0 0 11 0 0 4 15 0 0 4 6 0 19 0 0 13 8 17 1 2 0 0 15 0 0 1 19 0 0 0 0 1 0 18 15 19 0 19 7 11 8 12 10 0 6 9 0 0 10 0 0 0 -1 18 0 0 0 15 0 0 0 0 2 0 2 0 0 0 10 0 17 6 12 0 
0 1 0 5 0 0 0 0 0 -1 -1 0 0 0 9 0 14 0 0 15 0 0 -1 0 0 15 0 9 11 5 16 0 16 0 1 5 15 15 0 0 0 0 3 14 4 0 0 5 0 9 0 12 0 6 17 0 5 7 0 5 -1 0 13 0 0 -1 0 10 0 14 1 12 12 0 11 11 13 0 0 
7 0 14 0 16 0 15 2 18 8 16 0 14 0 8 13 0 12 0 14 3 12 0 3 0 18 6 9 0 0 14 3 0 0 8 17 17 4 0 -1 14 17 0 0 18 0 0 0 4 0 0 0 16 0 3 0 3 0 0 18 14 0 13 0 11 0 5 0 0 15 7 19 19 0 0 0 0 18 10 
1 12 0 0 0 0 9 0 14 0 17 10 0 0 0 0 0 0 0 0 0 10 0 19 19 9 12 0 0 0 14 1 0 4 10 0 0 0 12 0 0 4 0 0 3 0 20 0 5 4 0 0 14 11 3 7 13 8 0 0 1 2 0 8 19 0 13 0 0 12 0 0 8 9 9 14 0 -1 0 
3 3 0 17 0 8 0 0 0 16 3 0 13 0 0 0 0 2 0 1 -1 10 14 0 0 0 1 0 0 0 0 0 7 11 8 0 0 12 0 0 16 11 0 0 0 0 0 8 0 1 0 15 6 0 6 6 2 20 6 0 4 14 0 0 7 0 6 0 12 0 0 4 17 3 0 4 10 0 17 
0 17 16 0 20 12 0 6 4 13 0 17 0 0 0 0 0 0 3 17 0 16 0 3 13 0 7 0 0 11 0 0 0 18 0 12 16 0 0 11 10 0 0 0 2 0 0 0 0 13 7 8 11 0 0 12 0 -1 0 0 0 7 -1 9 1 0 7 1 20 0 18 0 3 0 17 1 0 7 0 
15 17 0 12 0 19 0 0 0 0 0 19 0 0 0 0 5 14 0 0 0 9 1 15 17 0 14 0 0 16 7 0 0 0 0 -1 0 7 0 0 0 17 20 3 0 10 0 11 8 0 0 0 0 0 0 0 0 0 14 0 5 0 12 2 20 19 0 0 5 8 18 0 0 0 0 8 4 10 15 
14 0 0 0 16 14 0 0 11 15 0 20 0 0 0 0 5 0 0 0 2 4 19 11 17 11 0 0 0 0 15 20 0 0 0 12 7 0 1 1 0 0 0 0 0 0 0 11 15 15 0 0 0 7 0 0 3 17 0 2 0 17 0 0 0 5 15 0 0 6 0 0 16 3 0 1 0 1 0 
0 0 0 0 14 20 0 0 0 14 0 0 16 16 16 0 -1 0 0 6 -1 0 0 11 14 20 13 0 0 0 0 1 9 0 14 0 14 0 0 0 14 0 0 0 0 10 0 0 -1 0 17 18 0 13 11 0 -1 0 0 0 11 0 13 0 19 8 0 0 0 0 4 0 0 18 19 13 4 0 0 
0 16 7 2 19 0 0 0 0 4 0 0 0 0 17 8 0 11 0 8 0 4 0 0 0 14 18 6 7 9 0 0 0 19 3 6 0 0 0 0 3 0 0 0 0 16 4 0 18 12 0 10 12 0 17 6 0 0 0 13 4 0 0 5 0 0 13 2 15 0 5 0 11 0 0 17 12 15 19 
0 0 5 18 0 4 10 7 8 0 -1 0 0 0 0 17 0 13 0 0 1 0 0 0 6 0 0 14 16 0 15 0 0 0 16 6 3 0 12 14 0 6 0 10 0 0 5 0 17 12 0 0 10 17 0 0 0 20 1 0 13 0 0 0 0 0 10 6 10 0 0 19 3 3 16 18 3 5 0 
0 18 1 12 0 0 6 3 0 10 0 0 16 0 0 3 16 10 0 6 0 3 0 0 0 0 0 0 0 0 0 14 0 19 7 2 0 4 3 13 0 0 3 8 8 0 0 0 0 0 0 3 10 0 0 7 16 0 0 0 0 12 8 9 0 0 7 14 0 9 0 0 0 18 15 17 3 0 8 
0 6 0 5 0 0 0 0 12 0 0 16 0 0 0 0 0 12 2 16 0 6 0 0 16 0 0 20 1 0 13 0 0 0 14 0 18 0 0 2 8 2 18 0 20 0 0 18 1 0 2 17 2 0 13 0 0 0 0 0 0 0 0 4 12 0 0 0 4 0 18 -1 0 12 20 0 0 0 0 
0 0 7 0 0 20 0 9 0 4 0 0 9 0 0 17 15 0 0 0 0 15 5 19 0 7 18 0 14 13 0 0 0 0 4 0 13 0 0 20 0 18 0 0 6 2 0 0 1 16 8 0 19 0 -1 0 10 6 10 19 4 18 0 15 0 0 8 19 11 3 1 0 7 0 0 18 0 10 5 
19 0 0 18 0 18 0 0 0 0 0 0 15 0 0 16 0 16 0 0 0 9 0 0 0 0 9 0 0 6 1 7 0 0 3 0 2 0 4 0 0 1 0 0 2 3 0 15 16 0 0 0 8 17 0 0 20 0 0 16 2 0 0 2 0 10 4 0 20 0 0 0 0 0 17 0 0 0 0 
2 0 11 0 9 17 20 0 0 0 0 0 12 0 0 0 0 14 0 0 4 10 -1 14 19 0 0 0 0 0 0 0 -1 0 8 0 0 0 0 8 0 0 19 0 0 0 0 3 0 11 4 18 12 16 0 0 0 0 0 16 14 0 12 0 0 0 0 0 0 17 13 0 0 12 0 7 6 0 14 
0 0 0 20 0 0 5 2 0 3 0 18 0 0 0 8 6 0 19 0 9 19 0 0 0 19 0 0 3 0 0 0 0 14 -1 0 20 0 0 0 0 5 3 6 0 9 2 0 0 -1 0 4 0 20 0 0 13 17 0 0 0 19 0 0 0 0 8 0 0 0 11 16 12 18 20 0 14 3 0 
0 0 0 17 1 0 0 17 17 0 16 17 0 0 0 0 0 0 0 13 3 4 0 0 0 0 16 0 15 8 8 0 17 0 0 0 20 0 0 20 5 9 17 0 0 6 10 0 0 4 17 13 0 13 0 15 0 0 0 -1 0 0 0 0 9 3 0 0 5 0 18 10 0 0 6 0 0 20 0 
0 0 0 0 5 0 9 7 0 15 11 20 0 0 17 0 0 14 10 0 0 0 4 0 8 0 0 11 0 0 0 20 11 0 -1 20 13 0 0 19 0 6 0 0 19 0 13 6 11 5 13 0 10 16 0 9 0 0 0 11 19 0 0 0 7 16 4 0 0 0 19 0 5 17 0 0 0 0 5 
0 10 14 0 0 19 0 0 12 -1 16 0 0 6 0 1 0 6 -1 3 0 5 0 0 0 0 0 0 0 20 0 13 0 0 0 0 0 11 12 0 0 0 4 10 0 0 0 7 0 0 0 0 13 8 0 0 0 0 0 0 9 0 0 0 0 0 18 0 17 13 1 1 0 16 0 0 0 0 0 
0 0 0 0 0 0 12 0 14 7 7 18 14 0 7 0 0 15 4 0 18 0 10 -1 0 0 20 0 0 0 0 0 0 15 10 0 0 13 0 0 12 0 0 0 0 0 0 0 6 7 5 0 0 14 0 0 0 0 0 0 0 13 13 18 18 -1 15 0 16 0 0 7 4 2 -1 0 0 4 0 
0 20 0 13 0 0 0 0 16 0 8 0 12 9 0 14 0 17 0 8 0 0 9 0 11 4 9 0 0 18 0 -1 0 8 4 9 18 0 0 6 0 0 0 0 7 0 0 0 15 0 4 0 0 1 0 4 5 19 0 11 8 3 5 0 7 7 0 19 11 0 0 0 0 0 16 0 14 7 0 
0 0 0 0 0 19 10 9 16 5 10 15 0 0 0 0 0 0 0 10 0 0 0 8 0 0 20 0 10 0 0 19 13 11 0 0 0 -1 0 0 8 16 10 3 0 0 6 12 -1 0 0 17 2 0 7 4 0 0 9 0 16 12 0 0 8 0 10 12 0 0 0 12 0 0 0 0 0 16 -1 
4 -1 16 10 7 3 -1 12 14 15 16 4 5 13 14 20 14 6 6 9 16 19 11 11 17 16 16 8 1 8 8 5 9 3 14 15 6 14 4 -1 
67 82 99 54 62 95 57 63 65 62 72 52 61 79 63 84 71 95 63 63 75 85 52 66 100 64 66 83 98 62 94 89 95 66 93 56 60 75 94 100 87 65 77 72 95 90 56 90 59 94 52 84 79 79 74 78 67 64 85 64 77 52 77 71 69 95 51 53 69 96 53 80 60 54 51 79 94 82 68 
