80
40
40
-2 -1 -3 -1 -4 3 5 -7 -0 2 -6 2 10 2 8 -8 5 10 -10 -10 5 -8 9 8 10 -1 -6 -8 2 -9 -7 -8 3 3 3 10 -4 -2 -7 8 
134 -62 -26 -126 45 -96 -33 -197 57 34 55 38 -78 -163 -78 -84 -64 -89 95 141 103 33 -41 -92 191 -190 -33 150 12 -81 36 -127 58 137 -52 -170 -159 115 -167 25 
-10 -0 2 -10 -7 1 -5 9 1 -2 -9 -2 1 -10 -4 2 1 3 7 -7 7 -10 -3 -0 6 -10 -0 -7 -1 4 -9 2 -5 6 2 -1 -3 10 -2 -10 
-51 16 -137 -2 54 -15 115 118 24 -63 -14 -73 171 146 -37 162 156 131 39 -32 -150 -126 42 36 139 118 -7 181 33 -46 6 109 171 -4 -93 -48 182 150 198 -67 
0 0 3 5 0 15 0 19 11 0 0 0 4 2 0 17 0 0 8 20 0 0 0 8 0 0 0 19 0 2 0 0 10 0 0 -1 0 19 0 14 13 18 -1 9 0 14 0 11 14 15 0 0 0 0 0 0 5 0 0 0 0 0 17 0 0 0 0 20 0 0 0 12 1 0 4 0 20 20 0 
19 0 2 16 17 9 0 0 8 0 0 3 14 7 0 17 0 0 17 8 18 8 16 0 17 9 0 20 0 0 17 17 0 0 2 1 0 0 0 0 0 18 19 0 0 19 0 0 11 0 0 0 7 0 0 10 0 19 0 8 15 0 0 2 5 13 0 14 10 11 0 0 0 14 0 0 3 19 4 
5 0 3 0 16 0 9 0 15 19 18 7 7 0 17 0 0 5 6 5 0 0 0 0 11 0 0 0 0 0 0 0 3 7 0 16 0 0 15 13 6 6 0 0 0 0 15 14 0 0 1 8 11 0 0 0 9 6 0 19 0 8 20 0 6 5 0 0 0 8 0 0 0 11 7 1 7 4 0 
18 6 0 0 0 0 -1 0 17 19 0 1 17 0 0 0 0 7 5 20 1 0 0 0 7 4 0 0 3 -1 0 0 18 0 17 6 0 0 7 16 0 0 0 12 10 0 20 0 0 0 12 0 0 0 13 0 5 0 0 0 11 0 0 0 0 0 0 -1 0 0 0 7 0 7 0 0 14 -1 19 
0 0 0 0 0 0 0 0 0 0 19 0 4 5 0 0 5 0 0 9 18 19 20 17 18 -1 17 19 0 17 0 13 1 0 0 0 13 0 18 0 0 0 0 9 12 0 0 19 0 -1 0 0 3 0 0 0 0 0 0 0 0 0 20 0 0 14 0 0 11 5 14 0 3 0 3 4 15 19 9 
2 0 3 0 7 1 8 0 0 0 0 5 2 0 14 0 0 0 0 12 0 0 0 0 0 0 2 -1 0 6 0 19 1 0 0 0 6 0 15 0 0 -1 0 17 0 7 0 0 0 0 0 8 15 12 0 -1 5 9 9 10 0 0 11 19 1 0 0 3 0 0 0 0 11 0 15 17 9 0 0 
2 0 0 3 0 0 0 0 0 0 1 0 0 0 0 4 8 0 0 0 10 0 0 0 3 0 0 0 -1 0 14 0 0 20 6 19 6 0 18 0 9 8 1 0 17 0 3 0 19 12 13 0 0 0 0 7 20 0 4 0 0 -1 0 0 1 6 4 19 3 0 -1 7 0 1 15 2 3 0 4 
13 0 0 0 0 0 0 0 8 0 0 5 0 0 10 0 0 0 4 0 18 14 0 0 0 0 0 -1 2 3 19 0 0 19 0 0 0 0 7 0 0 7 0 0 11 2 0 0 20 3 1 -1 11 19 12 3 2 0 3 0 0 8 4 8 13 0 0 1 0 12 0 1 0 0 -1 1 7 12 -1 
4 0 2 -1 0 10 0 0 4 0 0 0 7 16 0 0 20 16 0 0 6 0 7 4 0 7 0 0 0 0 14 0 9 0 3 0 0 0 19 12 0 16 0 13 0 0 0 0 0 0 10 0 1 20 0 7 0 0 0 0 14 0 0 0 0 0 0 0 8 1 0 0 10 4 0 2 0 0 2 
0 0 8 11 0 0 3 19 0 4 -1 0 0 9 3 19 0 20 12 0 2 0 0 19 0 17 0 14 16 13 0 0 14 0 0 0 4 0 0 16 14 0 0 0 0 9 7 -1 19 0 16 3 -1 0 0 13 0 14 3 0 9 8 0 0 8 0 0 0 0 0 16 0 0 0 1 0 5 17 11 
0 0 11 0 18 0 0 17 2 17 10 11 0 0 0 0 0 17 -1 0 8 16 0 0 14 0 0 0 0 0 5 0 3 0 20 20 8 0 -1 0 0 0 12 0 5 0 0 -1 0 0 0 8 0 12 0 0 0 15 0 0 0 0 0 0 0 0 12 3 0 7 0 0 0 3 0 4 0 18 0 
0 9 0 0 0 0 17 14 9 20 15 0 12 5 0 0 0 11 11 0 1 0 0 6 0 0 0 8 18 5 12 18 0 10 17 4 17 0 5 0 0 0 0 4 3 0 8 0 19 0 0 -1 1 0 16 14 0 0 0 12 16 -1 0 0 -1 9 17 13 0 0 11 0 17 14 0 0 0 12 0 
0 7 17 0 7 0 0 3 12 0 9 12 0 0 2 17 3 0 0 11 9 4 0 0 4 0 0 0 0 0 0 0 0 0 1 0 0 0 4 0 6 0 6 0 14 0 0 0 0 0 0 10 0 0 0 4 18 20 0 6 0 0 0 10 18 16 -1 9 0 20 0 8 0 0 6 1 19 19 0 
0 20 2 18 11 0 2 0 2 0 19 2 20 0 12 0 18 10 18 3 20 0 0 16 19 0 0 7 0 0 0 8 0 0 0 12 -1 3 0 10 0 0 0 20 0 0 13 0 0 0 0 0 0 0 5 0 0 0 16 0 0 17 15 12 0 0 9 -1 0 0 0 14 0 19 6 0 0 13 4 
0 0 0 0 15 0 12 0 0 19 0 0 0 0 0 0 5 0 12 0 2 0 0 1 0 10 0 0 0 0 13 0 20 0 0 8 0 5 12 0 0 1 0 19 0 0 0 0 7 0 0 0 0 17 0 16 0 0 0 0 0 0 0 0 16 12 0 0 0 0 0 6 14 9 3 0 0 0 3 
0 0 0 0 14 15 17 0 0 11 4 0 0 0 0 10 7 0 0 0 0 0 0 0 0 0 0 13 1 0 0 0 16 19 0 0 12 0 3 0 17 0 19 -1 5 -1 -1 -1 0 9 0 8 0 0 0 0 5 15 0 3 0 0 13 0 0 3 12 0 0 15 16 11 0 7 0 9 0 -1 0 
16 0 12 0 10 0 0 0 13 6 0 0 13 0 0 -1 0 3 20 0 1 0 0 4 4 18 0 0 5 6 10 5 0 18 13 0 0 4 17 0 13 0 2 6 0 3 0 4 0 0 0 0 0 0 0 0 0 0 15 10 0 16 10 9 10 3 0 4 7 18 0 0 0 0 4 0 12 0 0 
0 0 0 0 0 13 0 6 2 0 0 9 0 11 7 10 0 13 1 16 0 6 0 0 7 11 0 0 20 0 0 0 11 0 0 16 8 16 4 0 12 0 0 0 0 14 16 0 0 0 0 19 0 18 4 0 13 0 -1 13 0 18 0 0 0 15 0 20 2 0 13 0 8 8 16 -1 20 14 0 
13 18 0 17 0 16 18 0 0 19 15 0 16 13 3 0 0 0 17 17 9 18 10 0 0 17 0 0 0 0 0 12 16 0 7 0 0 1 0 0 0 18 0 7 8 15 3 8 15 17 0 9 11 9 11 7 0 0 0 0 3 0 7 0 0 0 0 18 0 0 0 0 0 0 0 0 2 5 0 
4 0 10 8 0 16 17 0 -1 16 18 0 20 1 0 0 0 0 -1 0 0 0 1 0 0 10 6 15 0 19 2 0 9 15 0 10 9 0 0 0 0 0 1 20 11 0 0 0 0 15 5 12 16 0 13 0 0 5 0 3 14 0 12 18 0 17 17 18 6 4 18 16 0 13 8 0 0 0 18 
0 0 17 0 0 0 18 0 17 0 0 0 3 -1 0 0 0 16 0 0 0 0 0 0 0 0 10 8 0 0 0 6 0 0 0 0 12 6 0 20 6 4 11 0 14 4 11 0 0 0 0 2 0 20 14 0 2 12 0 0 5 0 0 16 0 0 0 0 0 6 18 0 0 10 0 0 16 0 0 
15 14 7 4 0 0 0 4 16 0 0 3 0 0 0 4 0 6 20 0 7 0 0 7 0 10 8 0 0 0 0 4 0 0 0 0 3 0 0 19 10 0 -1 0 0 20 0 15 0 8 0 8 0 13 0 20 -1 0 2 -1 1 0 4 0 0 0 17 0 5 0 4 6 13 2 0 0 0 0 0 
15 6 3 0 3 12 0 0 0 0 4 4 6 15 -1 15 0 0 4 19 16 12 0 6 0 0 0 -1 6 0 6 0 17 0 9 16 0 10 13 9 8 0 0 6 0 1 0 5 0 6 9 15 3 0 14 0 0 0 0 0 0 0 3 0 14 14 7 0 16 0 0 0 16 0 0 0 0 18 0 
4 0 0 16 0 15 20 0 0 19 0 4 0 18 11 11 2 0 0 17 0 0 0 7 0 18 17 9 12 0 0 6 17 0 0 0 0 0 4 15 17 0 15 0 0 0 17 1 14 19 0 0 18 12 0 0 6 0 16 6 0 0 1 -1 0 0 0 14 0 18 0 6 0 5 16 0 0 0 0 
12 16 12 9 0 0 1 0 0 17 0 5 9 17 0 0 4 7 0 0 12 0 18 12 19 0 0 0 18 12 0 0 18 13 11 0 0 4 0 10 0 0 0 0 6 0 0 0 0 0 2 0 0 8 12 0 0 0 14 0 13 0 12 0 0 0 0 0 5 9 12 0 0 9 15 0 20 0 14 
2 10 0 0 0 4 5 7 0 15 11 0 0 20 8 0 19 0 0 0 19 0 17 7 0 0 0 13 0 0 5 5 0 1 17 9 2 4 6 0 12 0 20 10 20 0 11 0 0 0 13 2 15 12 0 14 2 12 0 0 0 2 0 0 17 0 -1 10 0 0 0 0 0 6 8 2 0 19 0 
18 8 0 15 0 17 13 19 0 0 4 0 14 0 0 11 0 0 7 0 11 0 0 15 17 0 9 15 20 0 0 0 2 10 6 2 8 0 0 0 0 10 0 0 18 18 4 0 0 0 0 0 5 0 4 19 18 12 0 0 0 5 16 11 11 9 1 5 18 0 0 0 0 0 2 0 18 18 0 
0 0 0 10 7 0 7 0 0 17 0 0 14 17 0 0 3 5 20 0 5 0 6 0 0 0 16 0 0 0 0 12 0 10 0 5 0 0 0 9 0 0 18 0 0 16 0 17 13 1 0 -1 0 18 13 9 1 0 15 0 13 0 10 0 18 0 14 9 11 20 0 0 19 7 8 20 10 8 0 
0 0 0 0 4 0 0 14 -1 0 11 0 8 8 0 0 0 20 17 0 0 0 9 0 7 18 0 2 4 12 11 0 0 11 0 0 0 -1 0 1 9 0 16 0 17 0 0 0 0 0 14 7 0 1 0 18 0 0 0 19 0 0 0 20 0 0 14 0 0 4 16 0 0 0 0 0 1 13 0 
0 0 14 10 0 0 0 0 10 13 0 15 3 0 15 0 20 8 3 0 8 0 17 0 8 0 10 0 18 3 4 13 16 2 0 15 -1 0 10 5 0 0 14 7 0 17 0 0 0 0 3 0 0 0 0 3 -1 0 1 18 0 12 0 6 0 0 0 0 0 15 0 0 0 0 4 0 4 0 0 
20 0 20 20 10 11 0 0 0 13 0 0 0 0 0 -1 10 0 13 5 0 10 0 0 14 0 6 0 0 0 1 0 0 1 0 0 2 16 3 0 10 5 10 5 11 0 20 13 0 8 10 20 20 18 11 0 0 -1 6 3 5 0 0 9 20 0 0 0 0 7 0 1 0 2 13 1 0 0 11 
0 0 0 5 3 0 0 3 18 0 -1 0 0 0 0 4 1 14 0 9 0 0 17 20 5 0 13 13 0 6 16 10 0 0 16 -1 0 6 0 0 0 20 -1 0 0 0 0 0 11 0 11 0 -1 3 4 6 0 5 7 0 0 0 0 0 20 0 20 0 16 17 0 0 0 15 0 0 17 0 6 
0 0 0 0 11 0 0 0 0 0 9 0 0 20 4 11 0 1 0 18 1 0 5 0 0 15 9 6 17 14 11 0 3 0 0 18 20 0 0 0 0 0 0 0 7 0 0 0 0 5 8 0 0 12 1 12 -1 0 8 -1 3 0 11 0 17 19 0 0 0 13 8 0 14 8 3 0 1 13 16 
4 0 0 8 0 16 0 8 8 9 4 19 8 0 14 17 0 0 1 5 10 0 0 4 0 19 0 12 0 0 0 0 4 0 0 19 0 3 11 0 0 0 -1 14 0 0 0 0 10 0 0 0 0 4 1 0 0 0 14 0 13 3 0 18 0 0 4 0 0 0 0 0 0 0 0 0 5 5 4 
8 12 0 11 0 0 14 17 14 1 5 0 0 9 20 15 0 16 0 4 0 0 0 0 20 16 0 0 0 6 0 0 0 0 5 8 0 12 8 0 0 0 18 0 0 19 0 15 6 0 14 5 6 17 0 0 0 19 0 0 8 20 0 7 0 0 0 0 8 11 0 0 9 9 0 0 1 17 0 
0 0 0 17 0 0 6 12 0 0 4 0 7 0 6 7 0 20 0 8 0 0 0 5 0 -1 20 0 0 16 0 -1 0 0 0 0 15 17 0 -1 0 10 0 0 0 0 18 0 0 0 13 2 0 11 -1 7 16 0 6 15 0 5 0 0 0 4 8 12 8 0 16 11 20 0 0 0 0 20 0 
0 0 0 16 0 0 0 0 -1 12 11 0 0 0 19 0 19 0 12 0 7 0 0 12 0 0 9 0 18 0 0 15 14 0 0 0 0 2 0 0 0 0 17 0 10 0 0 0 0 1 5 9 0 10 14 18 3 0 0 18 0 0 0 0 0 14 12 0 2 -1 16 13 0 11 0 0 3 0 0 
0 16 0 0 0 1 0 0 0 13 0 6 20 0 8 0 19 0 20 0 -1 0 4 0 12 0 3 0 0 0 14 0 15 10 3 0 0 0 18 0 0 8 0 0 9 0 4 0 1 0 0 -1 1 10 11 0 0 0 10 0 0 16 0 13 0 0 0 0 0 0 0 0 16 0 0 12 10 0 0 
0 0 12 17 0 17 0 8 0 0 20 0 0 0 0 19 0 13 -1 0 15 13 -1 0 0 17 11 2 0 3 0 0 11 7 0 -1 1 19 20 0 0 8 14 0 0 5 0 6 0 0 7 3 13 15 0 0 18 4 16 0 12 0 0 7 0 0 0 0 19 0 -1 0 1 0 0 0 11 0 0 
0 0 0 0 1 0 4 8 3 0 0 1 0 0 10 0 3 5 0 15 0 0 18 18 0 10 0 0 1 18 0 0 0 20 -1 3 13 6 14 0 20 0 0 15 0 3 8 0 0 0 7 0 14 4 7 7 0 0 0 11 2 0 18 0 0 0 0 0 9 0 0 3 1 0 0 8 12 13 0 
11 15 -1 12 19 18 19 2 17 17 19 12 10 1 11 17 17 4 6 2 18 11 4 4 10 10 1 6 3 20 20 15 14 19 4 11 16 2 14 12 
60 70 69 71 60 65 72 93 51 88 72 70 99 56 53 92 68 76 55 50 92 61 63 58 98 67 75 72 64 76 67 100 70 86 70 55 75 92 98 50 54 94 70 52 75 99 68 67 74 73 67 90 58 54 72 80 71 71 51 86 97 68 59 92 78 79 97 53 96 68 78 74 86 99 76 60 97 94 78 
