80
40
40
-8 -4 -5 -10 -6 -2 2 3 5 10 -2 -8 -7 4 6 -0 -5 -7 10 -6 -4 -9 7 -6 2 10 -7 -7 2 -9 -4 7 -3 4 8 2 -8 1 -3 9 
101 -56 180 178 88 39 -93 132 -162 -66 -146 -1 -114 105 155 167 30 57 -97 132 140 -108 -177 142 -132 30 -145 -145 26 109 17 -74 181 -3 -96 69 164 12 1 130 
3 5 -9 7 1 8 -3 9 -7 -2 -5 -0 -0 -9 5 -8 -7 -10 -4 5 -9 5 2 -1 -1 1 -7 3 -6 -0 2 8 -3 6 7 -10 4 -4 10 10 
74 -18 -71 160 -186 -189 54 -28 68 85 -96 -65 105 -145 -197 174 86 187 157 -88 96 -26 -34 77 99 -2 -127 63 -191 1 -8 11 184 49 -102 126 60 153 -102 -72 
0 15 11 17 0 3 0 0 0 0 0 0 0 3 0 0 0 1 0 0 0 0 0 0 2 11 0 0 4 0 8 20 10 16 0 6 0 10 0 0 16 8 -1 0 15 0 7 1 0 17 11 0 7 0 0 2 14 0 0 14 20 0 0 -1 3 0 0 0 0 0 5 1 0 9 0 0 0 4 2 
17 0 0 19 10 0 0 0 0 0 0 0 12 0 0 3 0 17 0 0 1 19 10 0 1 0 9 -1 0 8 6 9 0 0 0 7 0 0 12 0 12 0 18 0 8 2 -1 20 17 2 10 6 -1 10 0 12 0 11 0 0 5 0 0 0 5 3 0 7 0 13 17 0 14 2 0 18 12 0 0 
4 -1 16 0 18 14 0 11 10 14 -1 15 19 8 0 0 0 4 17 0 13 0 0 5 0 10 3 17 0 16 12 17 15 0 0 0 0 -1 0 0 0 0 16 1 0 0 0 -1 12 14 0 17 0 6 0 0 9 10 0 0 0 0 0 0 10 0 13 10 0 6 0 0 19 0 0 2 0 15 10 
18 0 15 5 11 15 17 18 0 6 0 0 0 9 0 9 0 0 0 2 0 12 0 20 13 0 0 0 0 12 0 0 9 0 0 18 2 0 13 16 0 0 0 0 0 0 0 0 6 4 1 13 12 0 11 0 11 10 0 0 7 0 2 0 0 0 17 12 0 0 18 18 7 6 6 0 0 0 18 
16 3 9 4 7 6 6 12 0 0 0 17 19 0 10 -1 0 8 11 9 19 -1 0 0 0 0 15 0 0 6 0 16 0 0 18 19 0 0 0 6 14 0 10 3 14 0 0 0 0 3 -1 0 0 3 0 0 20 15 9 0 0 11 0 17 3 10 0 0 0 0 0 0 15 7 0 5 8 4 0 
0 0 -1 11 0 0 9 0 17 0 5 0 0 0 14 0 0 0 0 10 -1 11 0 0 14 0 17 0 0 0 13 17 0 16 0 0 13 0 13 0 17 0 0 0 0 4 0 13 0 0 0 0 0 5 0 9 0 0 19 7 0 0 15 20 0 0 0 0 0 0 0 0 0 8 17 0 13 -1 0 
0 0 0 0 7 19 18 0 0 10 0 0 6 0 0 0 17 16 0 0 3 12 12 0 0 8 0 0 0 4 14 0 19 0 13 7 13 8 0 0 2 0 0 7 0 18 11 14 11 0 11 0 -1 1 0 -1 7 5 10 7 5 11 0 0 0 18 9 0 0 0 0 0 0 0 0 20 11 0 2 
0 5 0 4 15 0 5 0 0 0 0 -1 3 0 0 4 19 0 11 0 0 8 0 20 0 0 0 9 14 0 16 0 0 0 19 0 0 0 0 5 0 0 0 7 0 0 12 9 0 15 0 17 0 0 0 12 0 0 0 0 0 13 0 0 13 0 1 2 0 1 0 19 6 0 7 0 18 11 17 
13 0 6 5 0 14 16 4 0 4 0 0 0 0 0 16 15 0 0 0 13 0 8 -1 0 0 5 0 0 0 0 0 14 6 0 0 0 0 0 9 0 0 8 0 3 0 0 10 0 0 0 0 16 8 5 9 14 19 0 0 0 12 0 -1 0 0 0 0 16 0 0 0 6 0 3 0 11 0 18 
0 0 6 0 0 10 4 0 0 16 0 0 0 0 20 11 14 9 13 0 0 4 0 9 7 19 12 6 0 0 0 0 3 0 11 0 0 0 0 14 9 0 10 7 20 3 0 0 0 0 0 0 14 12 6 3 16 0 17 0 0 6 0 0 0 0 10 4 20 0 0 0 0 16 8 11 0 10 5 
10 0 0 0 0 0 0 1 0 11 0 0 0 17 2 20 0 0 12 12 10 16 20 18 20 0 0 15 18 13 16 20 0 11 2 19 19 0 0 0 6 1 16 20 12 0 0 0 10 0 7 0 20 2 4 0 0 4 0 0 0 7 10 4 0 0 0 0 15 0 0 0 0 0 20 1 8 17 12 
0 0 5 4 11 2 0 0 9 9 0 0 17 4 0 19 20 0 0 0 16 -1 9 3 0 0 8 7 0 0 0 0 7 2 0 0 19 1 0 15 0 18 0 15 4 12 3 15 2 0 0 17 0 0 0 7 3 0 11 11 0 13 0 0 20 0 0 15 0 0 1 7 0 0 0 5 5 0 0 
0 0 16 2 0 15 13 17 12 13 7 0 19 0 13 0 0 0 0 0 0 0 0 11 0 0 0 10 10 0 0 0 0 11 0 0 6 10 7 2 18 5 20 0 0 0 0 12 12 8 1 0 7 0 3 0 11 8 0 0 -1 0 3 0 11 8 0 13 1 0 0 0 9 0 5 0 7 0 0 
6 -1 5 1 18 12 0 0 0 0 0 20 15 8 9 0 5 0 15 4 0 13 15 0 3 0 0 6 5 8 0 11 20 2 0 0 13 12 0 0 0 0 20 1 0 16 0 0 6 17 3 0 0 19 0 14 1 0 6 0 0 11 18 11 0 14 1 8 4 0 5 20 0 0 3 0 0 0 0 
9 0 0 0 0 9 5 20 0 0 0 18 20 0 0 0 0 5 9 14 3 0 0 0 0 3 0 8 18 1 0 11 0 0 0 2 18 0 10 0 0 8 0 3 18 16 0 0 0 0 6 0 8 8 4 20 0 0 0 0 0 0 20 11 4 0 14 -1 0 0 0 -1 0 13 0 5 0 16 13 
11 0 5 0 0 0 17 17 0 0 0 16 0 9 0 0 16 9 18 0 10 5 0 0 0 0 0 3 0 19 15 0 0 0 3 0 0 0 14 0 15 19 2 0 13 14 6 0 2 0 0 0 12 0 0 14 0 10 0 7 5 0 19 19 4 0 0 0 0 10 0 0 10 0 12 0 14 0 0 
0 0 0 1 10 0 6 0 0 0 0 10 0 0 15 0 17 0 0 0 0 19 0 0 16 0 4 0 0 0 0 0 0 17 15 0 13 0 0 0 -1 14 0 0 0 0 14 0 0 0 5 7 0 0 9 6 0 0 0 4 17 0 18 0 0 20 13 7 0 12 0 0 0 0 0 0 -1 0 8 
0 14 0 14 0 0 9 0 10 0 0 12 -1 0 0 9 2 11 0 13 2 0 17 0 12 0 2 10 19 20 20 12 0 5 -1 11 0 0 0 0 0 20 19 15 3 0 0 4 6 15 14 9 0 15 0 6 0 1 12 0 5 0 5 0 0 1 0 0 0 0 17 0 -1 0 0 0 0 8 12 
12 17 0 0 -1 11 0 0 0 15 1 19 0 18 20 20 0 3 0 13 0 0 9 0 7 13 0 0 0 4 0 0 4 12 8 -1 16 9 11 0 15 0 4 0 0 11 5 0 4 3 8 10 0 16 0 13 0 7 12 0 2 0 19 0 15 15 0 0 0 0 0 0 0 17 0 0 -1 17 19 
0 9 11 16 0 0 0 0 4 7 6 5 8 0 2 0 0 20 0 0 0 18 0 0 0 20 20 0 0 12 0 2 3 18 8 0 0 0 18 12 0 9 0 0 0 0 0 0 0 0 1 0 17 0 9 0 7 18 0 11 0 0 20 0 0 0 14 0 12 0 0 0 17 0 5 0 0 16 12 
18 0 0 0 6 1 10 10 0 0 0 0 0 16 -1 16 0 0 15 0 0 8 0 10 3 0 0 4 0 0 0 8 2 11 18 -1 5 0 0 0 4 19 5 0 0 7 0 0 19 0 11 0 0 0 9 0 0 0 0 0 0 0 1 12 0 0 -1 0 16 0 0 0 2 3 8 0 0 0 18 
0 3 16 13 0 2 13 11 0 0 0 0 16 8 5 0 0 0 0 10 7 13 0 0 0 0 10 0 14 0 5 0 0 0 13 5 0 0 4 18 11 0 19 12 -1 0 16 15 0 7 19 1 18 18 16 11 0 0 0 0 0 20 0 14 -1 5 0 0 0 0 0 1 20 0 2 0 0 0 0 
6 0 0 0 15 0 5 0 0 0 11 19 14 0 16 0 0 17 0 0 3 16 0 16 0 15 1 0 4 0 15 0 0 0 11 0 0 0 16 0 2 0 0 0 0 0 2 0 15 0 14 6 20 8 0 0 1 0 15 0 0 0 15 16 18 3 0 0 16 0 0 8 0 7 0 0 7 0 0 
0 0 2 0 0 0 0 9 0 8 0 0 1 0 0 0 0 14 15 0 15 0 0 0 20 0 0 0 15 0 0 16 17 0 0 -1 10 0 0 -1 5 0 0 14 0 11 0 0 3 14 0 10 0 17 11 19 14 0 11 0 1 7 0 0 0 0 8 0 0 0 0 0 0 0 0 5 6 0 0 
0 0 0 0 3 0 0 0 0 0 0 0 0 0 0 20 0 13 0 6 0 7 17 5 6 4 14 14 0 0 0 4 10 15 18 8 0 3 0 3 1 0 -1 19 8 6 0 0 0 0 0 7 0 0 0 9 0 0 0 5 0 3 0 0 0 14 0 7 0 8 6 0 -1 0 0 20 0 18 19 
0 15 0 0 0 0 20 8 12 0 8 0 15 0 0 0 6 15 1 12 18 18 6 0 19 3 11 17 9 0 7 18 6 17 0 4 0 -1 0 0 0 0 0 0 0 5 0 0 5 14 0 0 0 5 0 0 18 20 0 0 0 17 0 10 -1 8 13 0 19 0 19 0 0 0 -1 1 0 15 9 
10 0 0 0 16 7 0 16 0 0 1 7 0 10 0 0 11 8 0 0 14 0 0 0 3 11 0 19 0 19 0 11 0 0 0 0 17 7 2 11 0 0 0 0 0 1 2 16 0 0 0 0 0 0 18 0 4 0 6 0 0 0 0 4 0 0 14 20 0 8 20 0 18 0 0 0 0 0 16 
0 0 0 0 10 0 8 0 10 10 0 0 8 0 0 1 2 10 19 0 10 0 0 0 0 11 0 -1 14 8 0 0 0 0 0 0 0 0 6 0 0 0 18 0 20 0 0 15 4 0 -1 0 7 0 13 0 0 9 9 0 0 11 0 0 20 0 0 9 0 0 19 0 13 0 0 11 4 16 0 
0 18 0 11 0 0 14 0 14 20 0 0 0 0 0 0 2 11 0 0 0 19 0 0 0 0 0 5 0 0 8 0 19 1 0 0 0 17 3 0 15 19 0 0 0 2 13 0 14 0 16 0 0 0 0 9 0 15 17 5 0 0 -1 0 4 4 0 0 17 0 1 0 8 20 18 0 12 0 4 
0 8 0 20 0 13 0 13 7 9 -1 1 12 0 0 0 5 0 6 0 9 0 0 0 0 0 0 0 19 0 -1 0 -1 9 1 13 0 0 0 7 9 13 0 7 0 0 0 6 16 0 0 0 0 5 19 0 0 13 0 0 6 16 2 0 4 4 0 2 0 0 0 0 0 0 0 0 0 0 0 
14 0 0 0 0 0 1 0 0 0 13 2 0 0 0 19 0 0 0 0 0 12 4 19 0 -1 10 16 -1 14 0 0 17 0 0 0 0 0 5 0 10 0 0 9 0 -1 9 14 3 0 0 4 0 0 9 0 0 18 2 20 15 0 0 0 0 0 1 0 14 1 0 0 6 0 16 12 0 0 3 
-1 0 0 0 0 0 0 9 -1 16 0 14 11 0 0 0 0 0 0 0 11 0 10 5 0 16 7 0 0 0 0 8 17 0 9 16 0 0 0 0 0 0 0 0 7 0 0 19 14 2 0 0 0 10 0 0 0 -1 14 14 0 0 0 12 0 0 19 0 11 0 0 0 7 17 0 0 0 0 11 
5 0 0 2 0 0 13 0 0 20 0 0 6 0 0 5 15 13 0 3 1 2 0 9 0 14 4 7 17 0 16 0 2 0 5 17 0 15 14 16 10 0 0 9 0 16 0 5 0 2 0 0 19 16 0 0 0 0 0 0 0 20 0 6 1 7 3 18 16 0 0 0 0 0 0 14 16 1 8 
0 0 0 1 0 0 2 0 0 14 0 0 12 0 5 6 1 0 18 11 0 0 14 0 2 0 0 8 0 13 0 2 11 0 17 0 0 0 0 16 11 15 0 17 0 14 7 12 18 6 0 5 0 0 18 0 0 0 0 0 0 0 -1 0 5 14 6 0 -1 0 0 0 1 1 11 0 16 0 0 
7 5 0 0 0 8 20 14 0 14 4 0 0 0 0 16 5 10 0 19 18 3 0 0 20 1 0 -1 7 18 7 8 0 0 0 0 14 16 1 3 5 0 0 0 4 1 0 0 0 7 0 0 8 0 18 0 0 6 0 5 0 0 0 0 0 0 11 0 0 2 0 0 1 16 0 16 -1 0 0 
0 0 0 0 17 5 0 17 0 17 0 -1 0 0 3 16 8 11 0 4 0 0 14 16 -1 17 0 12 10 0 0 0 -1 0 7 5 0 0 0 6 7 0 0 19 9 17 0 0 0 0 1 0 17 0 1 0 0 12 7 15 7 0 7 -1 6 13 0 0 2 0 1 14 19 8 8 0 12 0 0 
2 10 0 1 0 8 0 0 0 0 0 0 0 -1 0 0 9 4 12 8 11 18 19 8 4 0 5 0 2 -1 2 4 0 0 0 0 0 0 0 3 -1 0 0 9 0 15 3 4 19 15 0 0 0 6 0 0 0 0 0 0 4 0 0 0 0 0 7 0 17 0 5 6 0 14 0 -1 14 0 0 
0 14 0 0 0 12 1 0 0 0 18 14 6 0 2 13 8 2 0 0 9 0 0 0 0 6 0 7 6 1 0 19 0 13 16 -1 7 0 16 0 19 0 0 2 0 11 0 0 0 7 0 0 0 15 0 0 0 0 14 3 0 9 0 0 9 -1 0 -1 5 0 0 0 6 19 15 0 0 17 19 
0 0 18 6 0 8 0 2 0 7 0 0 0 7 13 14 0 0 0 12 0 0 0 19 19 0 13 0 0 0 0 11 0 1 8 0 0 8 16 19 0 0 0 0 0 2 11 0 2 9 0 0 8 0 0 10 0 0 0 0 9 0 10 0 0 20 0 0 0 0 12 15 0 10 0 12 8 0 0 
0 19 0 0 0 5 4 0 0 0 6 15 20 0 0 6 0 0 5 0 0 18 0 0 7 0 17 0 0 4 7 0 0 7 18 0 0 0 0 7 19 6 0 0 19 0 20 3 4 0 0 0 0 0 0 0 0 13 0 0 17 12 19 0 7 0 10 5 0 0 4 1 10 17 1 1 12 0 0 
7 6 14 -1 10 9 17 3 20 9 19 3 11 4 20 1 8 20 14 7 2 19 11 4 18 10 17 17 10 3 3 2 9 14 20 14 11 6 10 13 
61 59 52 61 79 100 61 93 82 82 80 68 89 75 96 92 64 98 84 60 55 61 71 57 98 74 73 93 59 90 99 95 73 50 56 76 100 92 69 55 73 73 73 87 72 69 78 87 91 86 97 96 97 92 77 94 66 100 60 100 64 58 95 87 58 75 63 82 91 56 61 88 53 85 74 76 78 51 62 
