160
80
80
3 -6 6 2 4 -9 3 -6 8 -10 8 2 7 7 -10 3 -10 -5 -3 10 -10 -1 2 9 7 -9 -9 -0 7 2 10 -0 9 8 -6 3 -10 8 8 9 10 8 3 7 5 3 2 7 9 10 7 -9 -1 -1 -10 -4 2 -9 7 1 6 8 -7 5 8 -1 -0 9 -3 -0 9 -1 -3 2 -2 -8 -5 -10 10 -4 
50 52 -72 -149 71 -114 112 -11 -180 115 127 -36 193 -107 7 -119 -152 119 -115 110 -183 -105 193 -132 -193 -79 89 20 -115 -198 -36 63 55 20 115 -148 107 -46 42 55 197 -31 -182 116 -10 26 125 -34 -128 -190 -124 -110 -94 -132 -115 -87 -10 175 134 76 177 -175 -61 32 45 181 85 -48 -138 -146 -194 -142 -49 153 175 142 -94 100 -166 -21 
-10 9 -2 2 -3 -2 -10 -9 2 9 5 -2 7 9 -5 5 -2 8 5 7 -2 4 -2 8 -2 6 10 5 9 -9 -9 -10 10 -1 3 -1 10 3 3 2 2 -2 -8 1 -1 -0 -2 9 -2 -7 6 7 10 -6 4 -1 -8 6 -6 -10 10 -4 -7 -9 6 7 1 8 2 -4 2 -6 7 5 6 -5 -5 -5 -6 6 
111 -89 -4 144 -93 82 185 25 57 46 -99 34 72 -33 193 -83 -125 5 69 -62 59 3 -76 -190 -117 -101 79 -10 127 114 170 -36 153 -34 -92 -141 -152 -180 85 105 67 113 -134 -61 -193 -141 56 -190 64 -148 -124 -150 -17 -0 -139 67 27 68 185 -47 -18 155 118 -139 -80 154 -79 -104 175 134 129 -31 -26 195 109 -91 182 -108 -80 -27 
10 1 0 0 11 1 17 0 7 18 5 9 0 0 9 9 0 1 0 0 0 17 0 0 0 17 0 0 0 0 0 0 0 0 0 0 8 10 10 7 17 8 13 16 0 18 11 10 0 15 0 0 0 0 0 7 0 3 13 4 8 16 0 0 19 0 20 0 0 4 0 0 11 18 0 0 16 7 9 14 19 15 0 0 0 9 0 0 3 15 0 7 16 0 16 15 0 0 0 0 0 15 10 8 4 9 0 15 20 0 0 0 17 4 0 14 0 12 0 15 0 15 0 2 14 0 0 0 0 0 0 2 14 0 2 6 0 12 1 0 0 0 18 0 0 0 2 0 13 0 17 20 6 0 15 0 0 6 12 
0 4 0 10 9 9 4 7 0 14 18 4 0 0 12 0 4 0 4 0 5 6 8 0 16 0 15 5 1 0 18 0 3 9 6 12 10 0 -1 13 0 5 0 14 4 3 0 20 18 0 0 10 9 0 0 19 0 0 0 0 13 0 0 19 0 0 10 0 0 11 14 16 16 0 -1 0 0 0 2 0 0 15 5 4 5 7 0 14 0 0 0 18 0 0 16 0 0 0 0 0 0 11 0 11 0 2 19 0 0 0 0 0 0 3 5 0 8 1 0 0 6 15 13 0 0 20 14 0 18 0 0 4 0 0 18 7 11 0 14 0 0 10 0 0 0 6 20 17 0 9 7 8 0 0 -1 14 20 17 0 
0 0 0 6 -1 17 0 0 19 13 20 0 2 0 0 2 0 0 0 14 12 0 19 19 0 0 14 0 4 20 15 5 0 0 0 0 7 8 0 0 0 0 3 0 0 0 0 2 8 0 14 0 0 0 0 15 0 1 4 0 0 10 0 10 0 0 0 0 0 0 4 0 0 12 0 0 13 1 3 0 0 0 14 0 0 0 6 5 0 5 0 0 0 4 0 7 -1 0 0 0 17 8 0 0 7 -1 0 4 0 8 13 14 7 2 0 7 0 0 9 11 20 3 0 20 14 17 7 15 14 0 1 0 3 19 0 10 0 0 4 9 0 5 0 0 1 10 20 1 0 3 -1 6 18 0 0 0 0 0 19 
0 0 0 0 0 0 7 4 6 15 9 6 0 1 0 0 0 20 0 16 0 0 5 0 0 17 20 0 0 15 0 16 0 0 0 11 0 0 0 0 0 0 0 0 14 0 0 0 0 0 0 9 14 2 1 20 0 0 15 0 0 0 0 0 11 13 7 13 0 0 1 0 7 0 4 6 11 -1 12 17 0 11 16 0 0 0 13 0 2 0 16 0 15 0 5 7 0 6 5 0 0 16 0 -1 0 0 0 0 0 12 0 0 18 0 0 0 0 0 1 15 0 7 3 0 16 9 2 0 0 0 0 0 0 20 0 0 0 0 0 11 1 0 0 0 16 13 18 12 0 0 3 0 0 0 10 16 0 0 0 
0 0 0 0 0 0 20 12 0 0 0 15 5 0 0 2 11 0 0 14 0 0 2 0 0 11 3 0 0 1 0 11 0 18 0 0 0 16 0 -1 0 17 0 0 0 17 4 0 0 0 4 20 0 3 8 15 0 0 0 13 12 19 -1 12 10 0 1 0 0 2 0 0 0 -1 18 6 2 5 18 5 16 0 0 0 19 14 10 0 0 14 0 -1 0 0 0 11 0 0 0 0 18 9 0 0 19 8 0 8 10 9 0 7 0 0 0 0 0 0 1 0 0 0 0 7 0 18 0 1 19 -1 6 11 0 8 18 6 19 0 10 0 0 9 0 0 0 11 2 0 0 1 0 8 4 10 0 0 0 7 0 
2 0 17 0 1 0 0 0 0 0 0 0 0 0 0 0 18 2 16 17 0 19 16 0 0 5 2 0 6 0 5 14 17 0 0 7 20 16 0 -1 19 9 0 7 15 0 0 0 0 0 0 7 0 9 20 0 0 0 0 3 0 0 0 0 0 1 14 10 0 0 16 0 0 9 0 20 12 11 0 12 11 7 5 11 11 8 6 0 10 8 0 0 16 0 0 0 0 6 0 0 3 12 0 12 19 0 0 0 0 11 2 0 7 12 3 0 3 -1 2 0 0 0 14 0 -1 4 0 0 13 0 0 0 12 0 0 0 0 0 0 15 0 0 0 0 13 -1 0 15 0 0 0 0 0 15 0 3 14 -1 12 
6 0 0 0 4 0 17 0 0 0 6 0 0 0 0 16 0 0 7 3 0 0 0 0 0 8 8 0 6 0 0 12 12 13 0 0 0 15 0 0 11 0 0 0 0 0 0 0 3 16 0 2 5 0 16 13 20 2 11 0 0 0 0 0 18 0 0 0 8 0 0 0 0 10 12 0 1 15 0 20 9 18 7 0 5 0 0 2 0 0 17 0 20 0 0 3 1 4 20 0 0 19 0 0 0 14 0 0 0 0 0 0 7 9 0 4 -1 0 0 15 0 0 2 18 4 2 0 0 0 0 0 9 5 0 16 9 9 0 5 0 6 8 0 0 -1 9 15 0 1 0 2 0 8 15 0 3 5 2 14 
0 -1 5 0 -1 0 0 1 6 2 0 0 0 0 10 5 0 4 13 0 4 16 0 5 20 8 0 0 1 4 0 8 6 0 0 13 0 0 5 11 10 0 16 0 0 0 17 5 18 0 13 17 6 0 7 0 0 11 13 0 0 0 0 0 0 2 0 0 19 0 16 10 7 0 0 3 0 0 0 18 0 20 4 0 3 0 16 8 0 20 0 0 2 2 0 3 0 2 0 2 10 0 0 0 0 0 0 17 1 0 10 0 12 0 4 13 0 6 0 0 0 0 11 0 5 0 0 0 0 0 7 0 10 20 17 17 8 15 20 0 0 0 0 0 0 9 0 12 0 0 0 0 0 0 1 0 17 0 0 
0 0 0 0 17 0 6 -1 0 8 13 6 17 10 6 5 1 2 0 16 6 3 -1 13 0 0 -1 5 20 4 0 0 0 1 0 0 14 11 0 0 16 0 12 16 0 0 16 2 0 10 10 0 0 18 19 0 0 0 8 7 6 0 0 12 0 0 0 0 0 4 17 20 0 6 7 6 0 0 2 18 12 0 5 0 0 0 10 10 1 7 4 7 0 12 17 1 4 14 11 18 6 0 20 0 0 0 20 18 7 13 0 0 0 13 1 8 0 5 0 16 0 3 0 0 0 11 0 3 0 -1 14 4 0 12 0 0 0 12 0 15 0 11 14 10 0 0 0 5 0 8 0 6 9 0 0 15 0 0 0 
0 0 0 -1 0 0 0 0 8 0 20 18 0 19 0 -1 0 0 5 0 0 10 0 0 0 0 0 0 7 0 8 0 0 0 0 2 0 11 0 16 0 0 0 0 0 20 13 10 18 0 0 5 0 9 0 0 20 3 -1 0 0 0 0 1 -1 -1 0 10 6 8 0 20 0 0 0 0 3 0 0 0 12 0 0 0 20 1 0 20 0 5 0 1 0 20 0 10 0 0 12 0 14 0 0 0 0 16 0 0 9 0 9 9 20 0 0 10 0 4 0 0 0 0 20 0 3 0 13 18 18 0 0 16 7 0 0 0 0 9 0 9 0 0 0 0 6 11 4 0 0 17 0 10 13 0 18 0 0 18 14 
10 0 20 1 16 0 0 7 0 1 0 8 0 0 0 4 0 0 4 3 0 12 6 11 18 0 4 0 0 0 14 0 0 10 0 0 0 0 0 0 0 8 0 8 0 2 0 20 3 0 0 0 18 0 15 15 0 15 6 2 0 7 0 0 0 0 0 0 0 2 0 0 10 0 0 0 0 0 11 0 9 0 0 13 11 12 0 6 4 0 17 2 6 0 4 1 0 18 0 1 6 0 4 15 0 5 0 0 0 9 -1 0 -1 0 0 0 19 7 0 5 11 0 17 0 0 0 5 0 11 8 0 0 -1 8 12 17 0 0 0 13 16 0 1 0 3 2 2 19 18 7 12 18 15 3 0 1 0 13 0 
0 -1 6 0 0 0 0 7 0 0 0 -1 0 17 0 0 1 0 19 0 0 8 0 18 0 7 11 0 10 0 0 9 0 -1 0 4 0 10 0 0 0 13 12 9 0 0 0 0 13 0 0 0 0 0 16 4 0 6 2 0 0 -1 1 0 0 20 1 12 19 0 14 0 0 7 8 7 13 13 9 0 0 14 0 4 0 12 0 -1 0 5 3 0 13 0 6 0 0 15 6 17 20 0 0 12 0 0 6 0 18 0 0 0 2 0 16 17 18 3 0 15 0 9 1 0 4 6 0 0 0 0 0 0 0 0 0 0 2 0 0 0 0 0 0 5 12 12 12 0 3 5 0 18 3 0 0 0 0 0 3 
0 0 0 0 0 0 17 19 1 15 9 0 13 7 18 20 16 -1 2 1 0 0 0 19 0 0 0 0 0 0 16 0 0 0 0 0 20 0 0 0 0 0 11 0 0 4 0 -1 7 0 0 0 16 0 7 0 18 -1 2 8 12 0 0 19 0 0 0 0 18 2 10 0 8 0 16 0 15 0 7 -1 0 0 19 10 4 5 2 12 0 0 0 18 0 0 19 0 0 0 6 0 9 0 0 0 0 18 0 0 4 0 18 0 19 0 15 0 20 6 0 12 16 13 0 0 0 0 0 6 7 12 19 9 0 0 4 6 16 0 0 10 0 0 19 0 0 0 0 0 0 0 0 20 0 6 1 0 8 0 0 
15 0 15 0 0 13 0 11 0 0 3 0 0 16 16 0 4 0 0 3 0 11 0 12 0 6 17 0 16 0 15 0 15 0 0 0 0 20 0 10 0 0 0 7 5 13 5 0 0 0 19 0 0 19 0 1 0 0 0 15 7 8 0 12 0 0 9 0 8 8 0 7 20 20 8 0 0 0 13 0 9 0 0 0 0 0 1 2 3 0 0 0 0 0 0 0 19 0 16 4 5 0 0 0 0 0 0 0 15 0 5 17 0 0 0 10 0 4 10 15 16 7 0 12 0 3 7 15 0 0 0 0 17 17 0 0 0 19 16 0 0 0 0 0 0 15 11 0 13 14 14 12 4 0 0 11 14 17 13 
12 12 0 17 4 18 10 0 0 0 0 9 10 0 15 0 0 0 0 0 14 16 0 9 5 3 0 1 0 13 0 0 0 0 18 0 9 0 0 0 0 0 0 10 0 15 0 20 0 3 10 0 0 18 0 0 0 5 13 6 6 0 0 0 0 0 19 0 20 0 10 -1 13 0 0 10 0 0 0 0 -1 0 0 17 0 0 0 0 13 0 0 0 0 0 0 0 0 10 3 0 0 0 0 0 18 5 0 -1 0 10 16 0 1 3 13 1 12 0 5 0 12 0 2 15 0 9 0 5 0 0 0 3 8 0 18 9 14 0 0 0 2 1 0 0 12 6 0 0 0 7 6 0 0 0 9 0 13 17 19 
2 0 0 0 0 0 15 0 14 6 0 0 0 9 9 13 0 5 0 9 10 10 9 0 9 0 0 0 0 0 0 0 16 18 13 0 0 15 12 0 0 9 9 0 11 18 0 0 -1 13 6 0 9 0 0 0 0 0 7 0 0 8 0 0 2 0 0 2 0 0 19 0 0 0 0 1 7 19 0 0 0 12 0 10 15 0 0 18 15 0 0 20 7 0 18 6 3 0 0 9 12 0 0 0 19 13 15 17 8 0 0 0 0 1 16 0 5 0 2 0 1 0 8 0 7 0 0 14 0 0 0 10 8 0 0 0 0 20 0 19 13 6 12 0 0 11 19 16 0 3 11 0 0 0 12 15 15 0 11 
17 15 19 0 10 0 13 0 0 0 0 15 19 0 20 10 0 0 14 2 0 14 12 0 13 0 0 7 0 0 0 0 0 0 5 14 14 3 8 18 0 3 0 5 0 0 0 0 0 11 5 -1 0 4 4 0 0 0 0 0 8 9 0 0 12 0 0 10 0 0 0 0 -1 11 15 8 0 0 0 0 6 15 0 15 13 0 0 0 0 13 19 18 0 0 0 0 0 16 0 0 6 0 15 1 0 0 1 0 6 0 16 19 0 20 0 4 0 0 13 10 -1 1 0 13 0 0 14 18 0 12 0 0 0 0 6 0 7 0 6 0 0 15 0 9 0 0 0 0 3 0 7 4 1 0 0 3 19 0 15 
1 17 8 19 0 0 0 18 0 0 0 14 9 0 8 0 0 0 0 1 0 10 10 16 0 0 0 7 9 0 4 0 14 0 17 0 0 0 0 0 0 0 0 0 0 0 0 0 0 0 1 4 0 0 0 1 6 20 13 0 0 7 0 20 0 0 0 9 14 0 0 -1 14 15 0 0 6 5 14 0 17 0 0 0 0 12 0 0 4 15 0 0 4 0 0 12 0 0 0 0 10 0 2 0 0 0 12 0 1 0 0 16 0 11 13 0 20 0 0 14 0 0 0 0 -1 0 0 0 0 5 8 16 2 19 0 3 0 15 0 0 0 0 0 12 0 9 1 4 0 14 9 0 6 0 0 0 20 6 2 
15 0 0 0 0 0 16 13 0 0 0 10 0 2 7 1 4 0 16 0 0 0 15 0 11 2 -1 2 8 0 10 0 0 11 0 19 0 6 0 12 0 0 0 0 20 0 -1 10 6 0 0 5 2 10 0 5 -1 0 19 0 2 0 0 18 0 0 13 0 0 0 0 0 15 0 0 14 0 0 0 4 -1 10 15 16 19 0 0 7 0 15 10 17 4 0 1 14 0 0 0 0 0 11 0 -1 15 12 2 0 0 0 6 0 14 20 0 20 5 3 0 3 8 16 0 0 0 0 0 6 14 0 16 0 0 0 0 0 20 7 18 0 0 5 19 15 6 16 16 6 0 0 5 0 0 20 0 13 20 20 0 
12 0 14 3 15 0 0 0 18 0 -1 16 15 0 20 16 0 0 3 2 0 0 0 20 0 9 0 0 0 10 0 15 0 0 0 11 14 1 0 0 0 0 6 18 11 0 15 0 0 10 15 20 0 0 0 0 0 0 20 0 0 5 0 0 0 9 0 4 18 13 16 7 1 10 11 0 12 0 14 8 18 16 12 0 0 0 0 0 8 0 0 15 15 17 3 0 0 0 3 0 0 18 0 13 6 13 0 19 0 0 0 5 0 0 0 12 8 -1 5 0 0 12 0 0 14 0 5 1 19 0 0 0 8 17 0 2 16 4 0 0 13 0 17 3 20 0 0 0 -1 7 13 0 14 9 0 0 0 0 0 
6 0 0 0 0 20 13 10 0 0 0 10 4 0 0 0 0 0 0 16 10 0 0 15 20 18 0 0 0 0 -1 15 0 2 0 0 12 8 0 0 0 10 14 1 4 8 19 14 0 0 -1 0 0 0 0 5 0 2 0 0 12 10 0 3 7 10 0 0 5 0 0 19 0 1 0 0 19 0 0 0 0 3 0 0 2 19 0 0 0 0 9 0 0 0 9 0 12 6 0 2 1 0 6 0 2 0 18 0 15 18 12 0 0 16 4 0 0 10 9 0 0 0 5 2 0 9 0 18 0 0 5 16 0 0 0 0 5 0 0 0 0 0 1 0 10 -1 5 19 7 19 -1 15 0 0 7 -1 0 0 0 
13 16 18 0 0 17 16 9 0 0 0 0 8 0 3 3 0 0 19 2 5 0 2 10 0 17 20 0 0 12 0 0 6 0 5 0 19 9 0 0 0 0 0 0 20 0 2 19 12 9 0 18 0 0 19 0 20 20 18 4 3 3 0 0 8 14 10 0 8 18 4 0 3 0 0 0 0 16 13 0 0 0 18 15 0 0 0 15 3 14 2 0 0 0 10 3 0 0 9 0 3 0 15 0 0 0 18 0 0 2 1 0 8 0 2 0 17 0 0 14 4 8 20 0 0 9 0 12 0 14 8 8 11 6 0 0 13 0 0 0 19 0 18 16 10 3 0 16 13 0 0 13 0 15 0 0 0 0 16 
0 7 9 0 18 2 0 16 0 0 2 0 17 1 0 0 0 0 18 2 0 15 0 0 17 0 0 14 0 0 13 0 17 7 6 0 17 0 0 17 0 0 0 14 14 4 0 12 0 0 14 8 2 0 0 7 0 14 0 8 0 0 19 1 0 10 0 0 4 0 0 19 12 0 0 0 8 0 11 11 11 0 19 15 18 3 0 14 0 2 0 0 17 15 12 5 0 0 1 15 0 7 0 0 -1 0 0 0 0 8 0 -1 0 0 6 0 17 0 0 0 0 0 0 1 0 5 18 6 0 0 0 15 13 18 7 9 14 2 0 12 0 0 -1 0 0 0 0 0 2 0 1 0 0 0 11 2 -1 6 0 
7 0 0 13 11 0 7 0 0 9 16 0 0 1 17 19 3 1 0 5 13 0 0 0 0 20 0 0 20 18 0 0 2 7 0 0 0 3 0 5 -1 15 0 0 0 17 20 0 8 18 0 0 0 0 0 0 0 19 9 0 5 20 0 18 0 -1 0 0 9 8 15 0 10 0 8 0 1 0 0 0 19 0 20 0 0 0 0 0 6 15 0 20 11 18 0 1 0 11 16 0 18 0 0 0 0 0 0 0 4 17 20 0 0 14 20 -1 0 2 0 0 0 11 12 20 0 0 0 20 0 1 0 8 2 18 0 17 0 4 8 0 0 5 12 15 0 8 0 0 11 6 0 11 0 12 0 18 0 10 0 
19 19 15 0 5 11 0 18 0 15 18 16 1 17 12 0 0 8 0 0 0 0 0 1 19 0 0 0 0 0 0 0 5 0 0 3 0 0 7 1 15 0 0 0 0 0 8 5 0 0 6 0 2 4 -1 20 11 0 0 2 0 1 1 0 0 0 10 16 19 0 13 10 0 0 0 0 0 0 0 19 0 16 0 0 0 16 0 4 0 0 0 0 11 0 9 3 0 0 2 7 15 6 6 20 3 9 0 0 4 0 0 1 0 20 16 0 11 0 0 8 14 0 13 9 19 4 0 0 0 0 11 0 0 0 -1 0 19 10 0 2 0 0 0 7 0 0 16 0 0 0 0 0 0 0 7 10 12 0 3 
9 0 7 0 0 20 4 0 0 0 6 12 19 14 0 0 0 0 0 0 0 0 2 0 13 0 -1 0 0 13 0 0 19 0 10 2 0 0 16 0 9 0 18 16 -1 0 0 1 17 0 14 0 -1 0 16 0 6 17 17 6 0 6 0 11 0 0 0 0 0 0 20 0 0 0 6 1 -1 0 6 0 7 0 4 0 0 3 18 0 16 12 8 17 3 0 17 18 -1 20 0 18 0 0 0 19 5 0 0 18 0 0 0 13 0 11 0 13 19 6 3 3 0 18 2 0 0 12 0 14 20 9 2 17 0 11 0 7 9 0 13 0 0 0 0 10 0 16 16 0 0 20 11 16 17 18 8 3 18 1 0 
12 0 0 4 17 13 3 6 0 0 20 7 5 0 5 0 12 0 19 -1 9 15 7 17 0 0 0 0 0 0 19 2 10 0 0 0 17 0 15 6 0 3 12 1 2 0 5 0 6 0 0 15 0 0 0 0 0 2 0 0 0 -1 0 0 2 9 2 0 6 0 0 0 5 0 13 0 0 6 19 16 0 2 3 0 5 17 0 12 0 9 16 15 5 2 -1 9 2 0 0 15 0 18 18 0 18 0 0 18 0 0 0 10 0 0 5 0 0 9 0 16 14 0 0 0 0 0 3 0 0 6 3 10 0 13 13 0 0 0 3 0 0 0 17 3 0 0 -1 1 17 0 0 18 18 0 0 0 7 20 16 
0 0 5 0 0 0 0 18 0 0 2 17 0 0 7 0 0 11 4 9 0 16 0 16 0 0 0 7 -1 19 0 0 0 0 0 6 0 16 16 0 4 0 0 15 0 0 1 0 3 0 -1 0 18 12 -1 -1 19 6 0 0 13 0 14 0 0 20 16 6 0 0 0 0 0 0 0 0 9 9 0 0 3 0 0 6 0 19 17 8 0 0 0 15 0 0 0 0 11 0 0 0 7 0 0 0 0 0 0 20 8 0 2 0 16 12 3 0 0 14 9 0 13 0 0 11 -1 0 0 0 3 1 0 11 18 16 0 12 8 0 0 1 0 6 17 13 17 11 0 15 0 20 0 12 0 6 0 1 0 4 0 
8 10 0 6 16 9 0 0 3 0 0 7 0 17 3 12 10 14 16 8 0 18 0 18 3 0 9 14 0 20 0 0 20 0 0 0 0 3 6 4 6 1 0 11 0 6 0 0 12 13 0 0 16 9 13 0 0 0 19 11 0 0 16 14 0 20 0 7 9 8 0 9 0 3 0 2 5 0 18 5 0 14 0 0 14 3 5 0 18 18 0 8 1 0 0 13 6 0 0 20 11 13 0 7 0 0 4 13 3 0 14 0 2 0 6 6 0 8 0 8 0 12 0 0 11 0 19 0 17 16 0 1 0 7 0 20 0 0 0 0 0 0 2 0 0 0 5 -1 0 3 0 8 14 0 16 5 6 0 6 
18 0 10 0 0 5 -1 0 0 12 17 1 13 14 20 13 1 2 8 2 0 17 16 3 7 0 13 0 8 0 0 0 0 -1 16 -1 0 0 13 0 0 0 0 0 0 0 0 0 0 10 3 0 5 0 0 3 4 0 0 0 0 18 6 0 7 18 0 0 0 0 4 0 0 5 0 0 0 0 9 0 0 0 0 0 9 1 9 10 0 0 17 0 20 7 0 0 0 0 0 0 0 0 0 0 0 18 9 9 0 20 0 15 0 7 -1 -1 0 0 2 4 0 18 0 0 11 0 9 0 0 0 6 9 0 13 8 -1 -1 0 0 13 4 0 12 9 0 0 2 0 10 11 20 0 5 0 0 13 0 0 0 
15 -1 9 0 14 17 0 0 0 0 0 1 0 0 0 14 18 16 0 4 5 6 0 0 0 3 3 0 13 0 8 0 10 19 0 0 6 0 16 1 0 14 4 0 0 0 0 0 9 0 0 0 0 0 2 0 5 19 0 0 0 20 19 20 0 0 0 3 0 11 0 0 0 0 7 0 7 0 0 15 20 3 0 14 0 20 9 -1 4 1 14 12 19 -1 4 0 3 0 0 0 0 7 0 0 0 10 19 0 10 16 17 0 0 4 12 0 0 0 11 5 0 15 20 19 0 0 16 7 0 16 0 0 14 8 0 0 17 8 9 9 -1 10 7 7 1 0 14 0 4 4 16 19 0 1 9 0 0 14 0 
7 4 0 9 0 0 -1 0 0 0 4 0 0 0 20 15 9 12 0 19 0 0 0 0 12 0 11 0 2 0 17 -1 0 0 0 0 0 15 18 0 7 0 0 0 6 0 0 0 0 0 2 0 0 0 0 0 0 6 0 0 4 15 14 0 0 2 15 4 0 12 0 0 0 6 12 0 0 9 0 0 7 0 0 8 0 0 18 19 8 13 0 0 5 0 0 16 0 19 13 18 0 5 3 10 0 0 0 0 0 0 0 17 2 1 11 0 19 16 0 18 0 0 9 19 0 0 14 0 9 0 3 0 0 0 16 3 0 0 0 13 0 4 12 0 0 3 6 -1 20 0 13 0 1 0 0 0 19 16 0 
0 20 0 0 0 0 13 16 6 2 16 16 0 0 0 -1 0 0 15 0 18 15 0 0 0 13 0 5 6 0 0 0 0 4 0 0 0 4 0 0 19 0 14 0 0 0 0 0 0 18 -1 0 0 11 9 0 0 0 0 4 0 10 12 16 0 0 0 18 0 0 0 19 20 0 0 9 0 0 0 20 3 -1 0 0 0 12 20 0 11 20 13 0 10 0 0 0 -1 2 17 0 16 0 0 9 18 0 0 11 15 0 18 0 0 14 0 0 7 0 0 10 0 0 16 0 11 0 4 0 10 0 0 17 20 0 15 12 0 17 0 16 0 0 0 0 0 0 0 -1 0 0 1 0 19 4 0 11 5 0 0 
0 15 0 4 0 17 0 0 19 0 0 0 0 4 12 0 0 4 0 7 0 0 20 0 0 0 8 15 0 1 5 17 4 0 0 15 14 2 0 1 1 7 0 2 13 0 0 11 0 0 5 6 1 0 0 0 0 0 0 6 0 0 8 17 0 12 0 0 4 13 0 13 0 5 0 0 0 4 0 0 0 0 11 12 6 10 0 0 0 0 0 0 0 16 0 3 0 15 3 0 0 18 -1 9 0 0 12 6 0 0 1 2 6 12 0 -1 0 17 17 0 0 19 0 0 0 0 0 0 0 0 0 0 0 14 4 0 0 0 0 0 0 0 0 3 13 0 0 0 16 0 0 0 0 0 0 14 18 15 13 
0 0 0 3 0 2 0 0 17 1 16 0 19 9 0 0 11 0 0 0 8 0 16 5 3 0 0 20 13 3 4 0 0 7 0 14 -1 1 0 2 14 1 0 0 0 0 0 0 0 0 20 0 6 0 0 0 7 0 17 0 20 0 11 0 20 0 0 6 14 0 5 0 0 0 0 11 14 0 15 0 0 1 5 0 18 0 19 5 0 15 0 4 7 0 14 0 0 0 0 0 0 17 0 0 6 20 0 11 0 15 9 0 1 16 0 2 0 18 -1 0 0 15 0 16 0 0 0 3 0 18 17 18 3 0 8 5 14 19 0 0 0 0 15 0 0 7 8 19 9 12 15 13 0 -1 20 4 19 13 -1 
0 7 0 0 0 0 0 0 0 0 6 7 3 20 0 10 5 11 18 -1 0 17 5 0 7 0 2 0 0 0 0 0 3 0 11 0 0 0 10 0 20 0 0 10 7 0 1 2 0 7 10 0 0 17 17 0 0 0 0 8 0 2 5 0 11 19 0 0 0 14 0 14 2 0 0 0 9 6 12 11 11 0 7 20 14 0 3 0 -1 0 18 14 10 6 7 0 19 5 5 0 11 0 19 0 0 14 0 14 0 1 0 0 19 0 0 0 8 0 0 8 0 -1 0 11 0 0 2 0 0 8 0 0 0 16 0 0 0 0 1 19 4 0 3 5 0 0 8 0 4 0 0 0 0 0 -1 0 0 0 9 
17 3 9 0 19 11 0 0 0 0 8 -1 0 0 6 0 11 0 9 -1 0 12 0 0 0 0 15 -1 0 -1 12 10 0 16 1 10 17 0 6 17 6 0 14 0 15 0 2 0 0 8 0 -1 12 -1 0 2 0 0 6 -1 0 0 0 6 8 0 0 0 9 0 4 8 18 11 0 0 0 0 12 0 0 6 0 14 0 19 0 11 14 5 0 0 1 19 0 10 0 0 0 2 0 0 0 6 0 0 5 0 7 0 18 9 0 3 0 0 0 19 8 0 0 17 12 -1 0 6 5 5 0 20 20 0 10 19 0 0 -1 0 0 15 2 7 16 8 -1 0 0 13 5 0 0 0 0 0 16 0 0 11 0 
13 -1 0 0 18 18 5 0 0 0 0 0 0 -1 0 16 0 0 0 0 0 0 0 18 14 9 10 0 2 10 0 19 5 15 0 7 0 0 0 0 2 0 0 0 0 0 0 0 13 0 0 0 14 11 20 20 0 -1 -1 0 0 15 0 0 0 0 10 0 0 0 2 0 0 0 1 0 0 8 4 0 0 10 -1 -1 13 0 15 5 16 0 12 0 0 0 3 0 0 16 0 11 15 1 0 0 0 10 4 0 0 0 13 9 0 7 0 3 8 0 0 0 13 0 8 -1 0 0 0 0 -1 9 0 5 15 0 2 15 0 10 5 0 1 0 11 0 0 0 0 0 0 0 0 1 20 0 0 0 0 13 0 
0 4 0 20 -1 16 1 12 0 10 12 10 18 0 20 0 0 18 0 8 0 0 0 8 8 0 7 11 4 0 0 8 3 8 3 10 0 20 0 0 0 0 0 0 0 8 0 0 14 0 0 0 0 2 0 17 0 0 0 18 3 0 0 0 20 10 0 0 0 0 0 11 3 0 16 0 0 0 19 0 14 0 8 19 0 9 0 0 0 0 0 18 13 9 0 0 0 2 2 0 19 0 0 14 3 0 0 0 0 0 0 11 0 0 14 7 0 5 0 2 0 6 0 9 0 0 0 0 17 -1 0 0 19 0 12 0 0 0 18 1 0 14 0 11 0 11 7 6 12 0 12 6 0 0 2 0 0 0 10 
5 0 0 9 0 10 16 0 0 0 -1 0 1 15 0 -1 0 17 18 0 7 0 9 0 11 0 3 16 10 0 0 2 0 0 0 0 0 0 0 1 1 0 11 0 13 15 0 -1 17 0 0 18 0 3 13 16 0 0 0 0 0 0 13 4 0 0 0 0 12 1 20 6 13 0 0 0 0 0 8 19 0 0 15 15 0 6 0 9 0 0 0 6 0 19 0 0 0 11 0 12 5 0 11 0 0 3 0 11 0 0 0 0 0 4 0 0 0 14 0 0 14 1 0 8 0 18 0 0 0 0 9 0 20 0 0 0 19 0 3 0 0 -1 14 0 0 14 0 4 0 20 16 0 0 0 0 12 4 0 0 
5 0 0 0 0 -1 9 13 0 14 0 0 0 8 0 0 0 11 18 12 4 0 0 16 0 0 3 0 -1 15 0 0 12 13 2 0 0 0 0 0 0 0 0 0 14 4 13 0 5 0 16 0 17 0 2 13 0 20 2 13 14 0 0 2 0 7 11 0 17 0 0 19 0 0 16 5 0 9 0 2 0 0 3 0 0 20 0 0 3 -1 6 4 7 4 0 11 5 0 19 3 8 11 3 8 4 8 0 0 0 15 16 0 0 14 13 0 0 0 3 4 5 0 0 0 10 0 0 11 0 5 16 0 0 7 0 7 3 0 0 0 14 0 16 0 0 0 8 0 0 0 10 0 20 14 0 2 0 4 9 
16 15 16 0 0 6 0 0 0 0 0 11 0 0 20 0 17 0 0 -1 9 0 0 4 0 0 0 0 0 0 12 11 0 0 0 0 17 10 16 0 0 16 14 0 7 0 12 0 6 17 0 15 0 0 7 6 15 0 -1 0 0 0 0 8 0 0 0 17 0 0 19 0 0 0 6 0 11 0 0 7 0 0 -1 0 0 20 0 15 0 15 2 0 2 0 5 0 0 4 0 0 19 0 0 0 -1 14 1 17 0 0 7 0 0 0 0 0 0 1 17 0 0 20 0 0 0 5 19 0 0 0 7 4 20 0 13 0 -1 0 0 0 2 0 10 5 6 0 7 0 0 0 0 14 15 9 0 0 7 0 0 
0 13 12 13 0 0 2 0 7 14 14 0 0 16 0 0 0 0 17 17 11 20 0 0 4 6 4 4 0 -1 -1 20 0 0 0 19 0 -1 6 3 0 16 0 0 0 9 19 15 20 8 0 11 3 0 0 2 6 6 -1 0 0 8 0 0 5 7 19 0 0 0 0 6 0 0 0 0 0 0 0 19 19 0 14 0 0 0 0 0 8 1 0 6 9 0 0 0 19 12 0 0 1 -1 0 0 0 8 0 0 0 0 0 0 0 2 0 4 0 19 0 7 0 0 0 12 0 8 7 0 1 0 0 0 7 11 20 10 19 10 1 0 0 0 13 0 7 0 0 0 9 0 3 0 0 0 10 11 11 0 9 
0 4 0 14 4 0 15 15 18 19 0 10 0 0 14 5 0 18 12 10 0 10 1 19 18 13 0 0 18 10 0 0 0 11 0 18 0 0 20 15 5 11 0 1 4 0 0 -1 13 7 0 0 0 0 0 18 1 0 0 18 17 10 0 0 4 0 0 5 0 0 15 0 9 0 0 0 3 1 0 19 4 0 0 10 0 0 0 0 12 14 14 16 0 0 0 0 16 13 19 2 0 0 3 0 0 13 2 8 0 0 2 4 18 6 1 0 11 0 0 0 0 11 0 0 5 11 0 6 20 0 17 1 0 17 13 0 0 -1 15 0 8 7 16 0 0 9 0 0 0 0 20 0 12 0 0 1 -1 17 0 
20 9 16 0 0 0 18 9 0 3 0 0 0 0 1 0 10 9 0 0 0 3 0 0 0 4 13 17 0 0 14 0 0 15 4 0 0 0 6 0 0 0 3 2 0 10 17 1 0 0 0 -1 0 0 10 0 0 4 12 0 0 2 17 0 15 0 15 17 0 0 0 0 0 19 0 0 8 0 -1 9 0 1 0 0 5 0 0 0 0 0 13 19 3 0 0 12 0 0 -1 0 0 0 0 0 0 0 15 0 10 10 18 0 12 17 -1 5 0 13 2 2 0 0 5 0 0 0 2 17 1 3 0 0 5 0 0 19 16 15 11 0 7 0 0 0 6 0 0 0 0 9 16 0 2 0 0 5 19 7 0 
0 0 19 20 7 3 5 5 -1 0 1 7 -1 1 17 0 0 12 14 0 0 8 16 0 0 0 0 13 0 0 0 0 0 17 12 14 0 18 0 0 3 15 -1 9 0 16 16 5 4 17 13 0 18 0 2 13 19 0 -1 12 10 8 2 8 5 0 0 0 0 0 0 0 -1 0 0 0 0 0 11 1 16 19 0 11 0 0 0 0 0 0 16 5 0 10 0 8 6 0 0 3 0 0 0 0 0 0 12 0 0 15 0 4 5 4 11 15 18 0 7 0 12 8 3 3 10 15 4 0 0 0 8 13 11 0 17 0 0 0 6 0 15 0 0 18 0 0 20 14 15 -1 11 19 0 0 18 0 17 0 0 
10 0 0 16 0 10 1 0 3 0 7 11 9 0 0 3 0 0 0 7 6 15 8 0 0 0 4 11 0 0 3 11 0 6 2 5 0 0 19 6 19 5 15 14 9 20 0 0 11 0 0 6 14 0 7 0 0 3 0 4 2 0 0 0 0 5 3 12 9 0 0 0 17 19 19 0 15 5 5 0 -1 0 4 1 0 17 0 0 5 0 0 0 0 16 0 1 7 3 0 2 20 15 17 0 0 12 -1 0 5 -1 19 0 16 0 0 0 17 0 0 0 13 0 10 0 19 20 1 0 4 0 2 0 0 0 0 0 0 0 10 10 0 13 8 0 0 0 20 6 0 0 0 0 0 0 18 19 0 10 0 
0 2 -1 0 0 0 17 14 0 0 0 13 1 0 9 0 0 4 11 0 0 0 0 5 0 8 19 18 2 7 7 0 5 3 0 0 1 10 9 10 0 0 2 0 1 7 0 0 6 0 0 0 0 5 0 14 10 14 0 0 19 14 10 6 2 0 0 0 0 0 5 0 0 2 0 16 14 13 0 7 0 6 0 7 -1 0 15 4 0 20 0 0 4 12 17 0 0 0 0 0 8 6 20 0 0 0 0 0 9 5 18 0 0 4 0 0 0 0 0 19 0 0 20 5 0 11 0 19 9 19 -1 0 11 0 7 0 0 10 11 18 9 20 0 0 0 0 12 5 0 7 0 19 17 0 0 3 11 -1 4 
0 0 14 0 0 0 0 19 5 0 3 0 0 -1 0 12 10 12 0 0 0 0 0 0 0 0 17 0 0 1 3 0 0 -1 0 0 0 0 0 0 0 0 0 0 14 0 0 0 9 0 2 0 5 7 0 0 10 10 0 15 12 0 0 0 0 0 0 8 7 0 -1 0 -1 0 16 10 11 4 -1 11 0 0 17 -1 20 0 6 15 19 4 17 14 17 0 0 6 19 0 0 12 0 0 0 1 0 5 0 0 0 3 4 0 0 13 20 0 0 -1 0 0 0 0 0 14 11 0 4 1 13 0 0 0 0 0 0 0 4 0 0 18 0 0 8 16 2 0 3 3 0 0 0 0 0 0 0 0 -1 18 0 
19 0 0 6 -1 0 -1 1 10 0 9 9 0 0 12 2 0 0 3 4 0 0 0 0 1 0 14 6 15 4 0 20 0 0 0 8 3 0 -1 6 13 0 0 0 0 8 5 0 0 12 0 4 10 6 1 19 10 10 19 0 0 16 16 0 0 0 0 0 0 0 0 0 18 0 4 10 0 14 0 0 0 19 14 0 19 0 12 18 0 0 1 1 11 0 0 4 12 0 0 -1 0 8 1 0 0 3 11 0 0 19 16 12 12 0 5 0 12 8 0 0 8 7 6 0 19 0 0 0 4 9 5 3 8 0 0 2 0 15 18 0 4 17 0 0 0 0 0 0 10 0 0 0 0 0 20 13 0 0 0 
15 0 7 0 0 6 0 0 0 0 -1 12 15 0 0 14 17 0 8 0 0 0 0 0 -1 0 11 0 0 0 -1 7 10 0 19 -1 0 0 0 0 0 0 0 0 0 18 4 0 0 1 19 0 0 12 19 0 6 0 0 16 0 20 5 10 0 0 0 0 0 7 18 0 20 4 0 0 0 0 0 11 19 0 0 11 5 0 0 13 0 11 13 0 4 11 5 3 0 0 0 0 0 14 11 2 20 20 0 19 0 12 4 18 0 0 14 0 12 6 0 -1 16 0 -1 0 0 0 10 10 0 5 0 9 4 12 0 5 0 6 -1 4 17 0 0 0 4 0 20 0 8 0 10 0 0 0 0 0 0 10 7 
19 0 10 14 10 5 8 0 17 0 6 0 0 0 15 0 10 1 0 0 6 3 13 2 20 0 0 0 13 0 0 0 15 12 4 0 0 15 8 10 7 0 18 20 15 4 0 10 0 18 6 0 0 0 15 20 0 0 0 7 19 0 0 0 0 0 0 0 0 0 13 0 8 20 0 18 0 0 5 0 0 0 4 0 7 2 0 0 17 0 17 0 0 0 0 0 0 0 0 0 8 9 0 0 17 9 3 1 15 0 -1 0 0 0 18 0 7 0 0 10 0 0 6 0 5 1 8 3 7 0 0 0 4 0 0 0 0 8 19 0 0 11 0 16 7 12 3 12 5 0 -1 13 7 16 0 10 8 3 0 
0 18 17 19 0 0 0 13 0 11 0 0 0 2 9 0 12 0 0 0 6 0 0 2 0 7 0 0 0 0 4 0 2 0 0 10 16 0 5 0 8 18 0 0 0 0 0 17 0 0 0 3 0 0 0 0 0 0 0 6 9 16 5 18 0 -1 9 15 0 0 1 19 11 15 0 0 0 0 6 8 6 1 0 0 19 7 17 5 10 0 10 0 6 0 0 0 0 0 1 0 11 0 0 0 0 0 13 6 0 1 6 0 3 0 0 2 0 0 8 17 18 17 3 0 11 0 0 15 0 0 3 0 0 12 8 2 0 0 0 0 1 0 18 0 0 0 0 0 19 0 7 0 5 13 18 1 0 13 0 
-1 0 0 0 -1 -1 12 3 0 0 15 0 0 18 1 19 2 0 0 0 7 0 0 0 4 0 12 15 17 0 6 1 0 0 0 9 12 0 17 0 20 19 0 0 4 5 0 0 0 0 7 0 8 0 0 20 1 0 7 13 0 0 0 0 0 19 0 0 15 0 2 20 0 12 0 5 0 0 17 5 0 0 0 0 10 7 17 0 0 -1 -1 14 0 20 0 0 0 0 0 6 4 0 14 0 17 -1 18 -1 19 0 17 0 0 4 0 0 18 14 9 15 0 0 0 13 0 0 2 0 0 3 -1 0 14 0 19 0 0 0 12 7 0 0 0 0 0 0 0 0 0 0 0 1 13 0 0 3 8 0 15 
0 0 0 18 6 0 0 16 0 6 17 4 0 0 0 20 0 8 0 17 16 20 6 17 10 0 0 0 17 4 11 16 19 0 0 0 1 0 0 6 0 2 0 0 8 -1 0 6 0 -1 20 0 12 0 0 20 8 0 0 0 0 18 0 1 0 17 5 18 12 0 0 0 3 0 14 11 0 14 0 0 11 20 0 0 -1 0 0 12 12 0 14 0 -1 3 0 0 0 8 0 19 10 3 0 3 5 0 0 16 9 0 12 0 0 20 0 0 0 9 0 0 0 15 0 13 7 1 4 0 0 0 9 0 -1 0 8 0 5 20 18 6 19 0 0 11 0 6 17 11 0 10 0 0 6 0 0 0 0 0 0 
0 0 20 6 0 0 0 6 0 0 0 15 10 2 0 0 0 17 0 0 0 0 1 0 0 0 0 0 0 12 0 6 0 0 12 0 0 16 19 0 0 0 0 15 7 0 12 7 0 0 0 0 11 0 0 9 0 0 0 0 1 0 3 -1 18 19 5 12 5 0 19 0 0 14 0 0 11 0 7 0 0 0 10 20 14 17 -1 0 -1 13 0 0 0 9 15 9 18 0 7 2 0 0 10 0 0 0 11 0 0 0 1 0 0 0 9 0 5 -1 0 7 0 0 9 0 0 0 0 0 15 0 0 0 0 0 0 0 9 1 -1 0 0 20 0 0 19 0 15 10 0 0 11 5 0 15 14 0 2 0 2 
0 0 15 0 0 7 0 15 18 17 -1 12 16 0 5 2 17 9 7 0 0 4 17 0 0 17 15 20 0 0 0 17 17 20 0 1 15 1 11 4 10 0 12 9 0 0 -1 15 0 5 0 15 0 6 0 0 0 0 0 0 0 0 0 0 0 0 1 3 0 0 0 8 0 6 0 5 17 11 0 0 0 14 20 3 -1 0 0 0 19 0 0 20 0 0 0 15 0 0 10 0 10 0 15 1 14 0 -1 0 13 14 16 0 0 9 0 7 0 2 0 0 17 5 0 0 16 2 0 0 18 0 0 0 20 10 0 0 0 15 17 3 0 0 0 10 17 15 0 0 0 2 0 8 9 0 0 3 0 0 11 
12 0 2 0 18 2 0 9 0 3 0 0 10 0 17 0 14 0 0 1 17 0 -1 0 0 2 0 6 0 5 7 14 0 12 2 12 0 0 6 0 0 0 0 16 20 0 0 -1 0 16 0 16 0 0 18 19 6 0 0 0 12 0 0 1 0 6 5 4 11 0 10 20 0 0 9 5 0 9 0 8 15 12 0 0 0 2 8 16 18 0 15 0 18 0 9 2 3 0 0 16 19 0 0 0 0 20 8 0 9 0 0 0 6 8 6 0 16 9 4 1 0 0 10 3 16 0 0 0 0 0 -1 0 14 0 0 16 0 10 20 0 0 11 3 0 0 0 0 17 18 2 3 15 10 20 0 -1 13 0 0 
0 1 16 8 11 0 -1 14 0 13 0 12 0 0 -1 0 0 0 0 0 13 0 0 0 9 0 13 11 0 0 0 4 6 15 0 0 11 0 3 0 0 6 0 0 12 8 0 19 0 0 0 14 0 13 0 2 0 0 20 17 7 0 9 18 8 6 0 17 7 11 17 1 0 0 15 0 9 10 5 0 12 0 20 0 0 0 2 6 8 3 0 0 13 13 0 16 0 0 0 5 0 19 0 13 4 12 0 0 -1 18 0 0 16 18 9 0 0 0 -1 0 4 1 0 0 0 15 1 4 15 14 0 5 0 0 8 0 12 14 2 19 20 4 0 10 1 10 0 0 0 4 0 0 0 3 12 0 0 4 16 
0 0 0 18 0 19 0 0 0 0 0 0 4 0 19 0 11 10 0 0 0 3 0 19 0 0 0 12 8 4 20 -1 0 0 8 5 9 0 1 0 17 0 0 0 0 16 0 18 11 20 0 0 0 0 0 0 15 17 0 7 12 0 0 0 18 2 13 0 18 0 0 9 13 0 1 17 2 2 12 4 -1 7 0 0 9 0 0 5 12 20 15 0 0 0 0 17 0 0 17 0 -1 0 0 3 0 19 0 0 0 3 0 20 6 0 20 0 0 17 19 0 0 8 0 13 0 0 0 1 13 16 1 0 0 15 15 0 4 0 14 18 0 0 17 6 12 10 -1 0 12 1 0 2 20 0 14 15 17 0 0 
0 10 0 2 0 11 0 0 18 0 0 6 8 8 0 0 15 0 1 2 3 0 12 0 14 0 0 0 -1 0 0 0 0 12 4 4 0 0 0 0 5 17 11 11 7 8 5 0 0 0 1 0 4 0 6 0 0 0 15 0 0 0 4 15 8 0 0 -1 12 1 18 0 0 0 11 0 15 0 15 11 0 0 0 0 0 0 0 1 20 0 0 14 16 19 0 0 0 0 9 0 0 0 2 0 12 0 6 2 0 3 8 0 17 0 10 14 0 10 -1 5 0 0 0 0 0 0 11 0 8 0 0 0 1 0 0 19 0 11 0 0 0 0 0 0 15 0 0 0 0 12 0 0 0 3 0 0 0 0 11 
12 0 0 0 0 0 16 0 0 0 0 9 7 6 0 17 10 11 16 0 17 0 0 0 0 12 0 0 0 0 11 0 7 0 11 0 0 0 0 18 0 7 9 5 20 0 0 0 0 5 0 0 0 0 0 16 1 0 0 20 0 11 17 4 0 0 1 14 0 14 0 10 0 1 7 0 -1 0 10 0 17 12 9 0 12 0 0 0 19 0 -1 0 0 15 14 10 0 0 12 0 17 0 1 0 19 0 0 2 0 16 0 0 0 6 0 0 20 0 7 17 14 4 0 0 0 18 13 18 0 6 6 0 12 0 2 5 0 0 0 0 0 0 10 5 1 0 0 0 0 10 0 0 1 8 6 10 0 4 0 
17 0 0 9 0 0 20 0 6 19 0 0 0 0 7 0 13 14 18 0 0 1 15 5 17 0 9 4 15 9 0 4 12 0 18 0 15 4 4 20 0 7 0 17 6 2 8 11 17 7 0 14 0 0 9 0 7 14 0 0 0 3 0 0 0 10 0 12 0 11 19 0 0 0 0 0 0 0 0 0 17 0 11 14 0 0 0 0 20 14 1 17 0 0 0 0 0 0 0 2 0 0 0 0 0 0 0 0 15 0 -1 19 7 6 9 0 0 19 -1 13 7 4 0 14 0 0 6 0 0 0 0 0 0 0 0 7 11 0 5 15 0 18 0 0 0 0 3 0 0 2 20 0 12 5 5 0 0 2 0 
0 0 0 0 0 0 0 11 4 10 1 13 2 0 0 12 4 0 -1 9 -1 0 12 0 1 0 0 12 0 0 16 0 5 17 7 0 0 18 0 11 0 0 0 9 18 15 0 8 0 9 0 20 0 0 0 17 1 12 14 4 13 0 16 0 4 0 12 0 0 0 0 20 0 0 3 0 0 0 0 7 12 16 0 0 15 0 10 0 7 0 0 1 0 -1 15 17 16 0 16 0 0 19 20 16 0 17 17 12 0 5 0 8 16 0 0 19 0 16 15 0 -1 19 0 0 0 16 0 0 0 4 0 6 17 0 0 18 17 0 15 0 3 3 0 9 0 0 13 9 0 0 16 13 0 0 0 0 9 1 0 
-1 20 19 6 0 20 10 0 0 5 8 0 9 0 0 0 0 0 1 7 0 0 0 6 7 11 0 15 -1 17 20 0 3 5 19 6 19 8 0 15 10 3 12 16 0 0 0 17 0 0 18 5 0 0 9 0 0 7 0 4 0 0 12 0 12 0 1 0 0 6 8 16 0 4 0 0 0 0 0 6 13 0 8 0 20 0 0 0 0 0 0 5 3 18 0 0 10 0 10 0 8 0 12 2 17 10 0 0 0 7 10 0 0 0 0 13 7 6 0 4 0 0 20 0 0 14 0 0 0 0 0 0 0 0 0 11 0 7 0 7 17 0 0 0 0 0 0 0 1 12 17 0 8 0 0 17 17 0 0 
20 12 6 0 3 17 0 19 0 0 18 18 12 4 0 1 -1 0 0 -1 0 11 4 0 19 15 0 1 3 18 0 0 10 18 0 9 0 6 9 0 17 15 8 19 19 3 0 14 0 13 0 0 0 0 0 13 0 15 4 0 0 0 8 9 7 18 0 0 6 0 0 0 18 0 0 0 0 17 10 13 15 0 0 11 0 0 18 17 0 20 2 2 7 0 0 1 16 0 9 0 0 0 8 19 0 0 17 20 0 0 0 0 0 0 3 15 0 1 7 12 0 3 2 14 0 14 -1 20 0 0 0 0 10 -1 0 18 0 0 0 0 0 0 9 -1 0 0 0 -1 0 10 0 0 6 5 0 0 0 9 16 
4 16 14 9 4 0 0 1 0 0 13 0 0 0 7 17 0 16 0 0 0 6 0 0 17 0 19 -1 20 0 11 0 0 0 18 0 0 0 0 0 3 0 3 19 4 0 0 0 0 0 12 0 11 10 0 20 0 0 0 12 0 0 0 0 0 0 9 0 4 3 0 3 7 0 10 2 19 0 0 0 0 0 0 0 19 18 7 0 0 1 0 9 4 0 11 17 8 0 0 0 3 0 0 0 0 3 7 0 2 0 2 19 0 8 8 1 0 0 20 0 0 0 12 18 16 7 0 3 0 17 0 11 20 17 0 0 0 0 -1 0 14 17 0 0 0 11 20 3 0 1 0 19 13 6 0 16 7 0 0 
9 16 11 15 13 6 8 11 0 7 12 0 10 14 0 0 -1 0 4 0 15 16 0 0 0 6 8 9 0 0 3 0 0 0 0 20 11 0 0 10 0 13 9 0 0 0 0 0 -1 14 12 0 0 0 8 18 0 0 16 12 0 18 0 0 0 15 0 0 0 11 0 0 7 0 11 0 0 0 14 0 17 -1 20 0 0 0 0 12 4 5 0 0 5 0 4 0 0 9 0 0 0 0 2 0 0 0 0 14 7 0 0 0 0 0 1 19 12 0 1 6 0 19 0 19 0 9 0 0 0 2 0 0 0 0 7 6 0 8 0 5 0 9 0 3 17 8 0 14 16 7 8 10 14 0 1 3 0 2 9 
0 20 0 0 9 0 0 5 7 0 0 0 0 0 0 0 20 0 0 0 20 8 10 0 0 0 2 18 18 0 0 0 0 0 0 11 0 3 6 0 0 0 0 14 0 0 16 8 10 0 1 0 6 7 2 0 4 6 11 20 0 15 16 0 0 0 0 0 12 0 3 16 7 15 16 5 8 20 0 0 20 -1 1 0 0 0 0 0 0 0 0 0 0 0 0 0 6 0 0 14 0 0 16 6 5 0 4 5 0 1 0 17 0 15 8 0 0 0 -1 0 0 0 4 18 0 0 2 5 0 19 0 0 12 0 1 13 20 20 0 0 16 0 0 0 8 0 20 6 0 0 2 0 0 1 0 14 13 2 0 
0 0 0 0 0 3 0 16 7 2 0 4 0 0 0 8 0 0 0 16 16 0 2 0 3 7 0 9 3 14 0 0 16 9 0 3 0 0 0 0 0 9 0 0 4 0 0 7 0 17 5 0 16 6 4 6 0 -1 20 0 0 0 0 0 0 14 0 0 0 0 0 0 0 0 0 0 1 0 0 0 0 1 -1 0 3 0 3 0 11 0 0 0 0 9 19 0 0 13 0 0 0 14 1 11 0 0 17 0 0 0 0 0 17 6 19 0 0 13 0 11 0 0 5 0 -1 12 0 16 0 20 0 0 13 0 13 18 9 0 0 0 0 0 0 11 4 15 10 0 0 2 13 19 0 2 0 0 0 0 0 
0 0 0 4 17 10 0 12 0 17 0 0 19 0 0 0 0 0 0 13 0 0 0 0 0 0 0 17 0 0 0 6 2 13 17 0 0 0 0 0 0 0 16 13 0 9 7 5 0 -1 0 0 0 20 0 0 0 16 0 13 13 0 0 0 8 12 0 11 0 11 12 11 5 0 0 0 0 0 2 0 0 0 14 7 14 0 0 0 0 0 17 8 0 2 15 12 0 16 0 5 0 6 9 16 6 0 5 -1 0 0 0 9 0 3 3 4 0 0 0 -1 15 0 0 2 0 4 8 0 0 6 17 16 0 15 7 0 10 0 0 0 0 6 0 9 0 15 0 16 10 2 0 7 19 7 0 0 18 0 0 
0 7 0 3 0 7 0 0 0 0 0 4 0 2 -1 6 5 0 0 0 0 0 0 9 8 3 5 0 0 17 7 0 0 0 0 0 0 -1 0 0 0 15 0 1 6 0 18 0 0 0 0 0 0 0 2 0 8 0 20 0 19 4 8 14 12 4 4 5 0 0 0 0 0 6 0 0 20 8 15 18 0 0 0 0 0 0 0 0 12 0 0 5 0 0 15 0 17 6 10 0 0 0 13 0 0 0 8 9 0 0 1 0 16 4 12 0 12 0 0 0 0 3 0 0 0 15 0 0 0 0 0 0 0 9 0 3 20 0 0 0 -1 0 2 0 0 0 2 12 1 0 7 0 -1 3 6 12 8 8 0 
2 16 9 0 11 0 18 14 0 9 10 0 8 0 0 8 0 2 6 0 0 0 0 0 0 0 4 9 16 20 0 4 0 18 0 3 0 0 0 -1 20 11 5 0 0 16 0 1 19 0 14 0 4 6 0 3 5 4 0 9 -1 0 0 0 8 10 17 0 0 0 9 0 0 0 0 14 9 0 0 0 0 11 7 0 0 18 0 14 0 0 0 0 3 0 7 0 0 0 0 15 7 0 0 13 0 16 18 0 0 0 12 0 1 19 0 0 10 0 0 0 0 19 0 0 2 2 0 20 0 13 0 2 0 0 20 0 2 0 0 -1 0 0 0 0 0 2 0 18 16 0 0 7 0 0 5 0 0 0 0 
0 0 0 0 3 5 0 0 4 11 0 0 9 0 0 0 0 0 16 0 1 -1 0 0 3 0 2 0 11 0 12 20 0 0 0 3 0 0 1 0 14 6 0 0 9 10 0 0 17 20 14 0 0 0 0 9 6 0 3 19 0 -1 0 0 2 19 7 0 0 0 16 0 8 10 13 0 15 0 7 0 0 0 20 0 10 0 3 18 0 -1 0 0 0 6 0 4 9 0 18 10 4 0 0 0 16 0 2 8 3 10 0 12 0 0 2 0 0 3 4 0 0 0 0 0 0 0 10 17 2 4 0 0 0 0 20 9 0 0 0 8 7 0 0 0 0 0 0 6 0 4 20 0 0 0 14 0 0 0 0 
0 0 8 0 0 2 0 7 0 0 0 0 12 0 0 0 4 0 9 0 0 0 8 0 0 0 0 0 0 0 0 0 5 0 0 0 0 0 4 7 0 -1 7 0 11 1 0 7 -1 10 0 0 8 0 0 0 5 16 14 2 6 0 5 0 0 15 19 20 3 0 17 8 6 0 2 0 0 0 0 0 0 15 0 17 5 0 0 17 19 0 20 9 16 0 0 16 0 6 0 0 15 1 5 6 0 0 0 10 0 0 0 0 0 0 11 18 5 19 0 13 0 17 1 8 0 16 7 4 0 18 8 0 12 4 0 0 11 17 0 4 0 0 3 0 0 0 13 4 3 0 0 15 0 0 0 0 9 18 12 
0 -1 0 0 14 11 8 0 5 5 0 0 -1 15 0 0 15 0 11 0 12 0 0 0 16 0 4 0 0 -1 0 0 0 0 16 0 7 18 4 0 2 18 0 0 0 0 16 0 0 0 -1 9 16 0 4 0 0 18 0 0 0 0 0 13 16 0 0 0 0 8 8 0 0 0 14 16 0 8 4 0 14 0 5 18 0 0 2 19 0 16 2 0 0 0 10 0 8 9 0 0 0 0 0 0 -1 16 0 2 15 -1 0 12 9 16 0 0 0 0 0 15 0 20 12 1 0 0 0 0 0 0 0 0 3 15 18 17 0 12 18 0 0 0 0 18 5 11 18 14 6 3 0 0 9 0 15 13 11 15 0 
17 15 20 17 0 0 8 0 14 0 0 3 0 -1 0 2 10 19 0 8 0 17 0 0 15 20 10 0 0 0 0 0 0 1 0 -1 8 12 0 0 13 0 6 0 0 0 0 0 4 0 7 11 0 18 0 0 4 11 20 2 12 10 10 11 0 15 0 0 0 0 9 -1 12 0 4 0 0 15 0 0 0 11 0 0 0 9 16 0 0 3 0 0 6 0 0 0 0 10 6 0 0 0 0 6 8 8 0 3 1 0 -1 0 0 0 3 1 0 20 11 0 0 10 9 0 12 11 4 12 0 15 0 20 0 11 0 0 0 -1 0 10 0 0 0 13 2 0 0 0 0 0 0 6 0 0 0 13 0 0 0 
8 0 5 15 0 0 18 1 9 0 0 -1 12 11 0 2 16 -1 0 0 0 1 0 5 0 19 0 0 6 14 0 8 0 19 0 19 16 19 10 19 1 0 12 3 0 1 0 0 0 0 0 0 0 0 0 0 0 -1 0 0 0 5 17 0 0 16 19 8 0 10 0 0 0 19 0 0 0 0 13 0 3 5 6 0 0 0 2 0 0 17 0 0 20 0 5 0 15 0 13 0 0 0 0 -1 18 0 0 7 19 17 0 16 2 0 20 19 0 4 0 0 0 12 0 12 0 -1 -1 0 0 0 0 0 14 0 4 0 7 12 0 0 11 1 0 8 10 0 4 4 0 0 0 4 0 0 0 0 7 0 10 
9 6 9 10 9 3 0 12 0 8 0 0 19 0 5 0 0 0 12 1 7 13 9 16 0 18 0 20 9 0 5 0 0 0 0 0 12 0 0 0 0 0 0 17 0 4 0 16 0 1 -1 7 19 13 6 0 0 0 4 0 11 13 0 0 0 0 2 0 0 10 0 3 0 10 16 0 16 0 0 0 0 16 0 0 0 0 0 17 -1 0 17 17 11 0 7 20 0 11 0 12 0 19 19 12 16 14 10 15 6 0 9 20 3 0 0 4 16 0 16 16 0 0 0 14 0 11 0 0 0 0 0 0 3 18 0 10 0 1 9 0 17 0 0 0 0 0 9 19 0 0 7 0 -1 7 4 0 0 6 2 
14 0 0 9 14 6 6 14 0 8 19 7 0 10 0 5 0 0 0 0 0 16 11 1 3 0 0 0 11 0 0 8 3 0 17 12 19 6 18 2 12 0 17 0 12 20 17 0 20 -1 0 0 0 2 19 0 0 9 16 0 0 0 1 0 2 18 13 19 2 0 13 0 6 13 0 12 0 0 0 12 0 0 0 0 0 0 2 2 0 0 0 0 0 11 0 0 0 0 16 16 6 19 1 -1 0 0 8 13 0 0 0 0 0 0 0 0 0 0 10 11 0 0 0 16 6 7 0 14 7 6 0 5 9 0 10 15 0 0 2 0 5 0 5 0 0 0 11 9 0 18 17 0 0 0 6 0 0 0 0 
1 17 16 17 12 6 13 1 13 2 5 20 5 16 5 13 10 20 10 -1 4 19 2 17 17 6 9 19 14 14 -1 16 10 16 12 -1 -1 2 2 11 3 6 11 10 -1 15 10 14 11 9 19 7 12 13 4 20 1 11 14 6 1 15 18 2 13 19 3 4 2 10 14 13 9 8 12 18 6 18 8 20 
61 96 68 73 90 99 94 97 90 73 63 94 72 96 70 80 92 62 96 92 85 68 80 88 89 83 67 80 77 98 69 88 67 88 61 81 86 79 77 75 51 65 68 74 60 62 78 76 75 73 93 59 91 72 71 53 54 62 57 56 59 77 94 50 89 79 81 74 57 83 73 59 72 66 57 82 78 59 82 77 82 74 61 98 70 82 75 100 95 83 55 78 59 99 79 72 78 84 96 59 91 68 68 62 58 100 68 61 58 50 88 91 99 73 62 69 55 87 93 74 94 98 51 77 70 54 99 72 89 94 82 53 87 100 66 95 74 84 80 82 58 68 97 57 91 58 76 70 70 68 94 63 90 70 91 59 74 89 82 
