160
80
80
8 -1 -8 -10 -1 -10 -1 2 -7 8 -8 8 10 -7 -4 -5 -1 5 -2 -9 8 -4 10 3 -4 9 -0 -4 -10 -4 -7 9 8 -5 -10 -1 -2 -0 -10 1 -0 -7 1 -0 -2 8 7 10 4 -3 -7 4 6 -7 -3 -8 -6 9 -1 -4 -5 2 -3 -6 10 -2 4 -2 -10 7 -9 2 -9 3 -6 -0 2 -9 2 -4 
94 25 42 -137 78 139 -133 41 7 197 39 19 45 -153 -6 -66 127 -97 -48 200 -171 132 95 -65 -84 -28 129 150 27 -68 93 -152 85 -139 -161 -111 -200 -93 131 -66 -97 -103 81 149 -128 -198 -190 200 -94 -37 127 -137 -105 21 -74 -62 121 -145 -112 -125 -86 109 -76 127 171 -109 -184 98 -1 75 -168 103 100 114 -21 173 117 -10 100 151 
-1 5 -10 -6 -10 -0 -3 -4 -1 8 3 6 2 -10 -10 2 -0 7 -8 3 3 -7 -5 5 7 1 -3 -1 3 -9 8 -9 7 -10 -2 7 -0 8 -7 -9 6 9 10 -2 -9 -8 -8 4 9 -6 -4 4 -2 4 -1 -3 -5 9 8 10 -10 6 -9 7 8 2 6 -2 -0 -9 2 -3 -10 1 6 -8 4 10 8 3 
154 26 -186 176 175 -59 -86 96 -76 -70 99 39 167 151 -35 137 -158 -91 35 42 184 68 -129 84 -91 51 -17 -174 168 -190 178 122 -36 120 25 -61 189 140 163 -87 198 62 79 164 13 172 28 -17 -119 -137 -176 193 59 -104 3 96 75 187 50 43 125 -45 -109 -112 -125 117 28 -136 -17 -83 -95 -92 180 185 200 -81 157 28 103 -163 
0 19 1 0 4 0 0 0 3 -1 0 0 11 3 19 6 3 18 17 0 0 0 6 3 10 7 -1 1 0 0 0 0 0 10 7 17 18 0 0 0 5 0 9 14 0 0 12 0 0 20 14 0 0 2 20 17 10 14 12 0 12 0 0 15 0 10 5 13 0 0 9 14 0 0 9 16 0 5 11 19 0 0 0 0 0 2 0 15 6 6 2 0 13 2 0 2 0 0 0 0 10 10 0 3 0 0 16 0 9 0 6 0 0 15 0 8 13 0 0 0 17 0 10 0 0 17 0 -1 9 0 0 0 0 0 0 14 0 0 17 9 20 0 17 0 0 0 2 0 0 17 0 20 20 20 4 10 0 15 0 
0 0 12 0 17 16 0 0 11 0 0 17 4 9 0 0 0 9 0 15 19 0 5 20 0 3 0 0 2 8 0 9 3 18 -1 0 1 0 0 0 0 0 0 9 0 0 0 -1 0 4 19 5 3 0 0 0 0 2 -1 0 0 0 18 0 0 8 0 0 -1 6 2 11 0 0 4 12 17 8 14 4 16 10 0 11 11 3 0 0 0 1 0 0 0 0 0 15 0 0 0 0 0 0 5 1 0 17 0 0 0 0 2 0 0 0 0 15 14 5 3 20 0 -1 0 0 0 1 4 15 7 14 2 0 20 10 0 0 0 0 0 0 9 18 0 11 -1 0 19 0 0 0 4 16 0 0 0 0 19 2 3 
0 0 17 16 0 20 5 0 7 8 15 0 1 0 6 2 18 14 9 9 6 0 20 13 0 12 0 0 15 8 19 0 0 0 0 0 8 0 0 19 4 0 1 8 0 0 4 1 16 0 0 0 9 1 0 14 6 0 0 0 0 12 0 7 4 12 19 0 2 2 0 0 3 -1 0 -1 0 0 14 12 9 0 0 0 0 0 7 5 5 0 20 0 7 18 0 4 9 0 0 0 0 0 0 0 9 13 0 4 0 -1 0 0 -1 4 2 1 0 12 0 0 0 8 18 4 15 0 -1 8 0 0 11 5 0 0 0 0 12 0 1 20 0 12 0 0 18 10 2 0 10 0 0 19 0 0 0 0 7 0 0 
15 12 0 0 0 0 0 20 17 0 14 -1 0 7 0 13 0 0 0 6 6 0 0 0 5 0 3 -1 1 0 20 0 0 -1 -1 17 2 3 0 12 13 15 0 0 0 0 8 18 2 0 0 0 0 0 0 8 13 0 2 0 0 6 0 0 0 0 2 0 0 20 0 -1 0 15 0 0 13 1 3 0 1 7 5 17 0 17 16 0 19 0 0 12 10 11 0 4 0 3 0 11 0 0 0 9 16 0 16 5 0 6 0 0 0 14 0 19 0 16 4 0 19 6 11 11 4 0 0 0 0 0 12 0 0 0 0 19 0 0 0 10 18 17 14 11 12 0 9 5 1 0 0 0 8 0 16 6 10 20 0 
-1 14 16 0 0 0 0 0 0 0 5 0 0 0 4 0 0 0 0 15 17 4 0 0 3 9 5 1 -1 7 0 0 0 0 0 0 6 0 0 0 0 0 15 -1 11 4 19 5 16 0 5 0 14 0 0 14 0 5 19 0 0 0 14 12 3 0 0 20 7 0 16 0 12 0 12 15 18 0 9 0 0 0 7 0 15 0 0 17 0 11 14 -1 1 3 5 14 16 0 18 0 0 0 20 0 4 13 0 0 5 0 0 0 19 5 9 11 19 0 0 0 0 0 10 12 0 0 18 0 9 0 0 0 7 0 0 7 8 0 2 0 0 0 7 0 0 0 1 0 18 0 0 1 0 0 20 0 9 10 9 
12 13 7 20 0 16 0 0 0 0 8 0 0 10 0 6 5 8 0 6 2 17 8 0 0 0 0 0 18 0 10 0 0 0 20 5 3 15 0 1 0 0 17 6 6 8 0 11 2 -1 0 0 0 0 13 18 0 10 0 16 5 0 14 0 6 13 0 13 0 19 20 1 1 0 0 -1 5 0 3 0 0 2 8 0 0 7 0 0 18 0 0 9 0 16 0 0 6 0 16 14 20 0 0 4 4 18 0 13 0 0 0 0 15 0 16 0 16 9 0 14 0 0 16 0 0 0 0 2 8 0 0 1 3 3 4 0 0 20 10 11 16 0 17 0 0 -1 12 0 0 0 0 0 0 20 0 11 0 0 11 
11 0 0 0 8 1 0 0 1 0 0 1 11 0 0 13 0 0 18 0 0 0 10 0 0 0 0 0 0 0 0 8 17 0 0 7 0 0 0 0 5 19 12 4 1 0 0 0 19 0 6 7 8 0 0 3 0 13 10 0 8 18 3 2 12 7 0 4 19 20 16 0 -1 0 2 1 3 0 12 0 0 0 20 1 0 18 0 0 10 0 0 0 14 0 0 0 0 0 19 18 0 5 0 0 0 0 0 0 0 0 0 0 0 0 15 15 13 16 0 9 13 2 0 0 0 0 13 0 0 11 0 0 0 0 0 0 0 1 0 14 10 0 0 0 5 0 0 11 7 17 6 0 0 19 0 0 0 0 11 
4 0 0 0 0 0 10 8 0 0 0 -1 0 0 0 0 18 0 0 0 0 0 18 11 10 0 0 0 0 0 0 0 0 0 1 17 0 9 0 12 0 0 0 11 0 4 2 19 0 0 19 20 0 0 12 1 0 0 15 0 7 5 0 0 0 16 0 11 16 8 0 0 0 0 0 1 12 0 15 13 0 0 4 0 0 17 17 0 3 14 17 14 2 3 0 6 0 0 0 0 7 7 0 0 18 0 12 0 0 18 0 0 4 7 0 0 0 20 0 0 0 14 0 0 0 0 18 10 15 14 6 0 0 0 15 0 -1 6 5 2 6 0 8 -1 18 0 7 0 7 0 16 0 0 20 16 14 20 14 18 
0 2 18 18 4 14 0 20 18 0 0 0 17 14 0 0 0 0 0 0 0 0 9 20 5 0 12 0 0 7 3 0 0 0 0 0 0 17 8 3 0 4 0 20 0 0 0 0 4 13 0 8 0 19 5 7 0 5 0 0 0 5 0 0 0 0 14 4 17 0 13 0 0 9 12 10 0 0 0 0 -1 14 0 0 0 0 0 0 0 9 20 0 6 0 11 15 0 19 3 0 0 0 1 0 0 0 0 0 0 -1 4 0 0 0 17 11 0 1 0 0 0 0 0 18 0 11 0 0 0 5 20 0 2 0 0 0 8 0 0 17 13 12 0 15 0 6 0 0 11 0 0 0 0 17 -1 18 0 16 13 
-1 0 7 0 2 2 19 5 1 16 0 0 0 0 10 7 20 19 0 19 0 7 6 0 0 18 0 3 0 15 -1 0 20 0 0 2 20 0 0 2 0 2 18 10 18 0 15 0 0 13 10 6 -1 0 0 17 15 9 13 0 13 9 0 0 1 2 19 0 0 0 5 0 0 16 6 9 11 0 0 0 15 0 11 14 0 13 17 0 3 3 7 0 4 0 -1 0 0 7 0 0 0 14 12 0 1 11 0 8 0 0 3 0 14 5 9 0 -1 20 14 12 0 12 -1 0 11 0 5 0 0 0 0 0 0 0 18 14 0 11 16 0 0 0 0 0 0 0 7 0 15 0 18 16 3 0 0 13 8 0 0 
0 0 5 8 0 0 0 2 0 0 0 0 0 7 0 0 18 17 0 6 0 0 12 0 12 18 1 10 1 0 0 5 0 0 19 0 0 0 0 1 10 0 0 15 0 0 0 0 4 0 6 14 0 0 2 15 0 0 0 0 0 4 0 0 0 15 0 0 0 14 5 0 0 0 7 0 15 0 5 6 0 0 0 3 8 0 3 0 0 0 13 0 0 0 0 0 5 9 0 15 4 0 0 0 0 19 11 0 0 0 12 20 2 0 0 0 0 0 0 9 0 0 3 0 0 0 0 0 0 0 5 9 0 7 7 18 0 0 0 0 0 6 0 2 13 0 0 14 5 19 7 0 0 0 0 0 12 0 18 
0 4 0 16 5 5 12 9 16 3 8 0 6 0 0 0 0 0 12 0 8 4 3 0 3 0 0 6 0 0 7 0 12 17 0 0 0 7 0 14 0 4 0 0 0 5 10 0 0 0 2 0 0 14 6 0 0 0 16 14 14 3 9 18 0 0 0 0 20 14 0 0 -1 0 18 9 0 0 19 13 0 0 16 13 7 0 16 0 0 19 16 20 0 0 5 0 16 18 0 0 0 0 -1 0 -1 0 -1 12 19 7 0 0 7 20 0 19 0 0 10 17 1 0 0 0 19 0 15 0 0 4 0 0 0 0 8 0 19 0 8 12 11 20 0 0 0 6 18 6 20 0 0 0 0 3 -1 0 0 11 0 
0 0 0 19 0 0 10 0 0 0 0 0 4 0 0 0 13 20 0 0 2 18 0 0 17 0 0 8 4 5 20 16 0 0 0 0 10 0 2 0 18 0 0 0 0 0 0 3 6 14 0 0 15 0 14 5 1 4 0 6 0 10 0 0 5 9 1 0 0 1 0 0 2 9 0 10 0 0 16 0 7 0 10 0 0 -1 16 12 0 20 0 0 -1 13 4 0 0 0 0 0 0 0 0 12 0 3 2 8 16 3 0 3 13 0 1 2 0 7 7 0 0 14 4 19 10 13 0 18 0 4 17 19 12 0 17 5 0 0 12 0 0 0 17 6 0 15 0 4 0 0 0 0 0 0 18 0 0 3 3 
11 11 18 20 14 0 8 7 19 0 0 6 0 0 0 6 0 0 0 16 0 16 1 0 0 0 5 16 12 0 8 0 0 0 5 -1 4 0 0 1 15 0 0 0 8 0 0 6 17 0 0 19 19 1 10 20 12 8 19 0 0 4 -1 0 6 -1 0 0 0 0 0 0 12 3 20 0 0 0 6 8 6 15 0 8 4 10 0 0 0 2 19 0 0 0 0 5 0 0 4 0 0 0 12 0 -1 11 17 1 0 20 0 6 0 0 0 14 12 16 12 0 0 0 0 11 0 0 7 3 0 0 20 0 0 3 0 0 0 14 0 0 11 0 0 0 0 11 0 16 -1 1 13 0 3 0 6 0 8 0 0 
0 19 3 0 16 0 0 0 0 1 4 0 14 13 19 9 -1 6 10 1 7 0 -1 0 0 0 17 0 4 0 0 0 7 0 9 0 16 14 0 0 13 9 18 3 0 6 0 0 0 19 0 20 0 0 0 0 2 0 16 0 7 0 0 0 0 0 0 -1 0 19 4 0 -1 0 0 15 16 20 0 15 0 0 2 5 0 0 1 0 0 0 0 20 0 0 0 7 13 0 0 9 0 0 0 0 0 -1 0 -1 0 0 -1 1 0 0 4 16 0 0 0 6 0 0 3 0 20 0 0 11 17 0 0 0 14 5 0 -1 0 2 12 0 12 15 16 20 17 9 0 0 15 0 2 0 11 0 14 0 0 0 0 
0 5 0 0 15 0 -1 0 0 0 -1 0 0 14 0 0 7 0 0 8 0 6 16 11 0 0 0 0 11 0 0 0 8 17 0 0 0 0 7 0 16 0 0 15 18 0 3 0 15 14 0 11 0 0 4 0 0 17 0 0 6 10 0 9 16 4 10 0 0 0 0 0 0 0 11 0 19 0 0 13 14 0 10 0 16 0 0 0 0 17 0 8 15 3 9 17 0 0 0 0 8 0 0 5 0 -1 5 0 0 13 0 0 4 0 1 16 14 11 0 8 1 0 0 12 1 -1 -1 3 0 0 13 15 0 15 -1 0 0 19 12 0 0 0 0 0 19 0 8 1 0 2 0 0 19 13 2 15 0 0 0 
0 0 2 0 7 0 13 2 0 17 12 0 13 11 0 0 1 0 0 0 0 16 0 10 0 14 0 0 0 0 0 10 0 10 0 19 16 15 8 10 0 0 18 20 -1 0 0 10 0 0 0 0 0 20 17 0 16 3 0 17 0 0 0 0 0 0 8 0 0 0 0 17 0 0 13 9 0 0 0 0 0 13 0 0 1 -1 0 17 0 0 7 0 0 0 0 0 0 3 0 0 0 0 13 18 0 15 15 0 18 20 19 16 0 0 2 0 0 0 0 15 2 0 0 0 0 19 0 0 12 0 0 0 0 0 0 4 4 0 0 0 4 0 4 0 -1 0 0 9 4 0 0 0 10 0 16 0 0 0 0 
0 2 12 13 -1 20 0 8 0 0 0 5 0 0 0 0 20 8 0 20 0 0 3 2 0 14 0 2 0 20 0 0 16 4 13 0 3 0 0 5 0 13 0 0 20 15 15 11 0 3 13 16 13 2 0 3 0 14 0 14 0 17 0 0 0 0 0 0 13 19 14 7 0 0 19 19 -1 2 11 0 0 1 0 0 0 18 0 18 13 0 0 0 0 20 0 0 0 0 0 0 15 17 0 4 0 0 0 0 0 2 15 10 0 0 15 13 9 0 0 0 0 16 0 18 2 0 10 20 10 9 7 0 0 0 7 8 0 0 6 2 4 15 8 0 0 0 0 8 19 0 0 0 0 0 0 7 0 0 0 
3 0 0 19 19 0 13 12 0 0 0 17 0 6 0 1 4 0 8 0 0 0 14 0 0 15 17 14 18 4 0 0 13 0 4 0 0 0 0 0 0 0 0 9 7 0 0 0 0 0 0 0 4 0 0 0 0 15 14 2 4 6 0 16 0 0 8 0 0 18 0 8 4 0 7 0 0 1 0 0 15 0 -1 2 0 6 13 13 0 16 18 1 16 0 7 0 20 0 7 0 3 13 9 0 0 0 17 0 0 0 8 7 0 0 3 0 0 0 16 16 0 14 2 0 0 0 0 0 9 0 0 8 18 0 9 10 0 0 8 6 2 20 0 10 19 0 0 0 0 0 0 13 0 18 19 5 0 0 18 
0 0 0 0 8 17 0 0 0 0 0 1 0 0 0 16 18 17 -1 0 1 0 3 0 13 7 8 1 1 0 0 0 0 17 0 0 11 0 4 0 0 0 0 19 15 0 13 3 0 0 0 0 0 7 13 0 6 0 0 2 16 13 0 0 0 3 7 0 0 12 4 3 0 0 0 0 0 11 0 0 3 9 20 0 0 14 0 11 18 14 13 12 1 0 11 4 0 0 0 17 3 14 0 9 0 0 0 0 19 5 0 13 8 0 0 0 0 0 0 11 0 0 0 0 0 1 0 14 16 14 0 0 5 10 0 0 0 19 4 17 3 0 13 8 0 0 0 18 -1 2 0 0 0 0 11 0 0 16 0 
1 0 0 0 0 12 18 1 0 0 19 6 0 12 0 2 16 0 0 10 6 0 0 10 0 0 13 0 0 0 18 11 15 2 0 16 0 7 0 0 0 0 11 20 0 14 9 17 6 11 0 6 0 10 7 10 0 17 3 7 0 10 7 0 0 9 0 13 0 10 16 12 0 0 0 17 0 18 0 10 19 0 0 0 16 0 0 0 0 0 14 0 2 20 0 -1 10 15 0 17 14 18 11 0 0 0 0 0 0 0 -1 -1 16 13 0 14 0 10 18 0 3 11 -1 0 0 0 6 5 9 0 15 0 0 20 14 0 18 4 9 0 20 7 0 6 15 0 5 10 1 3 9 0 19 0 8 1 0 0 0 
0 0 17 0 5 3 0 0 13 11 10 1 11 10 0 0 0 -1 0 0 0 20 0 0 0 0 0 3 14 9 9 0 0 0 0 13 0 0 0 0 0 0 0 15 7 0 14 0 3 4 0 0 0 7 0 12 15 0 0 7 0 0 19 0 4 0 0 0 14 0 13 3 4 17 1 9 0 8 19 4 5 15 7 2 0 12 9 0 0 0 1 0 19 7 0 12 0 0 0 0 1 9 13 7 0 0 0 11 -1 0 3 -1 1 0 2 0 0 11 0 1 0 0 0 0 11 5 0 1 0 0 0 0 -1 19 1 17 6 0 0 0 0 17 0 2 0 4 5 9 1 12 0 0 0 17 0 0 0 0 0 
5 19 7 0 0 4 8 14 2 0 0 2 0 1 0 8 2 2 0 0 0 0 0 10 -1 0 0 17 5 0 0 17 3 0 6 16 0 0 16 3 7 11 15 0 0 0 0 18 2 0 0 0 7 0 6 0 0 2 18 0 0 1 0 20 8 0 17 14 -1 0 16 15 0 0 20 0 9 0 3 11 13 0 0 0 5 0 0 0 9 9 2 19 1 14 0 0 0 -1 0 0 7 6 0 0 0 0 0 16 0 19 0 5 0 0 20 16 8 11 0 16 5 7 7 1 -1 0 9 17 17 7 0 0 0 0 0 8 0 0 17 12 19 6 1 10 2 14 0 16 11 19 0 1 11 7 0 0 4 0 0 
5 15 0 11 -1 12 0 0 19 17 15 0 1 0 15 0 0 20 13 1 18 20 2 5 20 0 0 0 0 0 0 0 15 19 10 7 0 0 0 12 18 0 0 0 0 2 12 0 0 0 0 0 -1 0 0 0 0 0 0 0 12 12 20 0 15 11 1 7 0 0 0 0 0 0 0 0 0 0 0 19 0 18 0 8 10 0 0 4 15 0 14 9 19 1 12 0 0 5 3 2 -1 -1 -1 16 10 18 6 0 13 0 8 20 16 7 0 0 0 18 0 0 0 0 14 17 0 0 12 19 9 5 11 0 0 8 -1 0 0 6 0 17 4 0 16 6 5 0 16 20 19 0 14 0 0 0 0 0 10 0 3 
8 0 0 0 0 4 0 0 17 0 0 0 0 0 0 4 6 0 0 0 0 0 0 9 19 19 0 0 0 0 7 4 0 19 1 2 13 0 0 13 0 0 0 12 0 0 0 0 9 0 13 7 0 5 0 6 0 20 0 4 0 0 0 0 0 17 14 0 0 6 0 0 1 5 10 11 10 0 7 0 12 -1 17 -1 0 7 -1 0 0 11 0 0 16 7 12 18 2 0 0 10 0 10 11 0 2 18 14 1 10 0 0 0 0 11 8 0 0 0 0 0 0 11 9 0 6 0 0 3 0 0 7 0 0 0 0 0 11 0 0 14 0 0 0 0 1 0 5 0 19 15 0 1 15 14 6 0 0 0 0 
0 0 0 0 0 5 16 17 18 12 2 0 0 0 13 0 8 9 0 0 0 -1 1 0 0 3 0 0 4 6 17 0 0 18 3 0 16 7 14 15 0 18 11 0 11 8 0 0 17 3 10 0 0 19 0 7 17 0 0 0 6 13 0 2 18 0 0 -1 0 0 0 0 0 0 17 4 0 0 5 0 0 0 0 0 10 16 1 0 1 9 0 0 7 0 0 2 14 0 4 5 17 0 0 19 1 0 0 7 0 0 0 0 0 2 20 5 3 2 9 0 2 1 0 3 13 0 7 -1 9 0 6 20 18 0 0 0 0 1 0 0 2 0 7 0 0 0 15 0 0 0 0 0 0 20 9 8 0 0 0 
15 0 0 0 5 12 11 20 10 20 0 13 3 0 13 0 4 19 5 0 0 0 0 10 19 0 10 4 18 19 0 19 5 0 0 0 13 3 0 0 0 8 0 7 0 0 14 0 8 0 10 0 0 0 -1 0 0 0 0 19 11 8 0 8 20 2 0 0 17 15 0 1 5 17 5 0 8 0 0 20 0 0 0 0 0 15 16 18 0 0 0 7 19 0 11 12 18 17 16 11 0 0 7 0 20 11 0 0 9 0 10 0 3 9 0 0 15 18 0 15 19 5 1 11 0 0 0 0 0 0 0 19 0 0 0 0 16 11 20 0 20 0 2 2 0 0 16 0 19 14 0 7 0 0 0 0 0 10 17 
2 0 0 20 12 19 0 0 14 6 0 0 -1 1 11 0 19 0 14 1 -1 2 7 4 0 0 18 0 10 0 0 0 0 0 -1 15 12 2 19 12 0 16 12 18 1 0 0 0 0 0 0 3 0 13 10 2 0 10 0 3 18 3 0 0 17 4 16 0 0 0 13 0 0 0 0 4 0 19 1 17 8 0 10 -1 0 17 3 0 0 0 13 0 0 0 4 8 7 8 0 0 1 1 6 0 17 6 0 4 3 0 0 12 0 10 13 0 0 -1 0 11 13 3 0 12 0 0 14 0 -1 0 0 0 0 0 14 8 0 20 0 20 0 20 0 9 0 0 0 18 -1 0 0 0 19 0 19 10 19 0 5 
10 -1 0 1 0 3 18 11 0 0 8 0 0 16 0 0 0 0 20 5 0 18 2 3 0 15 9 11 0 0 8 3 12 2 0 0 0 0 0 0 12 20 7 0 5 6 0 4 12 0 0 16 15 0 0 10 0 0 0 0 0 0 3 4 0 0 0 0 14 0 0 0 0 0 5 2 0 0 0 0 14 0 0 0 7 0 0 0 0 16 0 4 0 0 9 0 11 7 0 4 0 11 0 13 0 6 0 0 0 0 9 4 19 11 0 15 0 0 4 7 0 0 0 10 0 0 0 7 0 0 0 0 -1 12 8 15 0 -1 8 8 0 0 14 12 0 0 0 0 5 2 5 3 0 9 0 14 0 0 0 
17 0 2 0 0 14 0 0 1 5 7 0 0 7 0 0 19 4 0 1 -1 0 0 14 0 9 8 0 4 0 12 5 20 0 0 19 0 0 14 -1 4 0 0 16 0 5 4 0 0 0 0 0 0 -1 0 0 0 0 0 0 0 5 1 0 18 0 11 10 16 -1 15 0 19 0 0 20 17 0 12 0 14 0 0 0 0 0 0 0 10 5 15 0 15 0 0 2 0 1 0 0 0 5 -1 3 20 0 0 2 13 0 0 7 0 0 -1 0 0 0 1 0 10 11 0 8 12 7 0 0 7 0 1 14 0 2 0 15 0 0 5 0 0 0 14 0 0 0 1 0 -1 7 11 8 19 0 0 13 9 4 0 
19 -1 0 5 16 0 0 0 2 2 19 5 0 12 7 16 16 0 17 0 9 0 5 0 0 0 17 2 0 0 5 0 0 0 0 18 19 0 18 0 0 19 17 0 8 1 8 0 0 9 0 0 0 17 0 0 0 5 0 2 9 11 13 0 10 0 0 6 4 0 7 0 -1 0 5 0 0 0 0 14 0 9 0 0 0 0 0 2 9 0 0 3 3 18 0 0 18 0 0 19 9 0 0 0 0 0 0 20 1 0 18 15 18 14 19 16 6 1 13 15 17 8 11 10 -1 2 0 0 0 0 0 13 19 4 0 13 0 3 4 14 0 1 3 0 0 0 2 14 0 0 0 13 15 2 20 0 2 0 0 
0 0 0 5 5 0 0 0 18 -1 13 14 0 0 0 0 0 12 0 0 7 3 0 0 9 0 8 7 6 0 15 0 0 0 0 11 0 0 0 0 0 3 19 10 9 14 6 14 10 0 19 -1 0 0 2 0 0 15 0 0 0 1 0 13 1 0 0 20 0 0 11 0 0 17 0 0 0 20 0 0 0 5 -1 13 0 0 0 11 15 0 17 0 19 0 0 20 2 0 7 18 16 0 0 0 13 0 16 18 0 0 8 8 5 0 0 9 0 12 0 0 4 0 0 0 12 0 0 0 2 17 20 5 0 7 15 0 0 0 14 0 2 19 0 0 0 19 18 11 4 2 11 0 0 8 0 0 3 0 0 
6 4 0 0 0 20 0 0 0 0 15 0 0 13 20 0 2 0 0 10 19 4 15 0 3 3 0 11 -1 0 19 8 0 0 0 0 0 9 0 5 19 0 0 0 10 0 19 6 2 0 0 5 0 12 0 17 0 0 8 0 3 0 0 5 7 0 0 0 4 0 0 0 0 17 9 17 0 12 0 5 7 15 19 16 0 11 14 0 0 0 0 13 1 0 19 0 0 0 1 13 0 0 0 0 12 17 0 0 1 0 0 14 19 1 0 5 0 0 0 3 0 0 0 0 2 8 15 15 9 -1 10 9 3 0 8 17 0 0 0 0 0 10 3 0 0 17 0 8 13 0 0 15 -1 0 20 2 8 0 0 
0 16 0 0 9 0 19 0 14 0 17 0 0 7 0 9 0 3 8 -1 6 17 17 0 3 0 0 0 0 6 14 0 13 -1 10 0 6 0 0 0 0 0 4 9 20 15 0 9 0 15 0 0 12 0 11 17 0 0 0 0 0 6 0 18 0 14 20 0 1 0 14 0 9 9 0 5 6 17 0 0 19 0 19 11 0 0 0 1 0 0 0 15 0 3 11 0 3 19 9 19 7 0 10 12 0 1 0 0 0 0 2 0 0 8 17 0 0 12 0 0 0 10 5 11 12 0 0 0 0 0 12 0 2 0 0 0 6 10 20 0 0 16 0 0 12 0 0 0 6 9 0 0 19 14 0 0 0 9 0 
0 0 4 9 2 13 0 0 0 0 0 0 5 0 0 0 10 -1 2 4 17 0 12 20 18 0 0 18 0 0 0 0 0 0 16 0 9 0 13 0 17 6 12 5 0 0 19 9 0 0 0 0 0 1 -1 0 0 0 0 2 0 12 15 0 2 0 10 12 0 0 13 0 0 18 6 14 0 0 0 16 0 0 2 1 4 0 0 2 9 0 0 0 8 0 4 20 0 0 19 0 0 16 2 0 0 0 0 0 0 3 0 0 0 13 0 0 0 0 13 0 11 0 0 10 4 0 14 0 0 0 0 -1 0 18 10 0 0 0 18 10 0 0 0 17 2 12 7 0 13 0 20 7 1 7 0 0 10 17 0 
0 0 0 0 0 4 0 16 -1 0 0 20 16 6 11 19 0 0 0 0 16 20 0 7 16 14 17 0 0 0 16 0 19 0 0 0 -1 0 0 14 0 7 0 19 3 -1 0 0 0 0 0 0 0 11 9 0 6 10 1 0 6 0 20 0 0 20 0 15 0 0 13 4 0 16 0 0 0 20 10 0 0 0 0 0 6 0 0 0 0 0 0 2 18 0 0 14 0 9 0 0 0 7 20 13 0 0 17 20 18 0 6 6 13 5 0 8 0 0 11 0 15 13 2 9 0 6 0 0 0 0 0 8 9 0 4 14 0 19 16 0 0 0 0 11 0 8 17 0 0 0 14 16 0 5 0 0 0 0 0 
0 1 0 0 0 5 0 0 0 3 0 20 18 0 0 0 0 14 9 14 -1 11 0 0 0 8 20 10 4 8 3 0 0 0 -1 14 0 0 0 19 0 0 0 0 1 0 0 3 0 3 0 16 0 13 0 18 0 0 0 17 10 1 2 0 0 2 0 14 6 0 2 10 10 17 8 1 0 0 3 0 0 0 0 0 1 0 0 9 2 19 9 0 0 0 0 15 0 0 20 14 0 0 0 0 3 18 0 0 0 0 0 12 14 0 0 2 14 0 12 0 20 12 11 16 10 0 0 0 8 0 0 0 6 0 13 4 17 12 3 5 1 0 17 6 0 19 9 10 2 1 0 7 16 0 0 16 0 0 10 
0 -1 0 8 0 20 0 0 9 10 0 0 0 17 19 0 0 6 19 0 0 0 14 19 0 0 0 0 0 0 0 0 0 4 0 7 0 0 0 12 6 0 20 0 5 0 0 0 0 0 0 14 0 0 5 -1 0 0 0 15 0 7 0 0 13 1 0 0 0 0 3 10 0 14 14 0 11 16 11 0 0 0 0 0 0 0 0 1 0 0 0 0 5 15 3 2 0 13 5 0 18 0 0 13 0 20 0 0 0 0 0 0 0 7 -1 0 8 2 7 0 2 3 0 0 0 0 0 0 0 16 0 0 0 0 0 0 0 3 0 13 16 0 11 0 0 2 0 13 18 7 0 0 0 0 0 11 0 3 7 
0 4 0 0 12 0 0 9 0 -1 0 13 0 0 0 0 11 15 0 0 0 0 8 0 0 4 11 18 3 2 14 0 -1 0 16 0 0 -1 18 0 0 0 2 0 10 0 0 12 0 0 0 0 17 1 0 4 0 0 0 0 6 18 0 17 0 0 0 20 0 11 13 0 0 1 0 5 0 0 13 17 16 16 0 15 0 0 3 0 1 7 0 6 19 0 0 0 0 14 9 1 0 18 0 0 0 0 14 0 2 20 6 3 0 0 3 0 0 0 17 0 15 0 0 12 18 0 0 0 0 0 14 3 0 2 0 11 0 0 15 19 9 0 0 10 4 18 0 0 18 0 0 0 18 17 0 14 0 0 10 
0 3 0 14 0 7 16 10 0 12 19 1 0 0 0 0 11 13 2 0 0 0 15 2 0 9 0 1 1 19 0 6 0 0 0 0 7 0 0 0 0 17 0 0 6 16 8 9 8 11 0 12 0 0 0 3 18 6 0 0 0 8 8 0 8 13 0 17 0 0 12 0 17 0 0 17 14 0 7 0 12 6 15 0 8 6 0 0 0 4 0 16 0 20 -1 11 0 14 17 0 1 18 0 0 0 16 12 0 14 7 0 13 0 0 18 0 0 0 0 2 0 20 0 17 0 0 0 4 0 5 12 14 0 15 20 8 0 14 2 5 3 0 0 0 0 18 18 0 0 8 13 18 0 0 11 0 0 4 0 
6 20 12 0 0 0 0 3 0 8 0 0 17 0 -1 0 15 0 2 0 0 0 11 0 0 13 0 17 0 0 3 0 0 0 0 6 3 0 16 4 0 0 0 10 0 9 0 0 5 12 10 4 10 2 5 18 12 20 -1 0 0 0 5 0 0 0 17 0 0 0 0 0 0 0 0 10 0 8 0 0 0 0 0 0 0 13 0 12 0 5 0 16 3 0 16 0 7 1 18 17 19 0 1 0 0 0 0 0 5 0 0 0 0 0 0 14 14 5 20 0 19 0 5 0 10 0 12 1 4 3 0 0 8 13 0 0 -1 0 0 0 10 5 0 0 0 0 0 0 8 19 11 0 0 9 0 0 5 0 0 
9 0 0 16 0 0 0 0 7 0 10 0 19 5 14 0 17 0 0 0 0 0 6 0 0 0 0 1 0 0 17 0 16 0 6 0 3 0 -1 20 19 18 0 14 0 0 0 0 0 0 0 0 0 9 0 0 2 0 0 12 0 0 2 0 6 0 6 0 14 0 0 14 10 8 0 8 1 0 15 13 0 9 0 0 0 2 18 0 16 0 15 17 19 13 0 19 0 0 8 0 17 4 0 0 0 0 0 0 3 3 0 3 0 11 14 0 7 -1 2 0 18 6 18 0 0 0 0 0 0 15 0 0 0 5 14 1 0 16 0 17 0 0 1 0 14 0 19 11 0 0 9 10 0 0 15 0 13 20 0 
14 0 0 0 0 14 18 5 17 0 5 2 0 16 0 0 16 0 0 0 0 0 20 8 0 0 0 0 4 0 0 16 0 0 0 5 0 0 0 0 6 0 0 0 5 0 0 18 0 0 0 5 4 18 0 2 0 0 6 19 0 13 0 15 17 5 17 0 0 0 2 0 5 14 0 9 11 0 0 0 15 9 18 5 0 9 0 0 0 0 0 15 7 0 7 1 10 19 0 0 0 15 0 0 0 9 16 17 0 0 3 8 0 0 18 0 4 0 0 0 0 19 0 -1 6 0 0 0 4 9 7 0 0 0 4 0 0 0 0 -1 0 11 16 0 0 8 13 0 18 0 0 0 15 9 0 7 0 0 0 
0 14 0 14 0 5 7 2 20 0 19 0 8 3 20 3 5 0 0 0 16 12 0 12 8 0 0 15 17 0 6 0 0 4 0 0 -1 7 0 0 0 0 0 0 12 14 12 0 0 18 18 0 20 7 0 0 0 0 17 13 16 0 -1 0 15 18 0 19 0 5 0 0 3 17 0 9 5 0 0 11 20 20 12 14 5 0 4 0 19 3 0 0 0 18 0 0 6 19 0 6 0 0 9 20 13 -1 0 0 0 4 0 3 0 9 0 17 -1 14 0 5 10 3 14 0 0 17 7 0 12 0 -1 0 0 0 6 19 0 17 6 0 3 12 0 0 11 0 19 0 0 6 14 0 14 0 0 0 0 0 11 
4 19 0 0 0 0 0 0 0 0 9 0 0 5 9 17 0 15 8 17 12 0 0 19 17 17 0 16 0 10 4 9 0 20 18 0 0 0 1 8 15 4 7 0 0 0 0 7 0 0 20 14 0 0 12 0 0 0 1 4 0 0 0 12 0 0 0 0 0 5 17 0 1 0 0 8 18 0 0 -1 4 0 0 3 15 0 -1 0 0 19 0 0 7 5 0 0 0 0 0 8 16 0 0 1 5 0 0 0 0 7 0 0 0 0 0 0 0 0 4 0 13 0 0 0 9 3 0 3 0 0 13 10 7 0 8 0 12 7 0 0 8 2 0 0 11 0 0 7 -1 0 9 0 0 4 18 20 15 0 0 
1 9 0 0 0 0 17 0 0 0 18 7 16 0 0 15 0 13 12 1 0 0 0 0 0 2 17 0 0 0 7 0 0 0 2 4 0 0 2 2 11 0 0 0 3 17 0 0 0 14 0 0 0 0 17 12 0 18 6 0 -1 0 0 0 13 0 0 4 8 0 0 5 0 0 0 19 2 11 0 0 8 0 0 0 0 4 1 0 0 13 0 0 0 0 2 0 7 3 -1 18 20 0 0 0 0 0 20 2 0 0 0 3 18 0 0 0 8 0 0 18 12 0 2 17 0 0 4 0 0 0 0 0 5 0 0 5 0 13 10 0 8 0 0 0 6 0 19 12 6 0 20 0 0 0 9 0 0 16 11 
3 0 0 11 0 2 0 0 0 0 0 0 16 0 14 0 19 1 11 18 0 19 12 0 0 0 0 1 17 0 0 17 16 0 9 0 14 0 0 12 20 0 4 0 8 7 0 0 8 0 2 0 0 0 8 0 0 12 0 0 10 10 0 0 3 0 0 1 0 0 0 -1 3 0 12 15 4 11 6 0 14 0 0 8 0 0 12 0 20 0 0 10 0 0 0 0 0 12 0 0 1 0 20 0 19 0 0 0 0 15 0 11 16 0 0 3 7 15 14 13 0 4 0 0 7 0 0 0 5 0 0 3 13 8 0 7 0 0 6 10 0 9 0 0 5 0 17 0 7 0 0 3 20 0 0 6 0 20 0 
0 16 0 0 4 11 19 0 0 12 8 0 0 0 0 4 0 0 16 -1 0 0 2 1 0 2 0 0 0 0 0 -1 0 16 -1 0 0 0 4 0 0 6 10 0 0 0 0 12 1 0 0 0 0 -1 0 7 0 0 4 0 0 17 12 0 0 13 12 0 0 18 19 19 4 0 8 1 0 0 20 5 11 0 0 0 0 0 0 19 0 7 0 0 0 10 0 0 0 0 0 0 12 0 0 0 0 0 16 0 0 -1 0 0 0 3 0 0 7 0 0 0 8 0 0 3 14 0 2 2 0 0 0 0 0 0 7 6 0 13 16 0 0 15 0 0 0 15 19 10 0 10 0 0 0 0 5 9 0 11 0 
1 0 0 0 0 0 0 0 0 0 0 0 3 0 0 0 2 20 13 3 1 0 0 11 14 -1 0 0 0 0 16 0 13 0 -1 0 0 0 0 0 0 20 0 0 0 20 0 10 17 0 0 0 0 0 9 19 -1 2 0 0 0 0 0 11 18 2 0 16 -1 0 0 0 0 0 11 0 0 16 0 0 19 11 0 0 0 5 16 20 9 0 16 12 6 0 0 18 0 5 2 6 0 0 0 5 13 -1 16 8 0 2 1 0 0 2 0 0 10 6 0 9 0 12 0 0 0 10 0 0 4 -1 0 0 0 3 18 0 10 2 11 0 1 0 -1 0 18 8 0 4 6 0 0 0 14 0 0 0 5 0 0 
7 14 0 5 16 0 0 0 0 12 0 0 0 0 2 0 0 1 0 0 16 0 0 0 0 6 0 0 10 0 13 0 4 0 13 18 8 1 0 12 -1 0 15 0 0 0 0 0 0 0 0 13 0 15 17 15 0 11 0 16 0 0 10 4 3 0 0 0 -1 13 3 0 11 -1 2 0 0 6 0 0 0 0 18 7 20 0 15 10 6 13 0 0 0 12 0 2 0 0 13 18 2 0 0 19 14 17 0 4 2 0 11 18 0 2 0 1 0 0 6 14 1 0 0 15 0 0 12 13 14 10 6 0 18 15 18 3 0 13 0 0 3 10 20 0 18 12 0 2 13 0 0 5 0 15 0 0 4 5 0 
0 -1 0 0 0 13 0 0 0 0 17 0 0 3 0 2 16 0 11 0 0 0 7 0 0 0 0 0 0 18 0 3 7 19 0 12 0 0 13 6 0 0 0 0 0 0 -1 0 0 0 0 11 -1 0 0 0 0 0 0 16 13 12 0 0 5 3 0 12 20 20 15 12 0 0 0 0 6 5 0 0 19 13 20 10 0 0 4 10 4 0 18 0 5 0 3 0 12 0 14 0 17 0 3 0 0 0 0 0 0 6 0 5 9 2 8 0 14 0 14 0 0 7 0 10 14 0 18 0 0 0 11 4 20 6 0 0 10 8 0 3 0 -1 0 0 19 12 0 0 4 16 -1 15 12 0 11 0 0 0 9 
20 0 5 13 8 9 0 7 13 0 18 0 0 17 15 0 0 0 0 4 20 6 0 13 0 11 0 5 0 19 0 0 0 0 0 0 12 14 4 8 1 0 0 0 0 6 0 0 4 0 13 13 0 0 2 13 0 20 0 15 4 10 0 17 0 0 0 0 6 0 0 16 0 0 1 8 14 14 0 6 0 0 14 0 0 0 0 9 20 0 11 3 6 0 0 10 7 5 7 16 17 17 0 0 0 0 0 6 0 15 0 0 0 0 0 0 17 0 14 0 2 3 12 0 19 0 2 0 0 17 0 0 0 18 0 13 7 0 0 19 16 10 0 0 18 0 0 0 0 0 10 -1 12 5 4 0 0 0 7 
-1 0 11 4 4 0 0 8 10 20 15 0 0 0 0 7 18 0 0 0 17 0 0 0 9 0 8 0 0 13 14 0 0 0 16 -1 0 2 0 18 4 6 0 0 0 0 17 0 0 -1 0 19 14 0 0 6 0 13 0 0 0 0 0 19 0 0 0 0 0 0 0 17 3 0 0 0 15 0 12 0 20 0 0 0 13 7 6 0 0 13 14 13 0 0 0 0 2 5 4 0 16 11 14 0 9 18 0 0 0 0 0 19 0 11 0 17 0 6 0 12 0 0 9 0 15 0 0 1 0 0 0 9 0 5 0 8 8 0 5 0 0 4 0 4 4 0 10 0 0 7 0 0 0 15 14 0 0 15 20 
10 0 15 4 0 0 0 0 8 0 0 0 3 0 0 17 0 0 19 8 0 0 9 0 14 11 18 0 0 0 6 0 14 7 7 2 2 0 0 0 2 0 0 0 14 10 13 9 0 0 0 5 5 0 0 0 0 0 0 0 3 10 4 0 20 0 8 0 0 0 0 0 0 0 8 15 0 20 12 18 0 8 1 0 0 0 0 0 0 8 0 0 19 1 0 0 3 16 0 0 5 0 4 4 0 6 0 0 -1 6 5 0 0 0 0 0 0 6 0 -1 0 0 0 0 0 20 10 0 3 13 11 0 13 0 5 0 0 0 0 1 15 18 0 0 0 3 7 6 0 0 10 0 16 20 7 14 15 17 10 
19 0 0 0 0 20 0 17 11 2 0 0 0 0 0 12 0 0 0 0 0 14 0 0 0 0 20 9 0 0 0 10 4 0 20 0 0 0 0 1 0 0 0 0 0 0 0 0 0 11 0 17 1 0 12 0 0 19 2 0 1 0 6 5 9 15 -1 0 9 0 0 0 0 15 7 0 0 0 0 0 1 8 0 15 12 19 5 0 7 4 0 0 14 0 1 18 0 19 0 5 0 0 0 0 0 12 20 2 0 0 0 0 1 17 4 16 2 -1 4 0 7 0 0 0 0 15 0 0 19 8 0 0 0 0 16 13 0 0 14 19 19 4 0 2 4 4 14 0 -1 3 14 19 0 0 15 0 0 0 2 
20 14 0 20 0 15 0 0 13 0 10 5 19 18 0 11 0 13 0 0 0 0 7 0 18 0 4 0 0 2 9 13 19 0 19 0 0 0 0 0 15 0 12 0 0 0 13 0 0 20 20 20 1 6 19 0 1 0 0 13 0 0 0 0 8 19 9 0 0 11 9 16 0 0 0 3 11 0 7 19 0 0 7 12 0 0 0 0 0 0 6 0 19 16 0 0 0 0 3 12 0 15 0 0 0 3 20 0 19 0 0 1 0 10 3 7 13 20 0 2 15 0 8 17 0 5 19 0 0 0 10 0 4 17 10 0 0 10 14 0 0 0 11 2 0 0 18 0 0 13 0 0 0 13 17 14 0 17 0 
17 1 1 0 0 1 16 0 8 0 0 0 0 15 0 0 10 0 1 1 10 -1 16 0 13 6 2 0 10 0 16 0 0 9 6 16 0 0 8 0 12 13 0 0 11 6 20 8 0 15 0 19 14 3 10 0 0 0 0 7 10 0 15 0 0 3 0 19 0 0 16 0 13 0 6 -1 13 12 0 0 0 20 0 12 0 19 0 10 0 0 13 17 3 2 0 7 0 8 0 0 10 -1 9 0 0 1 12 -1 0 0 0 0 0 0 0 0 13 0 0 0 0 9 0 0 17 17 0 19 0 0 8 9 11 16 0 0 0 0 0 4 20 0 0 15 5 13 0 10 0 1 9 0 0 8 0 0 0 19 9 
9 0 0 0 0 13 17 6 0 0 2 3 0 0 10 12 8 4 9 0 1 18 0 0 14 16 0 0 10 0 0 7 0 8 18 0 0 10 0 14 0 -1 0 0 12 0 0 0 6 0 0 0 0 18 0 0 3 7 0 1 4 0 2 8 13 0 16 0 12 9 0 0 0 0 7 0 20 0 18 0 1 0 -1 0 0 11 4 0 0 0 0 11 16 14 0 -1 1 0 11 13 3 20 5 19 18 0 0 12 6 6 8 0 0 0 0 15 0 20 0 2 0 0 13 0 0 0 8 0 0 4 0 0 19 0 1 0 0 0 0 16 4 0 9 0 8 0 0 0 0 0 5 20 0 9 0 0 -1 20 10 
1 3 0 0 13 0 11 0 0 0 1 0 17 14 3 0 1 0 16 12 0 15 0 0 5 0 14 18 8 0 2 4 0 0 0 20 0 0 10 16 15 16 0 12 0 12 0 13 0 7 0 18 0 0 15 0 6 2 0 2 10 12 4 8 0 0 0 0 4 19 1 0 0 16 12 6 0 20 1 0 7 11 2 0 16 8 0 8 8 7 19 1 0 5 6 0 8 0 4 0 17 3 5 0 0 0 9 0 2 15 2 -1 5 10 0 16 -1 4 0 0 0 1 15 15 0 0 0 0 0 14 1 0 0 0 0 0 0 5 1 15 10 0 4 0 5 20 14 0 8 0 2 16 0 0 0 0 0 15 5 
18 -1 0 18 8 20 0 0 0 0 3 11 0 15 0 15 0 -1 0 16 18 0 17 13 0 6 7 3 0 0 12 20 0 0 11 6 16 0 14 0 0 20 0 0 0 0 0 15 12 0 10 0 0 -1 8 0 5 12 0 0 8 17 0 0 0 0 0 0 12 18 0 10 0 0 2 0 0 12 0 0 0 6 16 7 0 0 -1 0 11 3 14 0 5 1 8 10 0 8 11 2 5 4 17 0 0 0 2 0 0 19 10 0 -1 0 0 0 18 13 17 0 18 0 13 1 15 1 0 18 0 0 0 0 0 7 0 0 0 18 9 0 0 0 8 12 0 0 0 8 0 0 0 2 4 9 0 19 15 0 0 
3 0 0 0 19 0 2 0 0 17 4 0 -1 16 0 0 0 8 0 16 0 8 0 0 0 11 9 0 2 0 10 6 -1 2 14 6 6 0 0 0 0 2 4 0 10 0 2 0 0 0 0 0 11 12 16 0 0 0 14 10 1 11 0 13 0 0 1 0 0 0 20 0 0 0 12 17 0 0 1 4 15 0 0 4 0 0 0 11 0 18 9 1 0 19 13 14 0 20 9 18 8 0 0 10 0 0 0 15 20 0 0 17 0 8 11 0 0 0 13 4 0 0 0 0 0 13 0 0 0 16 5 0 0 14 0 0 0 1 0 15 0 0 8 0 16 0 12 20 10 0 0 12 0 0 0 0 0 0 0 
6 -1 0 0 0 0 0 0 0 16 5 0 0 18 0 -1 20 5 0 10 5 5 0 0 0 0 0 0 -1 5 1 13 11 3 0 0 20 18 0 7 0 0 15 18 10 7 0 16 0 0 0 7 0 5 16 7 8 5 0 1 18 0 4 0 0 0 0 0 3 0 13 0 0 0 0 0 0 14 0 0 0 0 18 0 0 0 0 0 9 0 0 0 0 2 0 0 7 6 15 16 0 11 0 0 10 20 0 0 12 0 5 0 10 0 -1 0 0 17 0 10 0 0 0 1 0 9 20 9 6 0 0 5 0 9 0 -1 5 0 10 0 -1 9 0 10 17 6 0 15 0 13 0 0 8 2 0 0 0 0 19 
0 0 0 0 6 0 16 0 0 0 0 15 8 0 13 6 0 10 15 0 5 0 0 15 16 5 17 5 -1 0 0 0 11 0 15 0 13 14 0 0 0 2 1 14 0 0 17 0 0 10 5 0 0 0 0 13 18 2 9 13 18 5 0 0 0 0 0 0 0 1 0 0 0 -1 19 15 7 0 14 0 0 17 9 0 0 12 15 0 0 3 0 0 19 5 18 0 18 0 0 0 18 13 14 17 0 0 0 0 0 0 18 15 16 13 0 0 18 11 14 0 0 0 5 15 0 0 0 10 11 0 0 15 0 0 0 0 0 20 11 19 19 17 6 0 0 0 0 17 0 0 12 0 5 8 0 14 16 2 0 
12 3 1 0 0 0 0 11 5 19 2 0 20 16 10 0 0 20 0 0 0 20 6 0 0 19 12 18 0 0 0 0 0 5 9 12 0 0 0 2 15 11 0 0 0 3 0 1 7 0 16 0 0 0 0 8 0 10 19 0 0 0 0 20 -1 0 16 0 14 10 0 13 0 19 0 0 0 2 9 13 0 8 0 14 0 1 3 0 7 3 13 20 0 0 0 0 10 2 0 0 0 19 0 17 17 6 0 2 2 7 18 0 0 18 4 0 20 0 9 0 -1 -1 -1 8 14 0 7 12 0 2 1 6 0 0 0 2 0 17 14 0 0 8 0 20 9 17 0 0 18 0 0 17 0 13 14 0 5 0 0 
17 0 -1 0 0 14 11 0 0 0 0 0 16 0 6 20 0 4 17 1 0 0 0 0 4 18 0 0 0 0 0 0 18 0 0 0 18 0 0 6 0 0 0 0 17 16 0 0 2 -1 0 7 0 0 0 0 0 0 0 0 0 0 0 11 17 0 0 0 0 17 0 0 12 13 20 5 10 0 -1 16 15 5 0 0 20 10 15 0 0 0 0 0 9 20 0 16 0 2 15 15 4 0 10 0 17 6 0 16 14 13 5 15 12 18 18 -1 0 1 3 18 18 19 14 10 0 0 0 20 0 0 0 2 3 18 16 11 0 1 7 0 0 0 8 -1 0 8 11 18 10 0 0 12 1 4 0 -1 0 19 0 
0 0 0 0 0 0 17 13 0 0 0 20 0 0 14 0 0 0 0 4 0 16 2 0 1 5 17 0 0 -1 0 19 7 0 1 0 11 0 0 0 17 0 0 0 0 16 4 15 18 8 0 17 0 0 3 0 11 9 0 0 0 6 0 0 0 0 15 0 0 4 0 0 0 3 3 0 13 0 0 0 0 -1 4 9 0 6 7 0 11 7 0 0 0 3 0 2 4 -1 0 9 0 0 0 0 0 9 8 4 14 0 0 11 0 15 0 0 0 0 0 6 0 -1 0 0 19 0 0 0 0 1 5 0 4 0 0 0 2 5 0 0 0 0 18 0 0 0 0 0 0 17 0 3 13 0 6 6 16 0 0 
0 0 16 6 0 13 5 0 13 0 0 0 0 18 0 0 6 0 3 0 1 18 9 16 0 2 17 0 0 0 9 0 19 14 10 20 4 0 4 17 19 4 0 0 0 6 0 13 19 0 14 12 14 0 0 0 0 0 0 19 0 0 0 0 0 0 20 14 14 0 0 4 0 0 0 8 5 8 14 0 0 0 15 11 1 4 11 0 0 1 2 0 0 0 0 0 12 0 0 0 0 4 0 15 0 0 3 14 13 0 3 0 0 10 0 18 0 3 0 0 2 16 -1 5 0 3 16 15 0 2 0 12 0 13 12 0 1 16 0 0 17 0 0 17 0 14 9 0 0 0 0 0 9 8 2 1 0 14 4 
0 0 1 19 0 0 9 0 0 0 12 0 12 0 12 0 0 0 16 10 0 0 18 0 2 0 16 0 0 11 0 16 0 15 0 0 19 0 0 0 0 0 13 13 0 0 13 0 3 8 4 0 0 7 0 3 5 13 0 13 0 0 0 0 19 13 0 0 0 0 20 16 1 7 0 0 3 0 0 0 0 17 0 17 10 3 9 20 15 -1 10 0 -1 0 0 17 0 0 11 0 -1 0 8 0 10 0 20 -1 0 0 10 0 0 0 0 4 11 0 0 12 0 0 0 0 0 5 0 1 19 3 0 12 2 0 0 12 18 0 0 14 2 0 12 5 0 0 0 9 0 0 0 0 0 19 0 0 0 0 0 
19 7 0 17 0 0 0 0 15 20 -1 17 0 0 0 0 0 0 0 0 0 11 17 11 17 7 0 7 6 0 4 0 0 0 20 0 0 0 4 19 0 5 7 0 3 0 0 -1 15 0 0 11 0 8 0 5 -1 0 18 15 11 0 15 0 0 0 8 0 0 0 0 0 5 6 0 4 5 11 3 0 0 13 0 10 0 6 0 0 0 -1 0 6 1 0 0 0 0 0 0 0 0 0 15 0 0 14 0 0 1 0 0 0 0 0 0 5 20 5 15 0 -1 0 0 4 0 4 0 5 0 0 -1 14 0 5 0 0 0 0 11 4 12 11 0 0 0 0 0 0 3 9 0 19 0 0 19 13 15 0 0 
3 15 15 11 7 9 0 0 18 0 0 0 0 17 0 12 0 0 0 0 0 16 0 7 0 13 18 18 16 0 20 0 0 14 14 19 13 0 -1 0 9 16 16 19 0 10 0 9 17 -1 0 6 0 0 8 4 12 3 0 8 12 0 0 17 0 0 -1 0 1 10 13 15 3 0 7 20 0 0 0 17 0 0 14 20 0 12 0 0 3 0 9 0 14 0 10 0 12 9 0 0 0 12 0 13 16 14 5 0 0 0 3 0 12 11 0 15 0 0 0 1 0 0 12 19 10 16 0 0 0 0 0 12 0 9 0 0 0 7 1 2 2 11 0 0 0 0 14 20 1 0 12 17 15 19 0 13 14 0 0 
3 0 14 6 0 1 0 13 10 0 7 0 0 0 7 0 11 2 1 16 0 0 0 0 0 0 0 4 0 0 0 0 19 8 0 10 0 0 5 3 0 19 0 12 18 9 18 17 0 0 0 14 15 18 20 0 13 0 0 0 2 0 0 0 16 16 20 7 0 4 0 6 0 3 20 18 11 0 0 0 19 13 0 7 11 6 0 18 8 0 0 0 14 7 7 0 10 2 8 6 15 0 5 0 0 4 0 4 13 9 14 6 16 0 0 1 0 0 0 6 0 5 0 0 0 5 0 0 8 0 0 0 0 0 0 0 0 11 0 0 0 0 0 7 10 7 0 0 0 5 0 0 8 0 11 0 0 0 2 
0 8 17 0 0 0 7 0 0 0 0 0 0 9 11 0 0 5 0 3 0 4 3 1 15 19 0 4 2 0 0 0 12 -1 0 0 0 9 -1 0 0 11 0 0 16 0 0 0 0 20 0 10 0 0 0 6 0 17 0 20 0 18 20 17 0 0 0 6 0 0 0 16 0 0 1 0 12 19 7 0 0 0 0 0 5 12 0 0 0 18 0 0 0 5 16 12 18 0 0 0 0 0 4 0 11 10 14 14 1 12 2 0 1 16 0 0 5 9 0 6 4 4 0 0 11 8 0 6 0 12 18 15 15 0 13 18 1 8 20 0 20 0 0 0 0 0 12 5 0 0 -1 16 9 0 1 0 6 0 0 
0 0 0 0 1 0 0 0 18 5 0 0 0 11 0 0 13 0 0 11 2 0 0 0 0 0 0 16 18 -1 20 0 16 0 0 20 0 0 19 0 0 11 0 0 0 0 8 16 8 4 7 0 0 13 0 0 0 0 17 0 12 4 10 2 17 0 4 6 0 0 0 0 20 0 3 0 0 0 13 0 0 0 0 0 0 0 18 0 18 0 0 0 0 0 11 0 3 6 0 11 0 0 0 0 0 0 3 0 20 0 17 0 0 0 8 14 0 0 0 18 19 5 10 0 19 0 0 0 0 3 19 3 5 0 0 3 0 0 -1 0 0 2 1 19 0 0 14 16 0 0 11 12 0 1 8 9 0 0 0 
0 10 0 0 0 0 0 20 12 0 14 0 0 16 1 11 0 0 9 0 9 13 0 0 0 8 0 0 0 0 12 19 8 0 0 7 0 0 19 -1 0 0 0 2 4 3 0 0 8 0 0 0 0 0 0 13 6 0 2 5 0 8 0 0 12 11 0 14 7 18 5 4 11 0 1 8 11 7 0 12 7 0 0 0 0 0 0 18 0 12 15 0 11 0 0 0 0 0 0 9 0 4 0 15 19 16 0 0 0 0 0 1 18 20 0 0 4 2 -1 0 0 1 13 0 0 0 0 11 0 0 0 19 13 0 11 10 19 0 0 0 7 0 0 0 1 0 3 0 11 0 13 0 8 2 0 7 13 0 0 
-1 11 6 11 0 19 4 0 0 0 0 10 0 0 17 17 0 16 -1 9 4 6 0 5 0 2 0 0 0 11 1 9 0 0 3 0 16 0 0 7 0 14 0 3 0 16 15 0 9 0 5 0 0 14 0 0 -1 19 8 5 0 0 12 2 8 13 4 15 10 9 0 0 0 15 3 11 0 0 3 0 12 0 12 0 19 1 18 0 18 0 0 10 -1 0 9 0 4 16 0 11 0 0 7 0 0 0 3 0 0 0 0 0 0 0 0 19 0 0 1 6 0 0 0 0 14 3 0 0 0 19 -1 0 0 0 0 0 10 0 2 1 0 3 0 5 16 0 0 0 0 0 0 0 2 0 9 0 0 0 0 
15 0 0 2 2 0 0 9 6 0 0 9 17 0 0 7 0 0 2 5 0 10 19 0 0 0 0 17 14 0 0 9 14 0 0 0 -1 0 0 0 0 3 0 12 0 8 16 0 18 2 20 7 14 13 1 0 4 0 8 0 12 6 0 0 5 19 19 0 18 11 0 8 0 0 0 -1 2 0 0 0 0 19 18 19 8 0 4 7 0 0 0 0 0 0 19 15 8 3 9 0 13 0 0 1 0 0 14 0 0 0 1 0 4 9 7 0 0 0 0 0 7 20 0 0 4 1 0 0 0 7 1 14 4 -1 0 15 0 0 6 0 20 0 0 0 0 0 0 3 12 5 0 19 0 0 1 0 4 20 0 
6 1 18 0 19 0 11 -1 17 18 0 10 18 0 0 0 7 16 16 20 0 0 0 0 0 14 19 19 0 12 16 0 0 3 0 14 0 0 16 0 0 -1 20 5 0 0 0 0 9 4 1 20 13 9 0 20 9 0 0 0 0 9 0 0 3 0 14 0 18 0 16 0 18 0 0 0 19 15 0 19 12 0 5 11 6 0 15 0 14 -1 2 0 0 20 0 0 0 0 12 0 7 0 0 10 0 0 0 0 0 2 14 8 0 0 10 4 0 0 6 13 5 0 0 4 0 0 0 0 0 18 10 19 0 0 0 0 0 11 0 0 1 0 0 0 2 0 0 0 0 0 17 0 -1 3 5 10 3 0 5 
1 17 8 0 0 0 0 -1 10 0 0 8 0 0 18 20 0 3 0 -1 0 0 0 0 0 13 0 7 6 8 4 12 8 0 2 16 12 0 16 1 0 20 0 0 0 15 -1 14 18 -1 9 0 0 13 2 0 0 0 4 0 0 0 0 0 19 11 0 0 0 0 0 0 0 14 15 0 14 0 6 0 0 0 0 19 0 0 13 10 0 0 0 0 0 12 0 14 6 12 0 15 0 15 0 0 0 0 11 11 10 7 6 -1 0 0 0 0 12 0 13 9 0 0 7 0 10 3 4 14 14 16 5 16 0 0 0 -1 7 20 0 0 0 0 -1 13 0 0 8 2 0 0 14 0 0 12 0 19 0 0 11 
0 0 0 17 20 1 0 0 0 -1 0 20 0 0 5 16 9 0 -1 0 9 0 0 1 0 -1 12 0 0 0 18 0 0 16 0 11 0 0 0 0 20 4 0 2 9 0 0 -1 18 0 0 0 0 0 0 0 0 1 18 0 -1 0 18 0 0 0 12 0 9 0 5 0 0 1 4 0 0 19 0 8 0 0 3 0 20 18 0 0 13 0 20 0 9 16 0 0 0 0 0 6 0 0 0 0 2 3 0 0 0 0 0 0 0 0 6 0 3 0 0 0 6 0 0 0 10 0 3 4 1 15 0 0 19 0 9 0 0 3 5 6 6 7 0 0 0 6 0 18 0 0 0 0 0 14 0 0 0 0 0 
0 8 0 0 0 -1 0 16 8 0 0 0 0 0 2 -1 0 0 11 18 19 0 3 0 0 11 0 0 15 0 0 0 14 4 10 9 0 0 14 0 0 0 20 13 18 17 0 0 5 0 19 0 0 0 4 20 4 0 0 0 0 10 0 18 0 0 19 13 0 0 0 0 2 0 11 0 19 12 15 15 0 0 3 16 0 0 0 1 9 0 17 13 0 0 0 0 2 0 15 0 0 0 11 0 8 0 3 14 17 0 19 0 0 0 0 15 13 5 0 16 -1 4 1 0 0 10 0 9 0 0 0 9 2 7 0 0 0 16 16 6 20 10 0 6 0 11 14 0 0 0 9 14 0 18 7 1 20 13 20 
15 12 8 18 2 -1 4 16 3 6 9 12 14 1 7 3 9 17 6 9 7 3 18 20 1 -1 2 13 8 6 7 -1 15 2 14 5 17 18 12 3 10 3 6 16 8 14 15 2 -1 3 11 1 8 3 9 17 8 16 2 8 9 3 10 2 10 4 19 1 9 6 6 14 1 13 5 17 16 5 20 4 
76 93 93 97 55 50 74 68 100 68 72 66 99 58 64 98 54 90 50 78 76 64 90 87 69 78 75 61 97 58 97 72 75 90 94 80 64 67 72 63 59 95 53 57 52 67 79 81 81 80 83 56 94 72 93 62 100 92 73 70 74 70 66 100 84 59 53 98 50 50 61 59 95 89 67 71 56 70 76 87 100 58 68 93 80 85 80 53 77 52 73 75 97 63 99 80 73 77 52 73 77 88 57 96 76 99 91 82 68 66 94 68 99 61 60 78 96 64 55 97 92 52 72 88 65 95 93 62 71 69 86 98 56 93 93 82 91 83 89 58 73 82 76 71 67 61 73 87 75 78 58 91 54 80 79 70 74 96 82 
