20
10
10
-8 9 2 -5 5 7 -7 5 8 9 
-167 16 136 98 29 48 -80 60 -99 141 
8 5 -8 -3 -2 -1 8 7 5 8 
-127 -73 -128 146 167 131 -132 -73 132 -33 
0 -1 6 0 0 0 12 4 0 0 7 18 6 0 0 7 7 2 13 
3 -1 0 0 0 9 7 0 0 17 0 3 9 0 0 10 0 9 0 
0 14 0 0 0 0 0 3 0 6 0 7 0 0 0 0 4 15 0 
0 15 8 0 14 0 0 0 17 0 0 0 0 3 10 0 0 0 0 
0 0 12 0 0 0 8 0 0 0 0 20 0 19 0 1 0 0 0 
3 0 0 0 0 0 18 0 0 0 0 0 2 0 4 0 6 0 0 
-1 2 6 0 19 0 2 3 0 3 1 0 2 0 0 0 8 11 2 
0 4 -1 0 0 0 0 0 0 0 0 0 1 0 0 0 9 -1 0 
0 15 0 0 0 10 4 0 0 9 -1 0 8 0 7 0 3 0 9 
12 0 1 0 0 19 0 0 0 0 4 7 0 2 0 4 7 0 0 
17 8 12 20 -1 15 19 14 6 3 
80 92 92 81 99 93 77 52 89 65 62 81 95 65 66 82 79 70 84 
