20
10
10
7 -5 7 3 -8 8 -6 -6 1 9 
-102 91 100 -120 131 -179 -82 176 22 -31 
-9 -8 1 -8 3 2 -4 -6 -3 9 
-62 142 -169 -171 -186 64 -43 -199 135 64 
0 0 16 20 14 0 0 0 16 1 0 0 0 0 12 9 6 18 0 
3 0 5 0 0 2 0 15 0 8 6 0 0 0 17 20 0 12 -1 
0 0 0 0 0 0 0 0 0 0 0 0 17 -1 0 16 0 8 0 
0 9 0 6 0 0 8 4 0 5 13 13 0 14 0 0 0 0 0 
10 0 0 0 12 19 -1 0 0 5 0 8 0 0 14 0 6 0 12 
0 0 18 18 10 0 0 0 0 16 0 0 0 0 10 -1 11 0 0 
0 0 0 10 19 13 0 0 0 0 0 0 0 0 0 7 0 19 15 
0 9 11 0 0 2 0 0 -1 0 15 2 0 0 0 12 14 0 0 
0 0 20 0 18 0 14 2 19 0 2 11 0 0 0 8 0 2 0 
1 0 0 10 20 14 0 0 0 0 0 13 0 13 0 13 0 0 0 
15 3 9 12 20 9 12 18 14 13 
93 66 71 58 64 80 92 94 53 65 73 85 91 71 73 73 57 68 51 
