20
10
10
8 -9 -7 -10 -10 2 -0 4 -7 -0 
174 163 -195 -49 -178 160 153 76 -114 163 
-8 10 10 7 -4 -5 3 -8 5 -9 
-96 165 67 -176 49 85 67 -108 47 -156 
0 0 0 6 0 0 0 16 16 0 0 0 10 4 0 0 0 10 15 
0 0 0 9 0 17 -1 0 16 0 0 0 0 0 0 0 20 0 0 
0 0 18 0 0 0 -1 0 0 0 0 1 6 3 0 0 5 0 3 
0 0 0 0 0 0 0 0 0 0 11 0 0 0 5 0 0 17 11 
0 3 16 0 17 6 0 15 0 6 0 6 14 11 0 9 0 0 0 
1 14 0 0 0 8 14 0 4 13 9 0 0 4 12 8 0 15 0 
16 0 15 0 0 0 0 20 16 0 0 0 18 0 15 14 0 0 13 
0 0 0 0 0 7 16 0 0 0 8 1 0 0 0 0 19 0 13 
17 0 0 20 19 5 0 0 0 0 0 0 13 11 -1 9 9 16 0 
0 0 0 0 0 0 16 16 0 12 9 13 0 0 0 0 15 18 0 
11 5 5 8 19 9 12 6 3 2 
52 85 78 70 68 77 52 74 75 75 66 98 69 71 77 98 81 78 100 
