40
20
20
-8 6 8 10 -1 8 -8 -5 10 8 -2 4 -10 -0 -4 9 -4 5 10 -2 
85 127 114 99 160 -30 -157 -89 -1 104 23 42 79 -74 73 -145 -98 -84 -51 -163 
2 1 -10 -3 -0 -4 -4 -6 -8 6 -7 -5 4 -7 -4 -8 -9 -1 -2 -9 
-116 -171 190 92 -89 -166 188 106 49 -153 -68 -66 175 -154 160 134 -56 131 173 70 
9 3 9 1 0 0 0 0 0 0 3 0 0 1 0 19 0 0 0 20 0 0 0 7 15 20 0 2 11 15 6 17 2 0 17 9 0 0 0 
0 18 1 0 15 0 0 4 0 0 0 0 0 0 0 0 10 2 1 13 0 0 4 0 0 0 0 0 0 7 0 9 0 14 15 0 0 0 20 
0 0 0 14 0 9 18 0 0 6 0 0 0 -1 0 5 20 0 0 0 3 0 20 2 0 0 17 0 6 0 0 0 0 10 15 2 12 12 0 
0 3 0 1 0 6 0 0 0 0 0 0 15 2 0 3 8 0 0 13 0 3 0 0 0 4 0 20 0 0 12 0 0 5 0 10 0 0 0 
0 0 2 0 0 6 9 0 0 3 0 19 0 5 7 -1 7 1 5 0 18 11 0 0 0 0 6 -1 0 0 0 9 0 9 0 0 11 0 13 
0 0 13 17 0 0 5 0 0 20 0 5 18 2 0 15 0 4 20 0 0 -1 0 17 18 0 0 2 13 0 0 18 0 0 -1 0 0 0 0 
0 3 11 15 0 0 7 18 17 -1 15 5 0 0 0 18 0 0 0 1 0 0 8 0 3 18 10 5 0 0 14 0 0 0 0 0 20 0 5 
20 0 11 0 0 0 0 0 -1 10 0 0 16 18 15 0 9 0 0 13 7 0 0 0 7 0 11 0 2 0 0 5 2 13 18 19 0 -1 0 
0 0 0 0 -1 16 2 0 3 0 0 13 0 0 6 0 0 0 11 20 0 0 0 0 11 11 4 0 0 0 0 0 19 18 0 0 0 19 0 
3 0 0 17 0 0 0 18 17 0 0 0 0 0 0 0 0 11 0 5 2 0 19 0 20 0 7 0 0 7 0 0 13 18 0 0 0 0 2 
0 0 0 0 0 0 0 0 11 0 0 0 8 2 0 0 5 0 0 0 15 0 0 20 0 13 0 0 0 -1 0 0 10 0 0 0 4 18 1 
0 0 9 0 6 0 20 0 8 0 2 0 0 0 0 0 3 0 0 6 0 11 0 0 8 14 4 0 0 0 0 17 18 11 0 20 0 17 0 
6 0 0 0 0 0 0 8 0 5 14 0 0 18 12 0 15 9 15 11 0 17 11 6 5 7 11 14 0 16 19 20 0 19 20 18 0 5 0 
0 4 15 7 0 20 0 0 8 13 0 0 17 8 19 9 0 2 1 13 6 0 9 11 0 6 16 15 0 0 19 0 0 3 15 0 7 0 20 
0 9 3 0 9 13 15 0 0 0 0 0 0 0 7 0 0 0 0 17 0 0 0 18 0 0 0 4 0 0 0 0 0 0 0 17 17 9 0 
0 0 11 -1 0 0 11 -1 0 0 0 4 0 0 12 7 1 12 16 0 0 0 0 14 0 14 0 7 0 14 13 0 5 12 1 3 0 0 6 
9 0 6 0 0 20 3 0 0 0 8 4 8 0 0 16 0 0 0 13 0 0 -1 0 0 13 -1 6 0 0 0 0 1 17 4 0 0 0 15 
0 15 0 16 0 5 8 0 0 0 2 15 0 0 9 0 0 11 0 3 13 1 0 3 13 0 9 12 2 4 20 2 0 0 0 17 0 0 0 
0 8 0 0 0 12 0 0 20 7 0 0 3 0 0 0 0 0 6 0 0 0 0 0 -1 7 7 13 4 0 0 0 0 0 14 0 0 0 0 
0 0 15 0 0 3 0 15 9 9 0 16 0 0 0 0 0 5 17 0 0 0 0 0 12 0 9 -1 8 0 7 12 0 0 0 0 6 13 0 
18 12 18 3 3 10 3 1 7 8 2 9 2 8 -1 15 18 -1 8 12 
81 63 98 93 81 88 89 68 50 62 56 92 53 76 55 64 95 83 61 59 83 66 51 97 61 73 87 84 88 98 84 94 85 55 86 65 93 74 83 
