0 2542 
1 2506 
2 2476 
3 2447 
4 2417 
5 2391 
6 2367 
7 2342 
8 2322 
9 2298 
10 2277 
11 2257 
12 2238 
13 2218 
14 2200 
15 2182 
16 2164 
17 2147 
18 2130 
19 2113 
20 2096 
21 2080 
22 2063 
23 2048 
24 2032 
25 2017 
26 2002 
27 1986 
28 1971 
29 1956 
30 1941 
31 1927 
32 1911 
33 1898 
34 1882 
35 1868 
36 1853 
37 1839 
38 1826 
39 1812 
40 1798 
41 1785 
42 1772 
43 1759 
44 1745 
45 1732 
46 1721 
47 1708 
48 1697 
49 1685 
50 1672 
51 1660 
52 1649 
53 1636 
54 1627 
55 1615 
56 1602 
57 1592 
58 1582 
59 1572 
60 1560 
61 1551 
62 1541 
63 1532 
64 1523 
65 1514 
66 1505 
67 1496 
68 1487 
69 1479 
70 1470 
71 1460 
72 1452 
73 1443 
74 1434 
75 1426 
76 1418 
77 1410 
78 1402 
79 1393 
80 1385 
81 1377 
82 1370 
83 1362 
84 1355 
85 1347 
86 1339 
87 1333 
88 1325 
89 1320 
90 1314 
91 1307 
92 1300 
93 1295 
94 1289 
95 1282 
96 1276 
97 1270 
98 1264 
99 1258 
100 1252 
101 1247 
102 1241 
103 1235 
104 1229 
105 1223 
106 1218 
107 1212 
108 1207 
109 1201 
110 1195 
111 1190 
112 1185 
113 1179 
114 1174 
115 1168 
116 1163 
117 1159 
118 1154 
119 1148 
120 1144 
121 1139 
122 1134 
123 1130 
124 1126 
125 1120 
126 1115 
127 1111 
128 1106 
129 1102 
130 1097 
131 1093 
132 1087 
133 1082 
134 1078 
135 1075 
136 1070 
137 1065 
138 1061 
139 1056 
140 1051 
141 1046 
142 1042 
143 1039 
144 1035 
145 1030 
146 1025 
147 1021 
148 1018 
149 1013 
150 1009 
151 1005 
152 1000 
153 996 
154 993 
155 989 
156 984 
157 980 
158 977 
159 973 
160 969 
161 965 
162 961 
163 957 
164 954 
165 950 
166 946 
167 942 
168 938 
169 935 
170 931 
171 927 
172 924 
173 920 
174 916 
175 912 
176 909 
177 905 
178 901 
179 898 
180 895 
181 891 
182 887 
183 884 
184 881 
185 877 
186 874 
187 871 
188 868 
189 864 
190 861 
191 858 
192 855 
193 852 
194 848 
195 845 
196 843 
197 839 
198 836 
199 833 
200 830 
201 827 
202 825 
203 821 
204 819 
205 814 
206 813 
207 809 
208 806 
209 803 
210 800 
211 798 
212 794 
213 792 
214 788 
215 786 
216 783 
217 780 
218 778 
219 775 
220 772 
221 769 
222 766 
223 764 
224 761 
225 758 
226 755 
227 752 
228 750 
229 747 
230 744 
231 742 
232 739 
233 737 
234 734 
235 731 
236 729 
237 726 
238 723 
239 721 
240 718 
241 716 
242 713 
243 711 
244 708 
245 706 
246 703 
247 701 
248 699 
249 696 
250 694 
251 692 
252 689 
253 687 
254 685 
255 683 
256 680 
257 678 
258 676 
259 673 
260 671 
261 669 
262 667 
263 664 
264 662 
265 660 
266 658 
267 655 
268 653 
269 651 
270 648 
271 647 
272 645 
273 643 
274 640 
275 639 
276 637 
277 635 
278 633 
279 631 
280 629 
281 627 
282 625 
283 623 
284 621 
285 619 
286 617 
287 615 
288 613 
289 612 
290 610 
291 608 
292 606 
293 604 
294 602 
295 601 
296 599 
297 597 
298 595 
299 594 
300 592 
301 590 
302 588 
303 587 
304 585 
305 583 
306 582 
307 580 
308 578 
309 577 
310 575 
311 573 
312 571 
313 570 
314 568 
315 567 
316 565 
317 563 
318 561 
319 560 
320 558 
321 557 
322 555 
323 553 
324 552 
325 550 
326 549 
327 547 
328 545 
329 544 
330 543 
331 541 
332 539 
333 537 
334 536 
335 534 
336 533 
337 532 
338 530 
339 528 
340 527 
341 525 
342 524 
343 523 
344 521 
345 520 
346 518 
347 516 
348 515 
349 514 
350 512 
351 510 
352 509 
353 508 
354 506 
355 505 
356 503 
357 502 
358 501 
359 500 
360 498 
361 496 
362 495 
363 494 
364 492 
365 491 
366 489 
367 488 
368 487 
369 486 
370 485 
371 484 
372 482 
374 479 
376 477 
378 476 
379 474 
380 473 
381 472 
382 471 
383 469 
384 468 
386 466 
388 464 
389 463 
390 462 
391 461 
392 460 
393 458 
395 457 
396 456 
397 455 
398 453 
400 451 
402 450 
403 448 
405 446 
407 444 
409 443 
410 441 
412 439 
414 438 
415 436 
417 434 
419 433 
420 432 
421 431 
422 429 
424 428 
425 427 
426 426 
427 425 
428 424 
429 423 
430 422 
431 421 
432 420 
433 419 
434 418 
435 417 
436 416 
437 415 
438 414 
439 413 
440 412 
442 410 
443 409 
444 408 
446 407 
447 405 
449 403 
450 402 
452 401 
453 400 
454 398 
456 397 
457 396 
458 395 
459 394 
460 393 
462 392 
463 391 
464 390 
465 389 
466 388 
467 387 
468 386 
470 385 
471 384 
472 383 
473 382 
475 381 
476 379 
478 378 
479 377 
480 376 
482 374 
484 373 
485 372 
486 371 
488 370 
489 369 
490 368 
491 367 
493 366 
494 365 
495 364 
497 363 
498 362 
499 361 
500 360 
502 359 
503 358 
504 357 
506 356 
507 355 
508 354 
510 353 
511 352 
512 351 
513 350 
515 349 
516 348 
517 347 
519 346 
520 345 
521 344 
523 343 
524 342 
526 340 
528 339 
529 338 
531 337 
532 336 
534 335 
535 333 
537 332 
538 331 
540 330 
541 329 
543 328 
544 327 
546 326 
548 325 
549 324 
550 323 
552 321 
554 320 
556 319 
557 318 
559 317 
561 316 
562 315 
564 314 
565 313 
567 312 
569 311 
570 310 
571 309 
573 308 
575 307 
576 306 
578 305 
580 304 
581 303 
583 302 
585 301 
587 300 
588 299 
590 298 
591 297 
593 296 
595 295 
597 294 
598 293 
600 292 
602 291 
604 290 
605 289 
607 288 
609 287 
611 286 
613 285 
614 284 
616 283 
618 282 
620 281 
621 280 
625 278 
628 277 
630 276 
632 275 
634 274 
635 273 
638 272 
640 271 
642 270 
644 269 
646 268 
648 267 
651 266 
653 265 
655 264 
656 263 
659 262 
661 261 
663 260 
665 259 
667 258 
669 257 
672 256 
674 255 
676 254 
678 253 
680 252 
683 251 
685 250 
686 249 
689 248 
692 247 
694 246 
696 245 
697 244 
700 243 
702 242 
705 241 
707 240 
709 239 
711 238 
713 237 
717 236 
718 235 
720 234 
722 233 
724 232 
728 231 
729 230 
732 229 
734 228 
737 227 
740 226 
743 225 
745 224 
748 223 
751 222 
753 221 
755 220 
758 219 
761 218 
764 217 
766 216 
769 215 
772 214 
774 213 
777 212 
780 211 
783 210 
785 209 
788 208 
791 207 
794 206 
796 205 
799 204 
802 203 
805 202 
808 201 
811 200 
814 199 
817 198 
819 197 
822 196 
825 195 
828 194 
832 193 
835 192 
838 191 
841 190 
844 189 
848 188 
851 187 
854 186 
858 185 
861 184 
865 183 
867 182 
871 181 
875 180 
877 179 
881 178 
884 177 
888 176 
891 175 
895 174 
897 173 
901 172 
905 171 
907 170 
911 169 
914 168 
918 167 
921 166 
925 165 
928 164 
932 163 
936 162 
939 161 
943 160 
946 159 
950 158 
953 157 
957 156 
961 155 
965 154 
968 153 
972 152 
976 151 
979 150 
983 149 
986 148 
990 147 
995 146 
999 145 
1003 144 
1006 143 
1009 142 
1015 141 
1018 140 
1022 139 
1026 138 
1030 137 
1035 136 
1038 135 
1042 134 
1046 133 
1050 132 
1054 131 
1060 130 
1064 129 
1070 128 
1075 127 
1080 126 
1086 125 
1090 124 
1095 123 
1101 122 
1105 121 
1112 120 
1117 119 
1123 118 
1127 117 
1134 116 
1139 115 
1145 114 
1149 113 
1157 112 
1163 111 
1169 110 
1173 109 
1180 108 
1186 107 
1192 106 
1199 105 
1205 104 
1211 103 
1218 102 
1225 101 
1231 100 
1237 99 
1245 98 
1250 97 
1256 96 
1263 95 
1270 94 
1276 93 
1283 92 
1290 91 
1297 90 
1304 89 
1311 88 
1319 87 
1326 86 
1332 85 
1340 84 
1347 83 
1355 82 
1362 81 
1369 80 
1378 79 
1384 78 
1394 77 
1399 76 
1410 75 
1416 74 
1425 73 
1431 72 
1441 71 
1449 70 
1457 69 
1468 68 
1476 67 
1487 66 
1497 65 
1507 64 
1518 63 
1528 62 
1539 61 
1549 60 
1559 59 
1570 58 
1580 57 
1591 56 
1601 55 
1612 54 
1623 53 
1635 52 
1646 51 
1658 50 
1669 49 
1681 48 
1693 47 
1705 46 
1718 45 
1731 44 
1742 43 
1755 42 
1767 41 
1779 40 
1792 39 
1806 38 
1819 37 
1832 36 
1846 35 
1859 34 
1873 33 
1888 32 
1901 31 
1917 30 
1931 29 
1945 28 
1961 27 
1976 26 
1991 25 
2006 24 
2021 23 
2035 22 
2051 21 
2068 20 
2087 19 
2104 18 
2123 17 
2143 16 
2163 15 
2190 14 
2215 13 
2240 12 
2266 11 
2292 10 
2319 9 
2347 8 
2377 7 
2406 6 
2438 5 
2472 4 
2504 3 
2543 2 
2588 1 
2635 0 
