0 2532 
1 2493 
2 2456 
3 2427 
4 2398 
5 2370 
6 2338 
7 2308 
8 2279 
9 2253 
10 2228 
11 2206 
12 2183 
13 2161 
14 2138 
15 2117 
16 2095 
17 2074 
18 2053 
19 2033 
20 2011 
21 1992 
22 1974 
23 1954 
24 1936 
25 1918 
26 1904 
27 1889 
28 1873 
29 1858 
30 1843 
31 1829 
32 1814 
33 1799 
34 1786 
35 1773 
36 1760 
37 1746 
38 1734 
39 1720 
40 1707 
41 1696 
42 1681 
43 1670 
44 1659 
45 1647 
46 1636 
47 1627 
48 1617 
49 1608 
50 1597 
51 1588 
52 1578 
53 1569 
54 1560 
55 1550 
56 1541 
57 1531 
58 1522 
59 1513 
60 1505 
61 1497 
62 1489 
63 1481 
64 1473 
65 1465 
66 1457 
67 1450 
68 1442 
69 1434 
70 1426 
71 1418 
72 1411 
73 1404 
74 1396 
75 1388 
76 1381 
77 1373 
78 1367 
79 1359 
80 1352 
81 1345 
82 1339 
83 1331 
84 1324 
85 1318 
86 1311 
87 1304 
88 1297 
89 1291 
90 1283 
91 1277 
92 1270 
93 1263 
94 1257 
95 1250 
96 1244 
97 1238 
98 1231 
99 1225 
100 1218 
101 1213 
102 1207 
103 1201 
104 1196 
105 1190 
106 1183 
107 1178 
108 1172 
109 1166 
110 1161 
111 1155 
112 1149 
113 1144 
114 1138 
115 1133 
116 1127 
117 1121 
118 1115 
119 1110 
120 1104 
121 1099 
122 1093 
123 1089 
124 1083 
125 1078 
126 1073 
127 1068 
128 1064 
129 1059 
130 1053 
131 1049 
132 1044 
133 1038 
134 1033 
135 1029 
136 1024 
137 1020 
138 1015 
139 1010 
140 1004 
141 1000 
142 996 
143 992 
144 988 
145 984 
146 979 
147 975 
148 972 
149 966 
150 963 
151 959 
152 955 
153 952 
154 946 
155 943 
156 939 
157 935 
158 930 
159 927 
160 923 
161 918 
162 915 
163 910 
164 907 
165 903 
166 898 
167 895 
168 892 
169 887 
170 884 
171 881 
172 877 
173 874 
174 870 
175 866 
176 863 
177 859 
178 856 
179 852 
180 849 
181 845 
182 842 
183 839 
184 835 
185 833 
186 829 
187 826 
188 823 
189 819 
190 816 
191 813 
192 810 
193 807 
194 804 
195 800 
196 798 
197 794 
198 791 
199 787 
200 785 
201 781 
202 779 
203 776 
204 772 
205 769 
206 766 
207 763 
208 760 
209 757 
210 754 
211 751 
212 748 
213 745 
214 742 
215 740 
216 736 
217 734 
218 731 
219 728 
220 725 
221 723 
222 719 
223 717 
224 714 
225 712 
226 708 
227 706 
228 703 
229 700 
230 698 
231 695 
232 693 
233 689 
234 687 
235 683 
236 682 
237 679 
238 677 
239 674 
240 671 
241 670 
242 667 
243 665 
244 663 
245 661 
246 659 
247 656 
248 654 
249 651 
250 649 
251 647 
252 645 
253 643 
254 641 
255 639 
256 637 
257 635 
258 634 
259 632 
260 630 
261 628 
262 626 
263 624 
264 622 
265 620 
266 618 
267 617 
268 615 
269 613 
270 611 
271 609 
272 608 
273 606 
274 604 
275 602 
276 600 
277 599 
278 597 
279 595 
280 593 
281 592 
282 590 
283 588 
284 587 
285 585 
286 583 
287 582 
288 580 
289 578 
290 577 
291 575 
292 573 
293 571 
294 570 
295 568 
296 566 
297 565 
298 563 
299 561 
300 560 
301 558 
302 557 
303 555 
304 553 
305 552 
306 551 
307 549 
308 547 
309 546 
310 545 
311 543 
312 542 
313 540 
314 539 
315 537 
316 535 
317 534 
318 533 
319 531 
320 530 
321 528 
322 527 
323 525 
324 524 
325 523 
326 521 
327 520 
328 519 
329 517 
330 516 
331 514 
332 513 
333 512 
334 510 
335 509 
336 507 
337 506 
338 505 
339 503 
340 502 
341 501 
342 499 
343 498 
344 497 
345 495 
346 494 
347 493 
348 492 
349 490 
350 489 
351 488 
352 487 
353 485 
354 484 
355 483 
356 481 
357 480 
358 479 
359 478 
360 477 
361 475 
362 474 
363 473 
364 472 
365 471 
366 470 
367 468 
368 467 
369 466 
370 465 
371 464 
372 463 
373 462 
374 460 
375 459 
376 458 
377 457 
378 456 
379 454 
380 453 
381 452 
382 451 
383 450 
384 449 
385 447 
386 446 
387 445 
388 444 
389 443 
390 442 
391 441 
392 440 
393 438 
394 437 
395 436 
396 435 
397 434 
398 433 
399 432 
400 431 
401 430 
402 429 
403 427 
404 426 
405 425 
406 424 
407 423 
408 422 
409 421 
410 420 
411 419 
412 418 
413 416 
414 415 
415 414 
416 413 
417 412 
418 411 
419 410 
420 409 
421 408 
422 407 
423 406 
424 404 
426 402 
427 401 
428 400 
429 399 
430 398 
431 397 
432 396 
433 395 
434 394 
435 393 
436 392 
437 391 
438 390 
439 389 
440 388 
441 387 
442 386 
443 385 
444 384 
445 383 
446 382 
447 381 
448 380 
449 379 
450 378 
451 377 
452 376 
453 375 
454 374 
455 373 
456 372 
457 371 
458 370 
459 369 
460 368 
461 367 
462 366 
464 365 
465 364 
466 363 
467 362 
468 361 
469 360 
470 359 
471 358 
472 357 
473 356 
475 354 
476 353 
478 352 
479 351 
480 350 
481 349 
482 348 
483 347 
484 346 
485 345 
486 344 
488 342 
489 341 
491 340 
492 339 
493 338 
494 337 
495 336 
496 335 
497 334 
498 333 
500 332 
501 331 
502 330 
504 328 
505 327 
507 326 
508 325 
510 324 
511 323 
512 322 
514 321 
515 320 
516 319 
517 318 
519 316 
521 315 
522 314 
524 313 
525 312 
526 311 
528 310 
529 309 
531 308 
532 307 
533 306 
535 305 
536 304 
538 303 
539 302 
540 301 
542 300 
543 299 
545 298 
546 297 
548 296 
549 295 
551 294 
552 293 
554 292 
555 291 
557 290 
559 289 
560 288 
563 287 
564 286 
567 285 
568 284 
570 283 
572 282 
573 281 
575 280 
577 279 
578 278 
581 277 
582 276 
584 275 
586 274 
588 273 
590 272 
592 271 
594 270 
596 269 
598 268 
600 267 
602 266 
604 265 
606 264 
607 263 
610 262 
611 261 
613 260 
615 259 
617 258 
619 257 
621 256 
623 255 
625 254 
627 253 
629 252 
631 251 
633 250 
635 249 
637 248 
640 247 
641 246 
643 245 
646 244 
648 243 
650 242 
652 241 
654 240 
657 239 
659 238 
661 237 
664 236 
666 235 
669 234 
671 233 
674 232 
676 231 
679 230 
681 229 
684 228 
686 227 
689 226 
691 225 
694 224 
696 223 
699 222 
701 221 
704 220 
706 219 
709 218 
712 217 
715 216 
718 215 
720 214 
722 213 
725 212 
728 211 
730 210 
732 209 
735 208 
738 207 
741 206 
743 205 
747 204 
749 203 
752 202 
755 201 
758 200 
761 199 
764 198 
767 197 
770 196 
773 195 
776 194 
779 193 
781 192 
784 191 
788 190 
791 189 
794 188 
796 187 
799 186 
802 185 
806 184 
808 183 
811 182 
814 181 
817 180 
821 179 
823 178 
826 177 
830 176 
833 175 
836 174 
839 173 
842 172 
846 171 
849 170 
852 169 
855 168 
858 167 
862 166 
864 165 
867 164 
871 163 
874 162 
877 161 
881 160 
884 159 
887 158 
891 157 
894 156 
897 155 
900 154 
904 153 
907 152 
910 151 
914 150 
917 149 
921 148 
925 147 
928 146 
932 145 
936 144 
939 143 
943 142 
947 141 
951 140 
954 139 
958 138 
961 137 
965 136 
969 135 
974 134 
977 133 
981 132 
984 131 
988 130 
993 129 
997 128 
1001 127 
1006 126 
1010 125 
1014 124 
1019 123 
1023 122 
1028 121 
1032 120 
1036 119 
1041 118 
1045 117 
1049 116 
1054 115 
1058 114 
1064 113 
1069 112 
1074 111 
1079 110 
1084 109 
1090 108 
1095 107 
1100 106 
1106 105 
1111 104 
1116 103 
1121 102 
1126 101 
1132 100 
1137 99 
1143 98 
1149 97 
1154 96 
1160 95 
1165 94 
1171 93 
1178 92 
1184 91 
1190 90 
1196 89 
1202 88 
1209 87 
1214 86 
1220 85 
1227 84 
1236 83 
1243 82 
1251 81 
1257 80 
1263 79 
1272 78 
1280 77 
1287 76 
1295 75 
1303 74 
1312 73 
1319 72 
1327 71 
1334 70 
1343 69 
1351 68 
1359 67 
1367 66 
1375 65 
1383 64 
1392 63 
1401 62 
1407 61 
1416 60 
1425 59 
1435 58 
1444 57 
1453 56 
1462 55 
1472 54 
1480 53 
1490 52 
1502 51 
1512 50 
1523 49 
1534 48 
1545 47 
1555 46 
1565 45 
1577 44 
1587 43 
1598 42 
1609 41 
1620 40 
1631 39 
1643 38 
1654 37 
1666 36 
1678 35 
1689 34 
1702 33 
1713 32 
1726 31 
1740 30 
1754 29 
1768 28 
1783 27 
1797 26 
1811 25 
1826 24 
1844 23 
1861 22 
1878 21 
1896 20 
1914 19 
1933 18 
1951 17 
1970 16 
1989 15 
2008 14 
2028 13 
2048 12 
2068 11 
2089 10 
2110 9 
2131 8 
2152 7 
2175 6 
2200 5 
2222 4 
2250 3 
2284 2 
2325 1 
