13 9934 
14 9749 
15 9572 
16 9406 
17 9284 
18 9161 
19 9055 
20 8946 
21 8850 
22 8759 
23 8659 
24 8571 
25 8493 
26 8414 
27 8336 
28 8259 
29 8186 
30 8107 
31 8034 
32 7959 
33 7890 
34 7829 
35 7761 
36 7700 
37 7637 
38 7576 
39 7518 
40 7459 
41 7405 
42 7350 
43 7297 
44 7250 
45 7197 
46 7150 
47 7100 
48 7047 
49 6994 
50 6947 
51 6894 
52 6853 
53 6801 
54 6762 
55 6725 
56 6689 
57 6641 
58 6603 
59 6566 
60 6522 
61 6480 
62 6444 
63 6409 
64 6361 
65 6325 
66 6289 
67 6254 
68 6214 
69 6178 
70 6141 
71 6101 
72 6065 
73 6031 
74 5995 
75 5964 
76 5935 
77 5899 
78 5864 
79 5833 
80 5803 
81 5772 
82 5747 
83 5721 
84 5691 
85 5666 
86 5644 
87 5620 
88 5589 
89 5570 
90 5539 
91 5516 
92 5493 
93 5471 
94 5448 
95 5423 
96 5398 
97 5374 
98 5352 
99 5329 
100 5307 
101 5284 
102 5262 
103 5239 
104 5219 
105 5194 
106 5174 
107 5150 
108 5129 
109 5105 
110 5086 
111 5060 
112 5041 
113 5019 
114 4998 
115 4981 
116 4958 
117 4942 
118 4921 
119 4898 
120 4881 
121 4861 
122 4843 
123 4823 
124 4806 
125 4791 
126 4772 
127 4751 
128 4734 
129 4719 
130 4700 
131 4683 
132 4666 
133 4649 
134 4633 
135 4616 
136 4600 
137 4580 
138 4563 
139 4548 
140 4531 
141 4514 
142 4498 
143 4481 
144 4465 
145 4447 
146 4430 
147 4416 
148 4399 
149 4381 
150 4370 
151 4350 
152 4339 
153 4326 
154 4310 
155 4294 
156 4277 
157 4260 
158 4249 
159 4232 
160 4220 
161 4206 
162 4190 
163 4177 
164 4163 
165 4149 
166 4135 
167 4122 
168 4106 
169 4089 
170 4077 
171 4063 
172 4046 
173 4030 
174 4018 
175 4002 
176 3990 
177 3976 
178 3967 
179 3950 
180 3938 
181 3924 
182 3910 
183 3897 
184 3882 
185 3869 
186 3858 
187 3849 
188 3833 
189 3822 
190 3811 
191 3796 
192 3783 
193 3769 
194 3758 
195 3746 
196 3732 
197 3718 
198 3708 
199 3696 
200 3682 
201 3673 
202 3657 
203 3646 
204 3639 
205 3623 
206 3612 
207 3601 
208 3592 
209 3580 
210 3567 
211 3554 
212 3544 
213 3532 
214 3522 
215 3510 
216 3494 
217 3488 
218 3475 
219 3468 
220 3456 
221 3445 
222 3434 
223 3418 
224 3412 
225 3399 
226 3393 
227 3380 
228 3369 
229 3359 
230 3350 
231 3340 
232 3327 
233 3319 
234 3307 
235 3300 
236 3288 
237 3277 
238 3268 
239 3258 
240 3246 
241 3237 
242 3227 
243 3216 
244 3207 
245 3197 
246 3186 
247 3179 
248 3166 
249 3159 
250 3146 
251 3136 
252 3129 
253 3116 
254 3105 
255 3100 
256 3085 
257 3081 
258 3066 
259 3060 
260 3051 
261 3040 
262 3033 
263 3021 
264 3011 
265 3001 
266 2991 
267 2985 
268 2977 
269 2970 
270 2958 
271 2951 
272 2939 
273 2933 
274 2923 
275 2916 
276 2903 
277 2897 
278 2889 
279 2879 
280 2872 
281 2863 
282 2856 
283 2846 
284 2838 
285 2828 
286 2823 
287 2814 
288 2808 
289 2799 
290 2792 
291 2781 
292 2775 
293 2767 
294 2757 
295 2749 
296 2737 
297 2735 
298 2723 
299 2718 
300 2710 
301 2703 
302 2691 
303 2688 
304 2680 
305 2670 
306 2663 
307 2659 
308 2647 
309 2640 
310 2632 
311 2628 
312 2621 
313 2611 
314 2604 
315 2599 
316 2592 
317 2584 
318 2577 
319 2572 
320 2563 
321 2556 
322 2550 
323 2542 
324 2535 
325 2529 
326 2521 
327 2514 
328 2511 
329 2503 
330 2495 
331 2490 
332 2479 
333 2472 
334 2469 
335 2461 
336 2454 
337 2451 
338 2443 
339 2432 
340 2430 
341 2422 
342 2414 
344 2404 
345 2395 
346 2392 
347 2385 
348 2377 
349 2375 
350 2367 
351 2361 
352 2356 
353 2345 
354 2343 
355 2335 
356 2327 
358 2317 
359 2312 
360 2306 
361 2302 
362 2296 
363 2289 
364 2286 
365 2279 
366 2275 
367 2268 
368 2265 
369 2258 
370 2254 
371 2248 
372 2244 
373 2238 
374 2234 
375 2228 
376 2222 
377 2217 
378 2212 
379 2206 
380 2201 
381 2197 
382 2191 
383 2187 
384 2179 
385 2176 
386 2169 
387 2166 
388 2160 
389 2155 
390 2151 
391 2146 
392 2140 
393 2134 
394 2130 
395 2124 
396 2120 
397 2115 
398 2111 
399 2106 
400 2103 
401 2097 
402 2094 
403 2089 
404 2085 
405 2080 
406 2077 
407 2071 
408 2067 
409 2061 
410 2057 
411 2052 
412 2048 
413 2044 
414 2040 
415 2035 
416 2031 
417 2029 
418 2025 
419 2021 
420 2016 
421 2012 
422 2008 
423 2003 
424 1999 
425 1995 
426 1991 
427 1986 
428 1982 
429 1979 
430 1974 
431 1970 
432 1967 
433 1962 
434 1957 
435 1953 
436 1948 
437 1944 
438 1940 
439 1936 
440 1931 
441 1927 
442 1924 
443 1919 
444 1915 
445 1912 
446 1908 
447 1905 
448 1900 
449 1896 
450 1893 
451 1888 
452 1884 
453 1880 
454 1876 
455 1871 
456 1867 
457 1864 
458 1860 
459 1856 
460 1851 
461 1847 
462 1844 
463 1839 
464 1835 
465 1832 
466 1828 
467 1825 
468 1820 
469 1816 
470 1813 
471 1808 
472 1805 
473 1801 
474 1797 
475 1793 
476 1789 
477 1787 
478 1782 
479 1778 
480 1775 
481 1770 
482 1766 
483 1763 
484 1759 
485 1756 
486 1751 
487 1747 
488 1745 
489 1739 
490 1737 
491 1732 
492 1729 
493 1725 
494 1720 
495 1718 
496 1715 
497 1711 
498 1706 
499 1704 
500 1702 
501 1697 
502 1694 
503 1691 
504 1687 
505 1684 
506 1682 
507 1677 
508 1675 
509 1670 
510 1667 
511 1664 
512 1658 
513 1656 
514 1655 
515 1649 
516 1648 
517 1646 
518 1642 
519 1639 
520 1634 
521 1630 
522 1629 
523 1624 
524 1622 
525 1617 
526 1616 
527 1610 
529 1607 
530 1603 
531 1599 
532 1598 
533 1595 
534 1591 
535 1590 
536 1585 
537 1584 
538 1578 
540 1576 
541 1572 
542 1568 
543 1564 
545 1561 
546 1557 
547 1554 
548 1552 
549 1550 
550 1547 
551 1544 
552 1542 
553 1539 
554 1537 
555 1533 
556 1530 
557 1527 
558 1526 
559 1524 
560 1520 
561 1517 
562 1516 
563 1513 
564 1511 
565 1508 
566 1506 
567 1503 
568 1500 
569 1497 
570 1494 
571 1491 
572 1490 
573 1486 
574 1484 
575 1481 
576 1479 
577 1475 
579 1471 
580 1468 
581 1465 
582 1463 
583 1461 
584 1459 
585 1457 
586 1454 
587 1452 
588 1448 
589 1447 
590 1443 
591 1441 
592 1438 
593 1437 
594 1433 
595 1432 
596 1428 
597 1427 
598 1423 
599 1422 
600 1419 
601 1416 
602 1415 
603 1412 
604 1410 
605 1407 
606 1405 
607 1401 
609 1397 
610 1395 
611 1392 
612 1391 
613 1388 
614 1386 
615 1383 
616 1381 
617 1379 
618 1376 
619 1375 
620 1371 
621 1370 
622 1368 
623 1366 
624 1363 
625 1362 
626 1359 
627 1356 
628 1355 
629 1351 
630 1349 
631 1348 
632 1346 
633 1343 
634 1342 
635 1338 
636 1336 
637 1334 
638 1332 
639 1329 
640 1327 
641 1325 
642 1323 
643 1320 
644 1318 
645 1317 
646 1313 
647 1312 
648 1310 
649 1308 
650 1306 
651 1304 
652 1300 
653 1299 
654 1297 
655 1293 
657 1291 
658 1290 
659 1286 
660 1284 
661 1283 
662 1278 
664 1277 
665 1275 
666 1271 
667 1267 
669 1266 
670 1265 
671 1260 
673 1259 
674 1258 
675 1254 
677 1252 
679 1250 
680 1248 
681 1245 
682 1244 
683 1243 
684 1241 
685 1239 
686 1237 
687 1236 
688 1234 
689 1231 
691 1230 
692 1228 
693 1224 
695 1222 
696 1221 
697 1218 
699 1215 
700 1214 
702 1212 
703 1209 
704 1208 
705 1207 
706 1205 
707 1202 
708 1201 
709 1200 
710 1199 
711 1195 
713 1194 
714 1192 
715 1189 
716 1188 
717 1187 
718 1185 
719 1184 
720 1181 
721 1180 
722 1179 
723 1178 
724 1175 
725 1174 
726 1172 
728 1170 
729 1168 
730 1166 
731 1164 
733 1160 
735 1158 
736 1157 
738 1154 
739 1152 
740 1151 
741 1149 
742 1148 
743 1145 
745 1143 
746 1142 
747 1140 
748 1139 
749 1137 
750 1136 
751 1135 
752 1133 
753 1131 
754 1129 
756 1127 
757 1125 
758 1124 
759 1123 
760 1121 
761 1119 
762 1118 
763 1117 
764 1114 
766 1113 
767 1111 
768 1109 
769 1108 
770 1107 
771 1106 
772 1105 
773 1103 
774 1101 
776 1099 
777 1097 
778 1096 
780 1093 
781 1092 
782 1091 
783 1090 
784 1089 
785 1087 
786 1086 
787 1085 
788 1083 
789 1082 
790 1081 
791 1080 
792 1079 
793 1078 
794 1076 
795 1075 
796 1074 
797 1073 
798 1071 
799 1070 
800 1069 
801 1067 
803 1065 
804 1063 
806 1062 
807 1060 
808 1059 
809 1057 
810 1056 
811 1055 
812 1053 
813 1052 
814 1051 
815 1050 
816 1049 
817 1047 
818 1046 
819 1045 
820 1044 
821 1042 
822 1041 
823 1040 
824 1039 
825 1038 
826 1036 
827 1035 
828 1034 
829 1033 
830 1032 
831 1030 
832 1029 
833 1028 
834 1027 
835 1025 
836 1024 
837 1023 
838 1022 
839 1021 
840 1019 
841 1018 
843 1017 
844 1015 
845 1014 
846 1012 
847 1011 
848 1010 
849 1008 
850 1007 
852 1006 
853 1005 
854 1004 
855 1002 
856 1001 
858 998 
859 997 
861 995 
862 994 
864 993 
865 991 
867 990 
868 988 
869 987 
871 985 
872 984 
874 983 
875 981 
876 980 
877 979 
879 977 
880 976 
882 974 
884 973 
885 971 
886 970 
888 969 
889 968 
890 966 
892 965 
893 964 
894 962 
896 961 
897 960 
898 959 
899 957 
901 956 
902 955 
903 954 
904 953 
905 952 
906 951 
908 949 
910 948 
911 946 
912 945 
914 944 
915 943 
916 941 
917 940 
919 939 
920 937 
922 936 
923 935 
924 934 
925 932 
927 931 
928 930 
929 929 
930 927 
932 926 
934 925 
935 923 
936 922 
937 921 
939 920 
940 918 
941 917 
943 916 
944 915 
945 913 
947 912 
948 911 
949 910 
950 909 
951 908 
952 907 
954 906 
955 904 
957 903 
958 902 
959 901 
960 900 
961 899 
962 898 
963 897 
965 896 
966 895 
967 894 
968 893 
969 892 
970 891 
971 890 
973 888 
975 887 
976 886 
977 885 
979 883 
981 881 
983 880 
984 879 
985 878 
987 876 
989 874 
991 873 
992 872 
994 871 
995 869 
997 867 
999 866 
1000 865 
1002 864 
1003 862 
1005 861 
1006 860 
1008 858 
1010 857 
1012 856 
1013 855 
1014 853 
1016 852 
1018 851 
1019 850 
1021 848 
1023 847 
1024 846 
1025 845 
1027 844 
1029 842 
1031 841 
1032 840 
1033 839 
1034 838 
1036 837 
1037 836 
1038 835 
1040 834 
1041 833 
1042 832 
1043 831 
1044 830 
1047 828 
1048 827 
1050 826 
1051 825 
1053 824 
1054 823 
1056 821 
1058 820 
1059 819 
1061 818 
1062 817 
1063 816 
1065 815 
1066 814 
1067 813 
1068 812 
1070 811 
1071 810 
1073 809 
1074 808 
1076 806 
1078 805 
1079 804 
1081 803 
1082 801 
1085 800 
1086 799 
1088 798 
1089 796 
1092 795 
1093 794 
1094 793 
1097 791 
1099 790 
1100 788 
1103 787 
1104 786 
1105 785 
1108 783 
1110 782 
1111 780 
1114 779 
1115 778 
1116 777 
1119 775 
1121 774 
1122 773 
1123 772 
1125 771 
1126 770 
1127 769 
1130 768 
1131 767 
1132 766 
1134 765 
1135 764 
1137 763 
1138 762 
1139 761 
1141 760 
1142 759 
1144 758 
1145 756 
1148 755 
1149 754 
1151 753 
1153 752 
1154 751 
1155 750 
1157 749 
1160 748 
1162 747 
1163 745 
1165 744 
1167 743 
1169 742 
1171 741 
1172 740 
1173 739 
1175 738 
1177 737 
1178 736 
1179 735 
1181 734 
1182 733 
1183 732 
1185 731 
1187 730 
1189 729 
1191 728 
1192 727 
1194 726 
1195 725 
1197 724 
1199 723 
1200 722 
1203 720 
1205 719 
1207 718 
1208 717 
1209 716 
1211 714 
1213 713 
1215 712 
1217 711 
1219 710 
1221 708 
1223 707 
1226 706 
1228 705 
1230 704 
1232 703 
1233 702 
1234 701 
1236 700 
1238 699 
1240 698 
1242 697 
1243 696 
1244 695 
1246 694 
1249 693 
1250 692 
1252 691 
1254 690 
1255 689 
1257 688 
1259 687 
1261 686 
1262 685 
1264 684 
1265 683 
1267 682 
1270 681 
1271 680 
1273 679 
1275 678 
1277 677 
1278 676 
1280 675 
1283 673 
1285 672 
1288 671 
1290 670 
1291 669 
1293 668 
1295 667 
1297 666 
1299 665 
1301 664 
1303 662 
1305 661 
1308 660 
1310 659 
1311 658 
1313 657 
1315 656 
1317 655 
1320 653 
1322 652 
1324 651 
1327 650 
1328 649 
1330 648 
1332 647 
1334 646 
1336 645 
1339 644 
1341 643 
1343 642 
1344 641 
1347 640 
1348 639 
1350 638 
1353 637 
1355 636 
1356 635 
1358 634 
1359 633 
1361 632 
1364 631 
1365 630 
1367 629 
1369 628 
1371 627 
1373 626 
1376 624 
1378 623 
1381 622 
1383 621 
1384 620 
1386 619 
1388 618 
1390 617 
1393 616 
1396 615 
1397 614 
1399 613 
1402 612 
1405 611 
1407 610 
1408 609 
1409 608 
1411 607 
1414 606 
1416 605 
1418 604 
1420 603 
1423 602 
1425 601 
1428 600 
1430 599 
1432 598 
1435 597 
1437 596 
1439 595 
1441 594 
1443 593 
1444 592 
1448 591 
1449 590 
1452 589 
1454 588 
1456 587 
1458 586 
1460 585 
1462 584 
1465 583 
1467 582 
1470 581 
1472 580 
1475 579 
1476 578 
1479 577 
1481 576 
1483 575 
1486 574 
1488 573 
1490 572 
1493 571 
1494 570 
1497 569 
1499 568 
1503 567 
1505 566 
1506 565 
1509 564 
1511 563 
1514 562 
1515 561 
1518 560 
1520 559 
1522 558 
1525 557 
1527 556 
1530 555 
1533 554 
1535 553 
1537 552 
1539 551 
1542 550 
1545 549 
1546 548 
1549 547 
1552 546 
1555 545 
1557 544 
1559 543 
1562 542 
1564 541 
1566 540 
1569 539 
1572 538 
1575 537 
1578 536 
1580 535 
1581 534 
1584 533 
1587 532 
1590 531 
1592 530 
1595 529 
1598 528 
1600 527 
1601 526 
1604 525 
1607 524 
1610 523 
1612 522 
1617 521 
1618 520 
1623 519 
1624 518 
1627 517 
1629 516 
1632 515 
1635 514 
1638 513 
1643 512 
1644 511 
1647 510 
1650 509 
1653 508 
1657 507 
1660 506 
1663 505 
1665 504 
1669 503 
1671 502 
1673 501 
1676 500 
1679 499 
1682 498 
1686 497 
1688 496 
1690 495 
1694 494 
1696 493 
1702 492 
1704 491 
1707 490 
1710 489 
1713 488 
1716 487 
1719 486 
1721 485 
1725 484 
1727 483 
1732 482 
1734 481 
1739 480 
1741 479 
1744 478 
1747 477 
1750 476 
1754 475 
1757 474 
1760 473 
1763 472 
1765 471 
1771 470 
1773 469 
1777 468 
1779 467 
1782 466 
1786 465 
1788 464 
1792 463 
1795 462 
1798 461 
1803 460 
1807 459 
1811 458 
1813 457 
1815 456 
1820 455 
1823 454 
1826 453 
1832 452 
1834 451 
1839 450 
1843 449 
1846 448 
1851 447 
1853 446 
1858 445 
1862 444 
1865 443 
1868 442 
1872 441 
1876 440 
1878 439 
1881 438 
1887 437 
1890 436 
1894 435 
1898 434 
1902 433 
1905 432 
1911 431 
1914 430 
1918 429 
1922 428 
1926 427 
1930 426 
1933 425 
1939 424 
1942 423 
1945 422 
1949 421 
1954 420 
1957 419 
1962 418 
1966 417 
1969 416 
1973 415 
1977 414 
1981 413 
1986 412 
1988 411 
1994 410 
1997 409 
2000 408 
2006 407 
2009 406 
2014 405 
2017 404 
2021 403 
2026 402 
2030 401 
2032 400 
2038 399 
2041 398 
2045 397 
2049 396 
2054 395 
2058 394 
2062 393 
2065 392 
2071 391 
2074 390 
2078 389 
2083 388 
2087 387 
2092 386 
2097 385 
2099 384 
2107 383 
2108 382 
2114 381 
2119 380 
2123 379 
2128 378 
2132 377 
2136 376 
2141 375 
2145 374 
2151 373 
2156 372 
2160 371 
2165 370 
2170 369 
2175 368 
2179 367 
2184 366 
2190 365 
2194 364 
2199 363 
2205 362 
2209 361 
2213 360 
2218 359 
2222 358 
2229 357 
2233 356 
2239 355 
2242 354 
2248 353 
2254 352 
2258 351 
2263 350 
2268 349 
2274 348 
2278 347 
2284 346 
2289 345 
2293 344 
2299 343 
2305 342 
2311 341 
2314 340 
2320 339 
2325 338 
2332 337 
2336 336 
2341 335 
2347 334 
2354 333 
2356 332 
2362 331 
2368 330 
2374 329 
2377 328 
2385 327 
2390 326 
2396 325 
2401 324 
2406 323 
2412 322 
2419 321 
2423 320 
2429 319 
2435 318 
2439 317 
2447 316 
2451 315 
2458 314 
2462 313 
2467 312 
2474 311 
2481 310 
2486 309 
2490 308 
2497 307 
2504 306 
2509 305 
2515 304 
2522 303 
2528 302 
2532 301 
2539 300 
2548 299 
2555 298 
2561 297 
2568 296 
2578 295 
2583 294 
2591 293 
2598 292 
2605 291 
2612 290 
2621 289 
2627 288 
2634 287 
2641 286 
2650 285 
2657 284 
2664 283 
2672 282 
2679 281 
2688 280 
2695 279 
2704 278 
2712 277 
2720 276 
2728 275 
2735 274 
2742 273 
2749 272 
2757 271 
2764 270 
2772 269 
2779 268 
2786 267 
2795 266 
2802 265 
2811 264 
2818 263 
2827 262 
2834 261 
2843 260 
2850 259 
2859 258 
2868 257 
2876 256 
2885 255 
2894 254 
2903 253 
2914 252 
2921 251 
2930 250 
2940 249 
2947 248 
2956 247 
2967 246 
2976 245 
2987 244 
2995 243 
3004 242 
3014 241 
3021 240 
3030 239 
3041 238 
3050 237 
3061 236 
3070 235 
3079 234 
3090 233 
3099 232 
3109 231 
3120 230 
3129 229 
3140 228 
3151 227 
3162 226 
3171 225 
3182 224 
3194 223 
3205 222 
3216 221 
3225 220 
3236 219 
3247 218 
3258 217 
3271 216 
3280 215 
3291 214 
3304 213 
3315 212 
3329 211 
3340 210 
3352 209 
3363 208 
3376 207 
3385 206 
3397 205 
3407 204 
3418 203 
3436 202 
3447 201 
3459 200 
3470 199 
3481 198 
3491 197 
3503 196 
3517 195 
3528 194 
3539 193 
3552 192 
3565 191 
3574 190 
3589 189 
3599 188 
3613 187 
3626 186 
3637 185 
3652 184 
3662 183 
3676 182 
3685 181 
3698 180 
3715 179 
3729 178 
3740 177 
3754 176 
3766 175 
3778 174 
3790 173 
3804 172 
3820 171 
3834 170 
3850 169 
3862 168 
3875 167 
3892 166 
3905 165 
3922 164 
3937 163 
3951 162 
3965 161 
3978 160 
3998 159 
4010 158 
4025 157 
4038 156 
4056 155 
4070 154 
4085 153 
4104 152 
4116 151 
4131 150 
4151 149 
4169 148 
4184 147 
4204 146 
4219 145 
4238 144 
4257 143 
4272 142 
4292 141 
4313 140 
4328 139 
4345 138 
4368 137 
4385 136 
4403 135 
4420 134 
4443 133 
4460 132 
4479 131 
4499 130 
4521 129 
4537 128 
4554 127 
4580 126 
4596 125 
4615 124 
4637 123 
4655 122 
4678 121 
4695 120 
4719 119 
4736 118 
4760 117 
4777 116 
4802 115 
4826 114 
4843 113 
4869 112 
4890 111 
4913 110 
4938 109 
4960 108 
4985 107 
5008 106 
5034 105 
5055 104 
5081 103 
5104 102 
5131 101 
5151 100 
5178 99 
5201 98 
5228 97 
5256 96 
5283 95 
5306 94 
5333 93 
5358 92 
5390 91 
5416 90 
5444 89 
5466 88 
5495 87 
5520 86 
5547 85 
5575 84 
5603 83 
5628 82 
5660 81 
5688 80 
5715 79 
5742 78 
5773 77 
5800 76 
5831 75 
5860 74 
5888 73 
5914 72 
5948 71 
5978 70 
6006 69 
6040 68 
6081 67 
6115 66 
6153 65 
6188 64 
6222 63 
6257 62 
6291 61 
6333 60 
6374 59 
6409 58 
6450 57 
6492 56 
6533 55 
6572 54 
6614 53 
6659 52 
6704 51 
6746 50 
6792 49 
6837 48 
6879 47 
6936 46 
6989 45 
7034 44 
7088 43 
7139 42 
7196 41 
7243 40 
7300 39 
7362 38 
7423 37 
7480 36 
7538 35 
7607 34 
7683 33 
7761 32 
7835 31 
7911 30 
7989 29 
8070 28 
8167 27 
8252 26 
8344 25 
8441 24 
8526 23 
8624 22 
8724 21 
8832 20 
8936 19 
9048 18 
9186 17 
9347 16 
9519 15 
9711 14 
