12 9777 
13 9626 
14 9487 
15 9365 
16 9250 
17 9143 
18 9030 
19 8936 
20 8832 
21 8750 
22 8670 
23 8593 
24 8516 
25 8438 
26 8364 
27 8287 
28 8210 
29 8141 
30 8077 
31 8020 
32 7957 
33 7900 
34 7840 
35 7780 
36 7723 
37 7668 
38 7609 
39 7552 
40 7497 
41 7447 
42 7392 
43 7351 
44 7299 
45 7258 
46 7214 
47 7167 
48 7124 
49 7080 
50 7039 
51 6992 
52 6953 
53 6914 
54 6867 
55 6828 
56 6793 
57 6750 
58 6707 
59 6668 
60 6629 
61 6582 
62 6543 
63 6509 
64 6465 
65 6426 
66 6395 
67 6350 
68 6319 
69 6292 
70 6244 
71 6213 
72 6188 
73 6153 
74 6122 
75 6097 
76 6068 
77 6037 
78 6011 
79 5982 
80 5955 
81 5925 
82 5901 
83 5873 
84 5846 
85 5823 
86 5794 
87 5773 
88 5747 
89 5723 
90 5702 
91 5674 
92 5650 
93 5627 
94 5603 
95 5579 
96 5555 
97 5535 
98 5508 
99 5484 
100 5462 
101 5438 
102 5416 
103 5389 
104 5368 
105 5349 
106 5327 
107 5306 
108 5280 
109 5259 
110 5240 
111 5218 
112 5197 
113 5177 
114 5155 
115 5134 
116 5115 
117 5094 
118 5074 
119 5055 
120 5034 
121 5015 
122 4996 
123 4975 
124 4955 
125 4936 
126 4915 
127 4900 
128 4882 
129 4862 
130 4845 
131 4825 
132 4808 
133 4791 
134 4774 
135 4755 
136 4738 
137 4720 
138 4703 
139 4686 
140 4669 
141 4653 
142 4637 
143 4621 
144 4603 
145 4588 
146 4570 
147 4556 
148 4541 
149 4525 
150 4508 
151 4494 
152 4479 
153 4463 
154 4449 
155 4434 
156 4417 
157 4403 
158 4390 
159 4372 
160 4358 
161 4343 
162 4329 
163 4313 
164 4300 
165 4284 
166 4272 
167 4257 
168 4243 
169 4230 
170 4216 
171 4203 
172 4188 
173 4175 
174 4164 
175 4147 
176 4138 
177 4123 
178 4111 
179 4098 
180 4087 
181 4075 
182 4061 
183 4052 
184 4041 
185 4029 
186 4016 
187 4003 
188 3994 
189 3983 
190 3971 
191 3958 
192 3949 
193 3936 
194 3929 
195 3917 
196 3907 
197 3895 
198 3886 
199 3877 
200 3866 
201 3854 
202 3841 
203 3832 
204 3819 
205 3812 
206 3800 
207 3791 
208 3778 
209 3772 
210 3763 
211 3753 
212 3741 
213 3732 
214 3722 
215 3713 
216 3703 
217 3691 
218 3682 
219 3676 
220 3666 
221 3654 
222 3645 
223 3637 
224 3628 
225 3619 
226 3610 
227 3600 
228 3591 
229 3583 
230 3573 
231 3564 
232 3555 
233 3547 
234 3539 
235 3529 
236 3521 
237 3511 
238 3502 
239 3493 
240 3486 
241 3476 
242 3467 
243 3459 
244 3450 
245 3443 
246 3433 
247 3424 
248 3416 
249 3407 
250 3399 
251 3390 
252 3381 
253 3375 
254 3364 
255 3355 
256 3347 
257 3338 
258 3331 
259 3321 
260 3312 
261 3305 
262 3296 
263 3288 
264 3279 
265 3272 
266 3263 
267 3254 
268 3249 
269 3238 
270 3232 
271 3221 
272 3215 
273 3206 
274 3200 
275 3190 
276 3183 
277 3173 
278 3167 
279 3158 
280 3151 
281 3141 
282 3135 
283 3126 
284 3121 
285 3111 
286 3104 
287 3094 
288 3089 
289 3081 
290 3072 
291 3064 
292 3059 
293 3050 
294 3043 
295 3035 
296 3028 
297 3020 
298 3013 
299 3003 
300 2998 
301 2992 
302 2981 
303 2975 
304 2969 
305 2960 
306 2953 
307 2946 
308 2937 
309 2931 
310 2924 
311 2918 
312 2912 
313 2903 
314 2897 
315 2890 
316 2883 
317 2874 
318 2868 
319 2861 
320 2855 
321 2848 
322 2840 
323 2834 
324 2826 
325 2821 
326 2814 
327 2807 
328 2800 
329 2793 
330 2787 
331 2779 
332 2773 
333 2768 
334 2759 
335 2753 
336 2747 
337 2740 
338 2732 
339 2726 
340 2719 
341 2713 
342 2707 
343 2700 
344 2694 
345 2686 
346 2681 
347 2674 
348 2667 
349 2662 
350 2654 
351 2649 
352 2641 
353 2636 
354 2630 
355 2622 
356 2617 
357 2609 
358 2604 
359 2598 
360 2592 
361 2586 
362 2579 
363 2572 
364 2568 
365 2562 
366 2555 
367 2549 
368 2545 
369 2538 
370 2533 
371 2528 
372 2520 
373 2513 
374 2509 
375 2502 
376 2499 
377 2492 
378 2485 
379 2479 
380 2475 
381 2468 
382 2463 
383 2458 
384 2450 
385 2443 
386 2440 
387 2435 
388 2430 
389 2423 
390 2417 
391 2412 
392 2408 
393 2402 
394 2397 
395 2389 
396 2386 
397 2380 
398 2376 
399 2369 
400 2365 
401 2360 
402 2356 
403 2350 
404 2345 
405 2340 
406 2334 
407 2331 
408 2325 
409 2321 
410 2316 
411 2310 
412 2307 
413 2301 
414 2297 
415 2293 
416 2288 
417 2284 
418 2280 
419 2275 
420 2270 
421 2264 
422 2261 
423 2256 
424 2251 
425 2246 
426 2243 
427 2237 
428 2234 
429 2229 
430 2224 
431 2220 
432 2216 
433 2211 
434 2206 
435 2203 
436 2197 
437 2193 
438 2188 
439 2183 
440 2180 
441 2175 
442 2170 
443 2166 
444 2162 
445 2157 
446 2153 
447 2149 
448 2144 
449 2141 
450 2136 
451 2132 
452 2126 
453 2124 
454 2118 
455 2114 
456 2110 
457 2106 
458 2101 
459 2098 
460 2092 
461 2088 
462 2085 
463 2080 
464 2076 
465 2072 
466 2068 
467 2063 
468 2060 
469 2056 
470 2050 
471 2048 
472 2044 
473 2037 
474 2035 
475 2032 
476 2026 
477 2023 
478 2019 
479 2015 
480 2011 
481 2007 
482 2004 
483 2000 
484 1996 
485 1993 
486 1989 
487 1984 
488 1982 
489 1978 
490 1974 
491 1970 
492 1966 
493 1962 
494 1960 
495 1956 
496 1951 
497 1949 
498 1944 
499 1941 
500 1937 
501 1933 
502 1929 
503 1927 
504 1923 
505 1919 
506 1916 
507 1911 
508 1909 
509 1906 
510 1901 
511 1897 
512 1895 
513 1889 
514 1887 
515 1884 
516 1880 
517 1877 
518 1873 
519 1871 
520 1867 
521 1863 
522 1859 
523 1856 
524 1851 
525 1849 
526 1845 
527 1842 
528 1840 
529 1835 
530 1832 
531 1830 
532 1825 
533 1820 
534 1818 
535 1815 
536 1810 
537 1809 
538 1805 
539 1801 
540 1798 
541 1795 
542 1790 
543 1789 
544 1785 
545 1783 
546 1781 
547 1775 
548 1773 
549 1770 
550 1768 
551 1763 
553 1758 
554 1756 
555 1753 
556 1748 
557 1746 
558 1745 
559 1741 
560 1739 
561 1736 
562 1731 
563 1730 
564 1728 
565 1725 
566 1723 
567 1719 
568 1716 
569 1715 
570 1712 
571 1708 
572 1707 
573 1704 
574 1700 
575 1696 
576 1695 
577 1693 
578 1689 
579 1688 
580 1683 
581 1681 
582 1677 
584 1673 
585 1671 
586 1668 
587 1666 
588 1662 
590 1658 
591 1656 
592 1652 
593 1651 
594 1649 
595 1647 
596 1644 
597 1641 
598 1637 
599 1636 
600 1632 
601 1631 
602 1628 
603 1626 
604 1623 
605 1621 
606 1617 
607 1616 
608 1613 
609 1611 
610 1609 
611 1606 
612 1604 
613 1602 
614 1599 
615 1596 
616 1594 
617 1591 
618 1589 
619 1586 
620 1584 
621 1582 
622 1579 
623 1576 
624 1574 
625 1571 
627 1568 
628 1565 
629 1563 
630 1559 
632 1557 
633 1554 
634 1552 
635 1548 
636 1546 
637 1545 
638 1542 
639 1540 
640 1537 
641 1534 
642 1533 
643 1530 
644 1528 
645 1525 
646 1523 
647 1520 
648 1518 
650 1514 
651 1513 
652 1508 
653 1507 
654 1506 
655 1503 
656 1501 
657 1498 
658 1496 
659 1494 
660 1493 
661 1489 
662 1487 
663 1485 
664 1483 
665 1482 
666 1479 
667 1478 
668 1476 
669 1474 
670 1472 
671 1469 
672 1467 
673 1465 
674 1464 
675 1463 
676 1460 
677 1458 
678 1455 
679 1454 
680 1453 
681 1449 
683 1447 
684 1444 
685 1442 
686 1441 
687 1439 
688 1438 
689 1436 
690 1433 
691 1432 
692 1430 
693 1427 
694 1425 
695 1423 
696 1422 
697 1421 
698 1418 
699 1416 
700 1415 
701 1413 
702 1411 
703 1409 
704 1407 
705 1405 
706 1404 
707 1403 
708 1400 
709 1397 
711 1395 
712 1392 
713 1391 
714 1390 
715 1387 
716 1386 
717 1384 
718 1383 
719 1381 
720 1380 
721 1377 
722 1376 
723 1375 
724 1373 
725 1371 
726 1370 
727 1368 
728 1366 
729 1365 
730 1363 
731 1361 
732 1360 
733 1358 
734 1356 
735 1355 
736 1353 
737 1351 
738 1350 
739 1348 
740 1346 
741 1345 
742 1343 
743 1342 
744 1340 
745 1339 
746 1337 
747 1336 
748 1334 
749 1332 
750 1330 
751 1329 
752 1327 
753 1325 
754 1324 
755 1322 
756 1321 
757 1319 
758 1317 
759 1316 
760 1314 
761 1313 
762 1311 
763 1310 
764 1308 
765 1307 
766 1305 
767 1304 
768 1302 
769 1300 
770 1299 
771 1298 
772 1296 
773 1294 
774 1293 
775 1291 
776 1290 
777 1288 
778 1287 
779 1285 
780 1284 
781 1282 
782 1281 
783 1279 
784 1278 
785 1276 
786 1275 
787 1273 
788 1272 
789 1270 
790 1269 
791 1267 
792 1266 
793 1264 
794 1263 
795 1261 
796 1260 
797 1258 
798 1257 
799 1255 
800 1254 
801 1252 
802 1251 
803 1249 
804 1248 
805 1247 
806 1245 
807 1244 
808 1242 
809 1241 
810 1239 
811 1238 
812 1236 
813 1235 
814 1233 
815 1232 
816 1231 
817 1229 
818 1227 
819 1226 
820 1225 
821 1223 
822 1222 
823 1221 
824 1219 
825 1217 
826 1216 
827 1215 
828 1213 
829 1212 
830 1210 
831 1209 
832 1207 
833 1206 
834 1204 
835 1203 
836 1201 
837 1200 
838 1199 
839 1197 
840 1196 
841 1195 
842 1193 
843 1191 
845 1189 
846 1188 
847 1186 
848 1185 
849 1183 
850 1182 
851 1180 
852 1179 
853 1177 
854 1176 
855 1175 
856 1173 
857 1172 
858 1171 
859 1170 
860 1167 
861 1166 
862 1165 
863 1164 
864 1163 
865 1161 
866 1160 
867 1159 
868 1158 
869 1157 
870 1155 
871 1154 
872 1152 
873 1151 
874 1150 
875 1148 
877 1146 
878 1145 
879 1144 
880 1143 
881 1141 
882 1140 
883 1139 
884 1137 
885 1136 
886 1135 
887 1133 
888 1132 
889 1131 
890 1130 
891 1129 
892 1128 
893 1126 
894 1125 
895 1124 
896 1123 
897 1121 
898 1120 
899 1118 
901 1117 
902 1115 
903 1114 
904 1112 
906 1110 
907 1109 
908 1107 
909 1106 
910 1105 
911 1103 
913 1101 
914 1100 
915 1099 
916 1098 
917 1096 
919 1094 
920 1093 
921 1090 
923 1088 
924 1087 
925 1086 
926 1085 
927 1084 
928 1083 
929 1081 
930 1080 
931 1078 
932 1077 
933 1076 
934 1074 
935 1073 
936 1072 
938 1070 
939 1069 
940 1068 
941 1066 
942 1065 
943 1064 
944 1062 
946 1060 
947 1059 
948 1058 
949 1057 
950 1056 
951 1055 
952 1053 
953 1052 
954 1051 
955 1050 
956 1048 
958 1047 
959 1046 
960 1045 
961 1043 
962 1042 
963 1041 
964 1039 
966 1038 
967 1037 
968 1036 
969 1035 
970 1033 
971 1032 
972 1031 
973 1030 
974 1028 
976 1027 
977 1026 
978 1024 
980 1023 
981 1021 
982 1019 
984 1018 
985 1017 
986 1016 
987 1015 
988 1014 
990 1012 
992 1009 
993 1008 
994 1007 
995 1006 
996 1005 
997 1004 
999 1003 
1000 1002 
1001 1001 
1002 1000 
1003 998 
1005 995 
1007 994 
1008 993 
1009 992 
1011 990 
1013 987 
1014 986 
1016 984 
1017 983 
1018 982 
1020 981 
1021 980 
1022 979 
1023 978 
1024 977 
1026 973 
1028 972 
1029 971 
1032 968 
1034 967 
1035 966 
1036 964 
1038 963 
1039 962 
1041 960 
1042 959 
1043 958 
1045 957 
1047 955 
1048 954 
1050 953 
1051 951 
1053 949 
1056 948 
1057 946 
1058 945 
1059 944 
1060 943 
1062 942 
1063 941 
1064 940 
1066 939 
1067 937 
1069 935 
1070 934 
1073 932 
1075 931 
1076 929 
1078 928 
1079 927 
1081 926 
1083 924 
1085 923 
1086 920 
1088 919 
1091 917 
1094 915 
1095 914 
1096 912 
1099 911 
1101 910 
1103 909 
1104 908 
1105 906 
1106 905 
1109 903 
1110 902 
1112 901 
1114 899 
1115 897 
1118 896 
1119 895 
1120 894 
1122 893 
1124 892 
1125 891 
1127 889 
1129 888 
1131 887 
1132 886 
1133 885 
1135 884 
1136 883 
1137 882 
1138 881 
1140 880 
1142 879 
1143 878 
1145 877 
1146 875 
1148 874 
1150 873 
1151 872 
1153 871 
1155 869 
1157 868 
1158 867 
1160 866 
1162 865 
1163 864 
1164 863 
1166 862 
1167 861 
1168 860 
1170 859 
1172 858 
1173 857 
1174 856 
1176 855 
1177 854 
1179 853 
1180 852 
1182 851 
1183 850 
1184 849 
1186 848 
1187 847 
1189 846 
1190 845 
1192 843 
1194 842 
1196 841 
1197 840 
1199 839 
1201 838 
1202 837 
1204 835 
1207 833 
1209 832 
1210 831 
1212 830 
1214 829 
1215 828 
1217 827 
1219 825 
1222 823 
1225 821 
1227 820 
1229 819 
1230 818 
1232 817 
1235 815 
1237 813 
1240 812 
1242 811 
1243 810 
1245 809 
1246 808 
1247 807 
1250 805 
1253 804 
1254 803 
1256 802 
1257 801 
1259 800 
1260 799 
1263 797 
1264 796 
1267 795 
1269 794 
1270 793 
1272 792 
1273 791 
1274 790 
1275 789 
1277 788 
1280 787 
1282 786 
1284 785 
1285 783 
1287 782 
1288 781 
1290 780 
1294 779 
1295 778 
1297 777 
1298 775 
1300 774 
1303 773 
1305 772 
1307 771 
1308 770 
1310 769 
1311 768 
1314 767 
1315 766 
1316 765 
1318 764 
1320 763 
1322 762 
1324 761 
1325 760 
1326 759 
1328 758 
1329 757 
1331 756 
1334 755 
1335 754 
1336 753 
1338 752 
1339 751 
1341 750 
1344 749 
1346 747 
1348 746 
1351 745 
1352 744 
1354 743 
1356 742 
1358 741 
1359 740 
1362 739 
1364 737 
1366 736 
1368 735 
1370 734 
1372 733 
1375 731 
1377 730 
1379 729 
1382 727 
1385 726 
1387 725 
1389 724 
1390 723 
1392 722 
1393 721 
1395 720 
1397 719 
1400 717 
1402 716 
1404 715 
1406 714 
1409 713 
1410 712 
1411 711 
1413 710 
1416 709 
1418 708 
1419 707 
1421 706 
1423 705 
1425 704 
1428 702 
1429 701 
1431 700 
1433 699 
1436 698 
1438 697 
1440 696 
1442 695 
1445 694 
1446 692 
1448 691 
1451 690 
1453 689 
1455 688 
1457 687 
1459 686 
1461 685 
1463 684 
1464 683 
1465 682 
1468 681 
1471 679 
1474 678 
1477 677 
1478 676 
1480 675 
1482 673 
1487 672 
1488 671 
1490 670 
1491 669 
1493 668 
1497 667 
1498 666 
1500 665 
1503 664 
1504 663 
1506 662 
1509 661 
1510 660 
1513 659 
1515 658 
1516 657 
1518 656 
1520 655 
1524 653 
1528 652 
1530 651 
1531 650 
1534 649 
1535 648 
1538 647 
1541 646 
1543 645 
1545 644 
1547 643 
1549 642 
1551 641 
1554 640 
1556 639 
1558 638 
1560 637 
1562 636 
1564 635 
1566 634 
1568 633 
1570 632 
1574 631 
1575 630 
1577 629 
1579 628 
1581 627 
1585 626 
1587 625 
1590 624 
1592 623 
1594 622 
1596 621 
1597 620 
1600 619 
1601 618 
1604 617 
1607 616 
1609 615 
1612 614 
1614 613 
1616 612 
1618 611 
1621 610 
1623 609 
1625 608 
1627 607 
1629 606 
1633 605 
1634 604 
1637 603 
1640 602 
1643 601 
1644 600 
1647 599 
1651 598 
1654 597 
1656 596 
1660 595 
1662 594 
1666 593 
1668 592 
1671 591 
1672 590 
1675 589 
1678 588 
1680 587 
1683 586 
1686 585 
1689 584 
1692 583 
1695 582 
1697 581 
1700 580 
1702 579 
1705 578 
1708 577 
1711 576 
1715 575 
1716 574 
1719 573 
1723 572 
1725 571 
1728 570 
1730 569 
1735 568 
1738 567 
1740 566 
1743 565 
1744 564 
1749 563 
1750 562 
1755 561 
1757 560 
1758 559 
1763 558 
1764 557 
1769 556 
1771 555 
1775 554 
1777 553 
1780 552 
1784 551 
1786 550 
1789 549 
1792 548 
1793 547 
1797 546 
1801 545 
1803 544 
1806 543 
1809 542 
1812 541 
1815 540 
1819 539 
1820 538 
1824 537 
1827 536 
1832 535 
1833 534 
1837 533 
1840 532 
1845 531 
1846 530 
1849 529 
1853 528 
1857 527 
1859 526 
1862 525 
1866 524 
1870 523 
1872 522 
1875 521 
1879 520 
1882 519 
1885 518 
1888 517 
1892 516 
1895 515 
1898 514 
1902 513 
1906 512 
1909 511 
1912 510 
1917 509 
1920 508 
1923 507 
1927 506 
1931 505 
1934 504 
1937 503 
1941 502 
1944 501 
1947 500 
1951 499 
1955 498 
1958 497 
1961 496 
1965 495 
1969 494 
1972 493 
1976 492 
1980 491 
1983 490 
1986 489 
1990 488 
1994 487 
1998 486 
2002 485 
2005 484 
2008 483 
2012 482 
2017 481 
2021 480 
2024 479 
2027 478 
2030 477 
2035 476 
2037 475 
2041 474 
2044 473 
2049 472 
2051 471 
2057 470 
2060 469 
2063 468 
2067 467 
2070 466 
2075 465 
2078 464 
2083 463 
2084 462 
2090 461 
2092 460 
2096 459 
2100 458 
2104 457 
2106 456 
2110 455 
2116 454 
2120 453 
2122 452 
2127 451 
2130 450 
2134 449 
2139 448 
2144 446 
2148 445 
2154 444 
2158 443 
2161 442 
2165 441 
2171 440 
2175 439 
2179 438 
2182 437 
2188 436 
2191 435 
2193 434 
2201 433 
2203 432 
2208 431 
2212 430 
2216 429 
2220 428 
2225 427 
2229 426 
2233 425 
2237 424 
2240 423 
2244 422 
2250 421 
2255 420 
2259 419 
2263 418 
2267 417 
2272 416 
2276 415 
2281 414 
2284 413 
2288 412 
2291 411 
2297 410 
2303 409 
2306 408 
2310 407 
2315 406 
2320 405 
2323 404 
2328 403 
2332 402 
2337 401 
2341 400 
2347 399 
2351 398 
2355 397 
2358 396 
2364 395 
2369 394 
2373 393 
2376 392 
2381 391 
2387 390 
2391 389 
2395 388 
2399 387 
2404 386 
2408 385 
2414 384 
2417 383 
2422 382 
2427 381 
2432 380 
2436 379 
2441 378 
2443 377 
2449 376 
2456 375 
2459 374 
2465 373 
2471 372 
2475 371 
2479 370 
2485 369 
2491 368 
2493 367 
2499 366 
2505 365 
2509 364 
2515 363 
2520 362 
2525 361 
2531 360 
2534 359 
2540 358 
2546 357 
2550 356 
2556 355 
2562 354 
2568 353 
2573 352 
2578 351 
2584 350 
2589 349 
2594 348 
2600 347 
2605 346 
2611 345 
2617 344 
2623 343 
2628 342 
2634 341 
2639 340 
2644 339 
2647 338 
2653 337 
2658 336 
2664 335 
2670 334 
2676 333 
2681 332 
2687 331 
2693 330 
2699 329 
2704 328 
2710 327 
2716 326 
2721 325 
2727 324 
2732 323 
2738 322 
2744 321 
2749 320 
2755 319 
2761 318 
2767 317 
2772 316 
2778 315 
2789 314 
2794 313 
2800 312 
2808 311 
2813 310 
2819 309 
2825 308 
2831 307 
2837 306 
2843 305 
2849 304 
2854 303 
2860 302 
2869 301 
2875 300 
2881 299 
2886 298 
2892 297 
2901 296 
2906 295 
2912 294 
2918 293 
2924 292 
2935 291 
2939 290 
2947 289 
2954 288 
2959 287 
2968 286 
2971 285 
2980 284 
2988 283 
2994 282 
3000 281 
3011 280 
3015 279 
3023 278 
3032 277 
3040 276 
3044 275 
3056 274 
3062 273 
3070 272 
3077 271 
3087 270 
3096 269 
3102 268 
3110 267 
3119 266 
3126 265 
3134 264 
3140 263 
3148 262 
3158 261 
3166 260 
3173 259 
3180 258 
3192 257 
3199 256 
3207 255 
3217 254 
3225 253 
3231 252 
3240 251 
3249 250 
3258 249 
3264 248 
3276 247 
3283 246 
3293 245 
3300 244 
3312 243 
3315 242 
3327 241 
3334 240 
3346 239 
3354 238 
3361 237 
3372 236 
3380 235 
3389 234 
3398 233 
3408 232 
3417 231 
3426 230 
3437 229 
3445 228 
3454 227 
3461 226 
3469 225 
3480 224 
3488 223 
3500 222 
3508 221 
3520 220 
3528 219 
3535 218 
3549 217 
3555 216 
3567 215 
3581 214 
3582 213 
3599 212 
3602 211 
3616 210 
3630 209 
3636 208 
3646 207 
3659 206 
3667 205 
3680 204 
3690 203 
3700 202 
3715 201 
3724 200 
3737 199 
3748 198 
3760 197 
3775 196 
3786 195 
3797 194 
3810 193 
3823 192 
3834 191 
3846 190 
3862 189 
3872 188 
3883 187 
3899 186 
3910 185 
3926 184 
3936 183 
3950 182 
3964 181 
3976 180 
3989 179 
4007 178 
4019 177 
4034 176 
4047 175 
4057 174 
4074 173 
4088 172 
4102 171 
4114 170 
4127 169 
4143 168 
4159 167 
4172 166 
4184 165 
4195 164 
4212 163 
4229 162 
4242 161 
4253 160 
4270 159 
4281 158 
4297 157 
4314 156 
4328 155 
4339 154 
4355 153 
4372 152 
4393 151 
4408 150 
4419 149 
4435 148 
4452 147 
4473 146 
4490 145 
4507 144 
4522 143 
4538 142 
4556 141 
4574 140 
4588 139 
4604 138 
4620 137 
4637 136 
4657 135 
4670 134 
4686 133 
4703 132 
4725 131 
4745 130 
4758 129 
4774 128 
4791 127 
4813 126 
4833 125 
4849 124 
4866 123 
4890 122 
4908 121 
4926 120 
4950 119 
4968 118 
4995 117 
5014 116 
5035 115 
5060 114 
5083 113 
5106 112 
5128 111 
5154 110 
5174 109 
5197 108 
5220 107 
5243 106 
5266 105 
5292 104 
5315 103 
5338 102 
5364 101 
5387 100 
5413 99 
5440 98 
5463 97 
5486 96 
5512 95 
5540 94 
5565 93 
5591 92 
5622 91 
5648 90 
5674 89 
5700 88 
5726 87 
5755 86 
5781 85 
5807 84 
5838 83 
5871 82 
5897 81 
5925 80 
5956 79 
5989 78 
6023 77 
6054 76 
6087 75 
6117 74 
6145 73 
6184 72 
6212 71 
6248 70 
6281 69 
6316 68 
6351 67 
6385 66 
6420 65 
6455 64 
6486 63 
6526 62 
6555 61 
6600 60 
6636 59 
6679 58 
6718 57 
6753 56 
6798 55 
6836 54 
6878 53 
6919 52 
6954 51 
6999 50 
7041 49 
7086 48 
7130 47 
7181 46 
7233 45 
7287 44 
7342 43 
7402 42 
7452 41 
7515 40 
7568 39 
7626 38 
7684 37 
7744 36 
7807 35 
7871 34 
7940 33 
8002 32 
8065 31 
8138 30 
8210 29 
8281 28 
8360 27 
8441 26 
8535 25 
8642 24 
8750 23 
8854 22 
8964 21 
9122 20 
9395 19
