16 9478 
17 9319 
18 9160 
19 9024 
20 8904 
21 8794 
22 8672 
23 8554 
24 8447 
25 8348 
26 8253 
27 8167 
28 8076 
29 7974 
30 7879 
31 7801 
32 7722 
33 7644 
34 7574 
35 7504 
36 7435 
37 7372 
38 7304 
39 7247 
40 7185 
41 7131 
42 7073 
43 7019 
44 6970 
45 6917 
46 6868 
47 6817 
48 6770 
49 6718 
50 6667 
51 6622 
52 6579 
53 6533 
54 6492 
55 6454 
56 6414 
57 6373 
58 6335 
59 6300 
60 6260 
61 6221 
62 6188 
63 6152 
64 6110 
65 6077 
66 6044 
67 6007 
68 5974 
69 5946 
70 5918 
71 5887 
72 5857 
73 5822 
74 5796 
75 5767 
76 5738 
77 5709 
78 5682 
79 5653 
80 5623 
81 5596 
82 5568 
83 5539 
84 5512 
85 5484 
86 5454 
87 5427 
88 5399 
89 5372 
90 5345 
91 5315 
92 5288 
93 5266 
94 5239 
95 5220 
96 5197 
97 5171 
98 5152 
99 5130 
100 5106 
101 5085 
102 5062 
103 5038 
104 5019 
105 4993 
106 4971 
107 4948 
108 4927 
109 4904 
110 4884 
111 4860 
112 4840 
113 4815 
114 4795 
115 4774 
116 4754 
117 4732 
118 4710 
119 4690 
120 4668 
121 4652 
122 4627 
123 4607 
124 4589 
125 4565 
126 4551 
127 4530 
128 4511 
129 4492 
130 4468 
131 4449 
132 4433 
133 4414 
134 4396 
135 4379 
136 4360 
137 4344 
138 4325 
139 4307 
140 4290 
141 4270 
142 4254 
143 4235 
144 4219 
145 4203 
146 4185 
147 4165 
148 4152 
149 4131 
150 4117 
151 4102 
152 4081 
153 4064 
154 4050 
155 4030 
156 4016 
157 4000 
158 3980 
159 3967 
160 3955 
161 3935 
162 3921 
163 3909 
164 3893 
165 3874 
166 3865 
167 3851 
168 3831 
169 3818 
170 3804 
171 3792 
172 3776 
173 3763 
174 3746 
175 3730 
176 3716 
177 3707 
178 3693 
179 3681 
180 3670 
181 3655 
182 3644 
183 3635 
184 3621 
185 3609 
186 3598 
187 3586 
188 3572 
189 3557 
190 3545 
191 3535 
192 3522 
193 3510 
194 3499 
195 3487 
196 3478 
197 3465 
198 3456 
199 3445 
200 3433 
201 3424 
202 3414 
203 3402 
204 3394 
205 3386 
206 3376 
207 3364 
208 3355 
209 3347 
210 3333 
211 3327 
212 3319 
213 3307 
214 3297 
215 3289 
216 3278 
217 3269 
218 3258 
219 3248 
220 3239 
221 3228 
222 3220 
223 3210 
224 3201 
225 3189 
226 3179 
227 3171 
228 3164 
229 3151 
230 3145 
231 3135 
232 3127 
233 3110 
234 3108 
235 3096 
236 3088 
237 3080 
238 3068 
239 3060 
240 3051 
241 3044 
242 3032 
243 3019 
244 3017 
245 3009 
246 3002 
247 2992 
248 2982 
249 2975 
250 2970 
251 2959 
252 2953 
253 2943 
254 2931 
255 2925 
256 2920 
257 2911 
258 2905 
259 2894 
260 2887 
261 2881 
262 2874 
263 2867 
264 2860 
265 2850 
266 2843 
267 2839 
268 2830 
269 2823 
270 2818 
271 2808 
272 2801 
273 2794 
274 2787 
275 2781 
276 2772 
277 2765 
278 2760 
279 2753 
280 2747 
281 2740 
282 2733 
283 2726 
284 2718 
285 2711 
286 2706 
287 2699 
288 2693 
289 2688 
290 2681 
291 2678 
292 2671 
293 2666 
294 2659 
295 2652 
296 2648 
297 2641 
298 2634 
299 2631 
300 2624 
301 2619 
302 2614 
303 2608 
304 2601 
305 2596 
306 2592 
307 2586 
308 2580 
309 2577 
310 2569 
311 2562 
312 2560 
313 2553 
314 2548 
315 2543 
316 2538 
317 2532 
318 2527 
319 2522 
320 2515 
321 2509 
322 2505 
323 2498 
324 2495 
325 2488 
326 2483 
327 2477 
328 2473 
329 2467 
330 2464 
331 2458 
332 2454 
333 2448 
334 2443 
335 2439 
336 2432 
337 2429 
338 2422 
339 2419 
340 2413 
341 2408 
342 2404 
343 2398 
344 2393 
345 2389 
346 2384 
347 2380 
348 2374 
349 2370 
350 2364 
351 2361 
352 2356 
353 2351 
354 2347 
355 2340 
356 2337 
357 2332 
358 2328 
359 2322 
360 2319 
361 2314 
362 2308 
363 2306 
364 2300 
365 2296 
366 2293 
367 2287 
368 2283 
369 2278 
370 2275 
371 2270 
372 2267 
373 2262 
374 2257 
375 2253 
376 2249 
377 2245 
378 2241 
379 2237 
380 2232 
381 2229 
382 2224 
383 2220 
384 2216 
385 2212 
386 2208 
387 2204 
388 2199 
389 2195 
390 2191 
391 2189 
392 2185 
393 2181 
394 2177 
395 2175 
396 2170 
397 2168 
398 2164 
399 2160 
400 2157 
401 2153 
402 2149 
403 2145 
404 2142 
405 2138 
406 2133 
407 2129 
408 2125 
409 2122 
410 2118 
411 2115 
412 2111 
413 2109 
414 2104 
415 2101 
416 2097 
417 2093 
418 2088 
419 2084 
420 2080 
421 2078 
422 2074 
423 2070 
424 2066 
425 2064 
426 2059 
427 2056 
428 2053 
429 2049 
430 2046 
431 2042 
432 2038 
433 2034 
434 2031 
435 2028 
436 2024 
437 2020 
438 2018 
439 2013 
440 2010 
441 2007 
442 2003 
443 2000 
444 1996 
445 1993 
446 1989 
447 1985 
448 1982 
449 1978 
450 1976 
451 1972 
452 1969 
453 1965 
454 1962 
455 1958 
456 1955 
457 1952 
458 1948 
459 1945 
460 1941 
461 1938 
462 1934 
463 1931 
464 1928 
465 1925 
466 1922 
467 1918 
468 1915 
469 1911 
470 1908 
471 1904 
472 1901 
473 1898 
474 1895 
475 1892 
476 1888 
477 1885 
478 1882 
479 1878 
480 1875 
481 1871 
482 1870 
483 1865 
484 1863 
485 1859 
486 1855 
487 1853 
488 1850 
489 1848 
490 1842 
491 1841 
492 1837 
493 1835 
494 1832 
495 1829 
496 1825 
497 1823 
498 1819 
499 1815 
500 1813 
501 1811 
502 1806 
503 1802 
504 1800 
505 1799 
506 1794 
507 1792 
508 1790 
509 1786 
510 1784 
511 1782 
512 1778 
513 1776 
514 1774 
515 1771 
516 1767 
517 1765 
518 1763 
519 1760 
520 1758 
521 1755 
522 1751 
523 1749 
524 1746 
525 1744 
526 1741 
527 1738 
528 1734 
529 1731 
530 1729 
531 1726 
532 1723 
533 1721 
534 1718 
535 1715 
536 1713 
537 1710 
538 1707 
539 1705 
540 1702 
541 1699 
542 1696 
543 1694 
544 1692 
545 1689 
546 1687 
547 1683 
548 1680 
549 1678 
550 1675 
551 1673 
552 1670 
553 1668 
554 1665 
555 1662 
556 1660 
557 1656 
558 1654 
559 1652 
560 1649 
561 1646 
562 1643 
563 1640 
564 1638 
565 1637 
566 1634 
567 1632 
568 1628 
569 1626 
570 1623 
571 1621 
572 1618 
573 1616 
574 1613 
575 1611 
576 1608 
577 1606 
578 1603 
579 1601 
580 1598 
581 1596 
582 1592 
583 1590 
584 1589 
585 1586 
586 1584 
587 1581 
588 1579 
589 1576 
590 1574 
591 1571 
592 1569 
593 1566 
594 1564 
595 1561 
596 1559 
597 1556 
598 1554 
599 1550 
600 1548 
601 1547 
602 1543 
603 1541 
604 1540 
605 1537 
606 1535 
607 1532 
608 1530 
609 1527 
610 1525 
611 1522 
612 1520 
613 1519 
614 1516 
615 1514 
616 1511 
617 1509 
618 1508 
619 1504 
620 1502 
621 1501 
622 1499 
623 1496 
624 1494 
625 1492 
626 1489 
627 1487 
628 1486 
629 1483 
630 1481 
631 1478 
632 1475 
633 1473 
634 1471 
635 1468 
636 1466 
637 1465 
638 1462 
639 1460 
640 1458 
641 1456 
642 1454 
643 1452 
644 1450 
645 1446 
646 1444 
647 1442 
648 1440 
649 1438 
650 1435 
651 1433 
652 1432 
653 1429 
654 1427 
655 1425 
656 1423 
657 1420 
658 1418 
659 1416 
660 1414 
661 1412 
662 1410 
663 1408 
664 1406 
665 1404 
666 1401 
667 1399 
668 1397 
669 1395 
670 1393 
671 1391 
672 1389 
673 1387 
674 1385 
675 1383 
676 1381 
677 1378 
678 1377 
679 1375 
680 1372 
681 1370 
682 1369 
683 1366 
684 1364 
685 1363 
686 1361 
687 1359 
688 1357 
689 1355 
690 1354 
691 1352 
692 1350 
693 1348 
694 1346 
695 1343 
696 1342 
697 1341 
698 1337 
699 1335 
700 1334 
701 1333 
702 1331 
703 1328 
704 1326 
705 1325 
706 1323 
707 1322 
708 1320 
709 1317 
710 1315 
711 1314 
712 1313 
713 1310 
714 1308 
715 1306 
716 1305 
717 1303 
718 1301 
719 1299 
720 1297 
721 1296 
722 1295 
723 1293 
724 1290 
725 1288 
726 1287 
727 1285 
728 1284 
729 1282 
730 1280 
731 1278 
732 1276 
733 1275 
734 1273 
735 1271 
736 1269 
737 1267 
738 1265 
739 1263 
740 1262 
741 1260 
742 1258 
743 1256 
744 1255 
745 1253 
746 1250 
747 1248 
748 1247 
749 1245 
750 1244 
751 1242 
752 1241 
753 1239 
754 1238 
755 1236 
756 1234 
757 1232 
758 1231 
759 1229 
760 1227 
761 1226 
762 1224 
763 1223 
764 1221 
765 1220 
766 1218 
767 1217 
768 1215 
769 1213 
770 1212 
771 1211 
772 1210 
773 1208 
774 1207 
775 1206 
776 1204 
777 1202 
778 1201 
779 1200 
780 1198 
781 1197 
782 1195 
783 1193 
784 1192 
786 1189 
787 1187 
789 1185 
790 1184 
791 1182 
793 1180 
794 1179 
795 1177 
796 1176 
797 1174 
798 1173 
799 1172 
800 1170 
801 1169 
802 1168 
803 1167 
804 1166 
805 1165 
806 1163 
807 1161 
808 1160 
809 1159 
810 1157 
811 1156 
812 1155 
813 1153 
814 1152 
815 1151 
816 1150 
817 1148 
818 1147 
819 1146 
820 1144 
821 1143 
822 1142 
823 1141 
824 1139 
825 1138 
826 1137 
827 1135 
828 1134 
829 1133 
830 1131 
832 1129 
833 1128 
834 1127 
835 1125 
836 1124 
837 1123 
838 1121 
840 1119 
841 1118 
842 1117 
843 1115 
844 1114 
845 1113 
846 1112 
847 1110 
848 1109 
849 1108 
850 1106 
851 1105 
853 1104 
854 1102 
856 1099 
857 1098 
859 1095 
861 1094 
862 1093 
863 1091 
864 1090 
865 1089 
866 1087 
867 1086 
868 1085 
869 1084 
870 1083 
872 1080 
873 1079 
875 1076 
877 1075 
878 1073 
879 1072 
880 1071 
881 1070 
882 1068 
883 1067 
884 1066 
886 1064 
888 1061 
889 1060 
891 1057 
893 1056 
894 1055 
895 1054 
896 1053 
897 1052 
898 1050 
899 1049 
901 1047 
903 1045 
904 1044 
905 1043 
906 1041 
908 1040 
909 1038 
911 1037 
912 1036 
913 1034 
915 1033 
916 1031 
918 1030 
919 1029 
920 1027 
922 1026 
923 1024 
924 1023 
925 1022 
926 1020 
928 1019 
930 1017 
931 1016 
932 1015 
933 1013 
935 1011 
937 1010 
938 1009 
939 1008 
940 1007 
941 1006 
942 1004 
944 1003 
945 1002 
946 1001 
947 1000 
948 999 
949 998 
950 996 
952 994 
954 993 
955 992 
956 990 
957 989 
959 987 
961 986 
962 985 
963 983 
965 981 
966 980 
968 979 
969 978 
970 977 
971 975 
972 974 
973 973 
975 972 
976 970 
978 967 
980 966 
981 965 
982 964 
983 963 
985 960 
987 959 
988 958 
989 957 
991 956 
992 954 
993 953 
994 952 
995 951 
996 950 
998 949 
999 947 
1000 946 
1002 945 
1003 944 
1004 943 
1005 942 
1006 940 
1008 939 
1009 938 
1010 937 
1011 936 
1013 934 
1014 933 
1015 932 
1016 931 
1017 930 
1019 929 
1020 927 
1022 926 
1023 925 
1024 924 
1025 923 
1026 922 
1027 921 
1029 920 
1030 918 
1031 917 
1033 916 
1034 915 
1035 914 
1036 913 
1037 912 
1038 911 
1040 909 
1041 908 
1042 907 
1044 906 
1045 904 
1047 903 
1048 902 
1049 901 
1051 899 
1052 898 
1054 897 
1055 896 
1056 894 
1058 893 
1059 892 
1060 891 
1062 890 
1063 889 
1064 888 
1065 887 
1066 886 
1068 884 
1070 883 
1071 882 
1072 881 
1073 880 
1074 879 
1076 877 
1078 876 
1079 875 
1080 873 
1082 872 
1084 870 
1085 869 
1087 868 
1088 867 
1089 866 
1091 863 
1093 862 
1095 861 
1096 859 
1098 858 
1100 857 
1101 856 
1102 855 
1103 854 
1104 853 
1106 852 
1107 851 
1108 849 
1110 848 
1112 847 
1113 845 
1114 844 
1116 843 
1118 841 
1119 840 
1121 839 
1123 837 
1124 836 
1126 835 
1127 833 
1129 832 
1131 830 
1133 829 
1135 827 
1136 826 
1138 825 
1139 824 
1140 823 
1141 822 
1143 821 
1144 819 
1146 818 
1147 817 
1148 816 
1149 815 
1151 814 
1153 813 
1154 811 
1156 810 
1157 809 
1159 808 
1160 807 
1162 806 
1163 805 
1164 803 
1166 802 
1168 800 
1170 799 
1172 798 
1173 797 
1174 795 
1176 794 
1178 793 
1180 791 
1182 790 
1184 789 
1185 788 
1187 787 
1189 785 
1191 784 
1193 783 
1194 782 
1195 780 
1197 779 
1199 778 
1201 776 
1203 775 
1205 774 
1206 773 
1208 772 
1210 770 
1212 769 
1214 768 
1216 766 
1218 765 
1220 764 
1222 763 
1224 762 
1225 761 
1227 760 
1228 759 
1230 758 
1232 757 
1234 755 
1236 754 
1237 753 
1239 752 
1241 751 
1242 750 
1243 749 
1245 748 
1247 747 
1248 746 
1250 745 
1251 744 
1252 743 
1254 742 
1256 741 
1258 739 
1260 738 
1263 737 
1264 736 
1266 735 
1268 734 
1270 733 
1272 731 
1274 730 
1277 729 
1278 728 
1280 727 
1282 726 
1284 725 
1285 724 
1287 723 
1289 722 
1290 721 
1292 720 
1294 719 
1296 718 
1298 717 
1299 716 
1301 715 
1303 714 
1305 713 
1307 712 
1308 711 
1310 710 
1312 709 
1314 708 
1315 707 
1317 706 
1318 705 
1320 704 
1322 703 
1324 702 
1326 701 
1328 700 
1330 699 
1332 697 
1334 696 
1336 695 
1339 694 
1341 693 
1342 692 
1344 691 
1346 690 
1348 689 
1349 688 
1351 687 
1353 686 
1355 685 
1356 684 
1358 683 
1360 682 
1362 681 
1363 680 
1365 679 
1367 678 
1370 677 
1371 676 
1373 675 
1375 674 
1377 673 
1379 672 
1381 671 
1383 670 
1384 669 
1385 668 
1387 667 
1389 666 
1391 665 
1393 664 
1395 663 
1397 662 
1400 661 
1402 660 
1404 659 
1406 658 
1408 657 
1410 656 
1412 655 
1413 654 
1415 653 
1416 652 
1418 651 
1420 650 
1423 649 
1425 648 
1427 647 
1430 646 
1432 645 
1434 644 
1436 643 
1437 642 
1439 641 
1441 640 
1443 639 
1444 638 
1446 637 
1449 636 
1451 635 
1453 634 
1455 633 
1457 632 
1459 631 
1461 630 
1464 629 
1466 628 
1468 627 
1470 626 
1472 625 
1474 624 
1475 623 
1477 622 
1480 621 
1481 620 
1483 619 
1487 618 
1489 617 
1491 616 
1493 615 
1495 614 
1497 613 
1499 612 
1501 611 
1503 610 
1505 609 
1507 608 
1509 607 
1511 606 
1513 605 
1514 604 
1516 603 
1519 602 
1521 601 
1524 600 
1526 599 
1528 598 
1531 597 
1533 596 
1535 595 
1537 594 
1539 593 
1541 592 
1543 591 
1547 589 
1549 588 
1551 587 
1554 586 
1556 585 
1559 584 
1561 583 
1563 582 
1565 581 
1568 580 
1570 579 
1573 578 
1576 577 
1578 576 
1580 575 
1582 574 
1584 573 
1587 572 
1589 571 
1592 570 
1594 569 
1597 568 
1599 567 
1601 566 
1604 565 
1606 564 
1609 563 
1612 562 
1614 561 
1616 560 
1618 559 
1621 558 
1623 557 
1625 556 
1628 555 
1630 554 
1634 553 
1636 552 
1639 551 
1641 550 
1643 549 
1646 548 
1648 547 
1650 546 
1654 545 
1656 544 
1658 543 
1661 542 
1663 541 
1665 540 
1669 539 
1671 538 
1674 537 
1677 536 
1680 535 
1683 534 
1686 533 
1689 532 
1692 531 
1694 530 
1697 529 
1699 528 
1702 527 
1704 526 
1707 525 
1710 524 
1713 523 
1716 522 
1718 521 
1721 520 
1724 519 
1726 518 
1729 517 
1732 516 
1735 515 
1738 514 
1740 513 
1743 512 
1745 511 
1748 510 
1751 509 
1754 508 
1757 507 
1759 506 
1762 505 
1765 504 
1768 503 
1770 502 
1773 501 
1776 500 
1779 499 
1782 498 
1784 497 
1787 496 
1790 495 
1793 494 
1797 493 
1800 492 
1802 491 
1805 490 
1808 489 
1811 488 
1814 487 
1817 486 
1821 485 
1824 484 
1827 483 
1829 482 
1832 481 
1834 480 
1838 479 
1839 478 
1842 477 
1847 476 
1850 475 
1853 474 
1856 473 
1858 472 
1861 471 
1866 470 
1869 469 
1872 468 
1875 467 
1878 466 
1881 465 
1885 464 
1889 463 
1892 462 
1895 461 
1898 460 
1902 459 
1904 458 
1908 457 
1911 456 
1915 455 
1917 454 
1922 453 
1924 452 
1929 451 
1931 450 
1935 449 
1937 448 
1943 447 
1945 446 
1949 445 
1951 444 
1956 443 
1958 442 
1963 441 
1965 440 
1969 439 
1971 438 
1976 437 
1978 436 
1982 435 
1986 434 
1989 433 
1991 432 
1997 431 
2000 430 
2002 429 
2006 428 
2010 427 
2014 426 
2017 425 
2019 424 
2025 423 
2029 422 
2030 421 
2036 420 
2038 419 
2042 418 
2047 417 
2050 416 
2056 415 
2058 414 
2062 413 
2065 412 
2070 411 
2072 410 
2076 409 
2079 408 
2085 407 
2088 406 
2091 405 
2096 404 
2099 403 
2104 402 
2109 401 
2114 400 
2115 399 
2118 398 
2125 397 
2129 396 
2134 395 
2139 394 
2142 393 
2144 392 
2151 391 
2154 390 
2159 389 
2164 388 
2167 387 
2172 386 
2177 385 
2181 384 
2184 383 
2190 382 
2193 381 
2200 380 
2203 379 
2208 378 
2212 377 
2216 376 
2220 375 
2225 374 
2230 373 
2233 372 
2239 371 
2244 370 
2249 369 
2253 368 
2257 367 
2261 366 
2266 365 
2269 364 
2274 363 
2280 362 
2285 361 
2288 360 
2293 359 
2299 358 
2303 357 
2308 356 
2313 355 
2318 354 
2323 353 
2327 352 
2331 351 
2337 350 
2340 349 
2346 348 
2350 347 
2356 346 
2359 345 
2365 344 
2369 343 
2374 342 
2379 341 
2384 340 
2391 339 
2394 338 
2402 337 
2406 336 
2412 335 
2416 334 
2422 333 
2428 332 
2433 331 
2438 330 
2444 329 
2450 328 
2455 327 
2460 326 
2465 325 
2470 324 
2475 323 
2481 322 
2486 321 
2492 320 
2496 319 
2502 318 
2509 317 
2515 316 
2519 315 
2525 314 
2530 313 
2536 312 
2540 311 
2546 310 
2553 309 
2559 308 
2565 307 
2569 306 
2576 305 
2583 304 
2588 303 
2595 302 
2599 301 
2608 300 
2613 299 
2618 298 
2626 297 
2630 296 
2638 295 
2644 294 
2649 293 
2656 292 
2663 291 
2668 290 
2675 289 
2682 288 
2686 287 
2695 286 
2700 285 
2705 284 
2713 283 
2719 282 
2725 281 
2732 280 
2739 279 
2748 278 
2752 277 
2760 276 
2768 275 
2773 274 
2782 273 
2789 272 
2796 271 
2804 270 
2811 269 
2819 268 
2826 267 
2832 266 
2841 265 
2848 264 
2855 263 
2864 262 
2870 261 
2878 260 
2884 259 
2891 258 
2899 257 
2909 256 
2916 255 
2923 254 
2931 253 
2938 252 
2946 251 
2952 250 
2961 249 
2968 248 
2977 247 
2986 246 
2993 245 
3003 244 
3008 243 
3019 242 
3027 241 
3033 240 
3043 239 
3050 238 
3060 237 
3067 236 
3075 235 
3085 234 
3094 233 
3102 232 
3111 231 
3119 230 
3128 229 
3136 228 
3142 227 
3152 226 
3159 225 
3170 224 
3176 223 
3186 222 
3195 221 
3201 220 
3212 219 
3221 218 
3229 217 
3237 216 
3246 215 
3256 214 
3262 213 
3275 212 
3283 211 
3294 210 
3300 209 
3315 208 
3321 207 
3335 206 
3345 205 
3356 204 
3365 203 
3375 202 
3389 201 
3397 200 
3409 199 
3419 198 
3430 197 
3442 196 
3453 195 
3463 194 
3473 193 
3484 192 
3495 191 
3506 190 
3519 189 
3530 188 
3541 187 
3555 186 
3566 185 
3578 184 
3591 183 
3602 182 
3613 181 
3628 180 
3640 179 
3654 178 
3665 177 
3679 176 
3691 175 
3705 174 
3720 173 
3732 172 
3744 171 
3760 170 
3771 169 
3787 168 
3799 167 
3814 166 
3828 165 
3843 164 
3856 163 
3871 162 
3884 161 
3899 160 
3914 159 
3928 158 
3942 157 
3958 156 
3971 155 
3986 154 
4001 153 
4015 152 
4032 151 
4045 150 
4062 149 
4077 148 
4094 147 
4111 146 
4123 145 
4142 144 
4157 143 
4175 142 
4189 141 
4206 140 
4223 139 
4240 138 
4254 137 
4273 136 
4288 135 
4308 134 
4322 133 
4342 132 
4359 131 
4376 130 
4394 129 
4413 128 
4428 127 
4448 126 
4465 125 
4482 124 
4505 123 
4527 122 
4544 121 
4567 120 
4588 119 
4612 118 
4630 117 
4656 116 
4676 115 
4699 114 
4719 113 
4740 112 
4765 111 
4786 110 
4809 109 
4829 108 
4851 107 
4875 106 
4897 105 
4919 104 
4943 103 
4965 102 
4991 101 
5016 100 
5042 99 
5069 98 
5095 97 
5122 96 
5148 95 
5178 94 
5199 93 
5231 92 
5252 91 
5284 90 
5307 89 
5338 88 
5360 87 
5393 86 
5424 85 
5446 84 
5479 83 
5501 82 
5532 81 
5569 80 
5591 79 
5639 78 
5670 77 
5698 76 
5736 75 
5768 74 
5804 73 
5827 72 
5877 71 
5906 70 
5949 69 
5988 68 
6031 67 
6076 66 
6123 65 
6163 64 
6212 63 
6255 62 
6299 61 
6345 60 
6394 59 
6437 58 
6481 57 
6531 56 
6582 55 
6626 54 
6677 53 
6727 52 
6780 51 
6828 50 
6885 49 
6936 48 
6996 47 
7054 46 
7103 45 
7170 44 
7221 43 
7289 42 
7364 41 
7432 40 
7511 39 
7576 38 
7655 37 
7728 36 
7811 35 
7888 34 
7970 33 
8053 32 
8130 31 
8208 30 
8293 29 
8375 28 
8477 27 
8563 26 
8670 25 
8777 24 
8884 23 
9029 22 
9169 21 
9309 20 
9476 19 
9664 18
