15 9706 
16 9565 
17 9434 
18 9304 
19 9165 
20 9043 
21 8921 
22 8814 
23 8721 
24 8629 
25 8543 
26 8451 
27 8367 
28 8282 
29 8206 
30 8128 
31 8052 
32 7979 
33 7909 
34 7840 
35 7773 
36 7710 
37 7643 
38 7584 
39 7527 
40 7466 
41 7407 
42 7353 
43 7299 
44 7240 
45 7199 
46 7153 
47 7096 
48 7048 
49 7008 
50 6952 
51 6913 
52 6865 
53 6817 
54 6779 
55 6736 
56 6701 
57 6659 
58 6621 
59 6578 
60 6543 
61 6503 
62 6465 
63 6426 
64 6391 
65 6352 
66 6317 
67 6279 
68 6244 
69 6209 
70 6173 
71 6139 
72 6102 
73 6068 
74 6034 
75 6000 
76 5962 
77 5931 
78 5898 
79 5865 
80 5826 
81 5795 
82 5765 
83 5729 
84 5700 
85 5667 
86 5636 
87 5606 
88 5575 
89 5549 
90 5517 
91 5494 
92 5466 
93 5444 
94 5415 
95 5389 
96 5365 
97 5338 
98 5317 
99 5289 
100 5265 
101 5242 
102 5216 
103 5193 
104 5171 
105 5148 
106 5128 
107 5105 
108 5082 
109 5063 
110 5041 
111 5022 
112 4999 
113 4977 
114 4955 
115 4933 
116 4914 
117 4892 
118 4874 
119 4854 
120 4835 
121 4816 
122 4797 
123 4778 
124 4759 
125 4740 
126 4722 
127 4702 
128 4684 
129 4666 
130 4646 
131 4628 
132 4612 
133 4597 
134 4580 
135 4560 
136 4542 
137 4526 
138 4510 
139 4494 
140 4478 
141 4463 
142 4447 
143 4431 
144 4415 
145 4399 
146 4383 
147 4368 
148 4352 
149 4338 
150 4322 
151 4304 
152 4291 
153 4274 
154 4264 
155 4246 
156 4233 
157 4216 
158 4205 
159 4192 
160 4177 
161 4164 
162 4147 
163 4134 
164 4123 
165 4110 
166 4093 
167 4078 
168 4065 
169 4052 
170 4040 
171 4025 
172 4012 
173 3999 
174 3987 
175 3972 
176 3958 
177 3945 
178 3934 
179 3919 
180 3906 
181 3893 
182 3884 
183 3870 
184 3852 
185 3839 
186 3829 
187 3816 
188 3804 
189 3791 
190 3780 
191 3768 
192 3755 
193 3745 
194 3734 
195 3717 
196 3709 
197 3694 
198 3686 
199 3669 
200 3658 
201 3650 
202 3633 
203 3627 
204 3616 
205 3607 
206 3593 
207 3582 
208 3571 
209 3563 
210 3553 
211 3538 
212 3531 
213 3521 
214 3512 
215 3498 
216 3489 
217 3479 
218 3470 
219 3461 
220 3449 
221 3437 
222 3428 
223 3417 
224 3406 
225 3398 
226 3388 
227 3379 
228 3371 
229 3360 
230 3352 
231 3342 
232 3327 
233 3322 
234 3312 
235 3300 
236 3291 
237 3284 
238 3275 
239 3263 
240 3255 
241 3248 
242 3238 
243 3229 
244 3219 
245 3211 
246 3200 
247 3192 
248 3182 
249 3174 
250 3163 
251 3156 
252 3148 
253 3142 
254 3131 
255 3122 
256 3115 
257 3106 
258 3098 
259 3086 
260 3082 
261 3072 
262 3063 
263 3055 
264 3046 
265 3035 
266 3028 
267 3020 
268 3012 
269 3005 
270 2997 
271 2990 
272 2979 
273 2975 
274 2967 
275 2958 
276 2949 
277 2943 
278 2934 
279 2925 
280 2920 
281 2911 
282 2902 
283 2898 
284 2888 
285 2881 
286 2873 
287 2866 
288 2856 
289 2846 
290 2842 
291 2833 
292 2823 
293 2819 
294 2813 
295 2803 
296 2797 
297 2793 
298 2786 
299 2776 
300 2770 
301 2765 
302 2756 
303 2748 
304 2743 
305 2736 
306 2726 
307 2722 
308 2717 
309 2709 
310 2698 
311 2694 
312 2684 
313 2680 
314 2673 
315 2669 
316 2659 
317 2655 
318 2648 
319 2643 
320 2637 
321 2632 
322 2626 
323 2618 
324 2614 
325 2607 
326 2602 
327 2594 
328 2590 
329 2583 
330 2579 
331 2573 
332 2568 
333 2561 
334 2556 
335 2550 
336 2545 
337 2538 
338 2534 
339 2527 
340 2523 
341 2514 
342 2510 
343 2504 
344 2499 
345 2495 
346 2488 
347 2481 
348 2477 
349 2472 
350 2464 
351 2460 
352 2454 
353 2449 
354 2443 
355 2438 
356 2430 
357 2426 
358 2419 
359 2415 
360 2407 
361 2402 
362 2398 
363 2396 
364 2389 
365 2384 
366 2379 
367 2371 
368 2367 
369 2365 
370 2358 
371 2354 
372 2350 
373 2343 
374 2339 
375 2333 
376 2330 
377 2326 
378 2318 
379 2316 
380 2313 
381 2305 
382 2301 
383 2298 
384 2290 
385 2288 
386 2284 
387 2279 
388 2273 
389 2270 
390 2266 
391 2260 
392 2256 
393 2251 
394 2246 
395 2243 
396 2240 
397 2234 
398 2229 
399 2226 
400 2221 
401 2216 
402 2212 
403 2207 
404 2204 
405 2199 
406 2196 
407 2190 
408 2186 
409 2183 
410 2177 
411 2173 
412 2169 
413 2166 
414 2160 
415 2156 
416 2152 
417 2148 
418 2142 
419 2140 
420 2134 
421 2130 
422 2127 
423 2122 
424 2119 
425 2115 
426 2109 
427 2104 
428 2101 
429 2097 
430 2092 
431 2088 
432 2085 
433 2081 
434 2076 
435 2073 
436 2070 
437 2065 
438 2060 
439 2057 
440 2054 
441 2048 
442 2045 
443 2042 
444 2037 
445 2034 
446 2031 
447 2028 
448 2024 
449 2020 
450 2017 
451 2013 
452 2010 
453 2007 
454 2004 
455 2001 
456 1995 
457 1992 
458 1988 
459 1984 
460 1981 
461 1977 
462 1975 
463 1971 
464 1967 
465 1964 
466 1960 
467 1957 
468 1953 
469 1950 
470 1947 
471 1943 
472 1940 
473 1936 
474 1932 
475 1929 
476 1925 
477 1923 
478 1919 
479 1915 
480 1912 
481 1909 
482 1906 
483 1903 
484 1898 
485 1895 
486 1892 
487 1889 
488 1886 
489 1882 
490 1879 
491 1876 
492 1872 
493 1870 
494 1865 
495 1862 
496 1859 
497 1856 
498 1853 
499 1850 
500 1845 
501 1842 
502 1839 
503 1837 
504 1834 
505 1831 
506 1826 
507 1823 
508 1820 
509 1817 
510 1812 
511 1809 
512 1808 
513 1803 
514 1802 
515 1798 
516 1795 
517 1792 
518 1789 
519 1785 
520 1781 
521 1779 
522 1775 
523 1770 
524 1769 
525 1767 
526 1763 
527 1760 
528 1756 
529 1753 
531 1747 
532 1746 
533 1742 
534 1739 
535 1738 
536 1733 
537 1730 
538 1727 
539 1726 
540 1722 
541 1719 
542 1716 
543 1713 
544 1712 
545 1709 
546 1706 
547 1703 
548 1702 
549 1697 
550 1695 
551 1693 
552 1690 
553 1688 
554 1683 
555 1681 
556 1679 
557 1677 
558 1674 
559 1671 
560 1669 
561 1666 
562 1663 
563 1661 
564 1657 
565 1656 
566 1654 
567 1651 
568 1648 
569 1645 
570 1644 
571 1641 
572 1637 
573 1636 
574 1634 
575 1630 
576 1628 
577 1625 
578 1624 
579 1621 
580 1619 
581 1616 
582 1614 
583 1610 
584 1609 
585 1607 
586 1605 
587 1602 
588 1599 
589 1598 
590 1596 
591 1594 
592 1591 
593 1588 
594 1586 
595 1582 
597 1579 
598 1577 
599 1575 
600 1571 
601 1568 
603 1566 
604 1563 
605 1562 
606 1557 
608 1554 
609 1552 
610 1550 
611 1549 
612 1545 
613 1543 
614 1541 
615 1539 
616 1536 
617 1534 
618 1532 
619 1530 
620 1529 
621 1525 
622 1523 
623 1522 
624 1518 
626 1515 
627 1512 
628 1511 
629 1507 
631 1504 
632 1502 
633 1500 
634 1498 
635 1496 
636 1494 
637 1492 
638 1490 
639 1487 
640 1485 
641 1483 
642 1481 
643 1479 
644 1477 
645 1474 
646 1472 
647 1470 
648 1468 
649 1466 
650 1464 
651 1462 
652 1459 
653 1458 
654 1456 
655 1454 
656 1451 
657 1450 
658 1448 
659 1446 
660 1444 
661 1442 
662 1440 
663 1437 
664 1436 
665 1434 
666 1432 
667 1429 
668 1428 
669 1425 
670 1423 
671 1421 
672 1420 
673 1418 
674 1415 
675 1414 
676 1410 
678 1408 
679 1405 
680 1404 
681 1402 
682 1399 
683 1398 
684 1396 
685 1394 
686 1393 
687 1389 
688 1388 
689 1387 
690 1383 
692 1381 
693 1378 
694 1377 
695 1375 
696 1372 
698 1370 
699 1367 
701 1364 
702 1363 
703 1361 
704 1359 
705 1358 
706 1356 
707 1353 
708 1351 
709 1350 
710 1348 
711 1345 
713 1342 
714 1340 
715 1339 
716 1337 
717 1334 
719 1332 
720 1329 
722 1326 
723 1325 
724 1323 
725 1321 
726 1320 
727 1318 
728 1316 
729 1315 
730 1312 
731 1311 
732 1310 
733 1307 
734 1305 
735 1304 
736 1301 
737 1300 
738 1299 
739 1296 
740 1295 
741 1293 
742 1292 
743 1291 
744 1288 
745 1287 
746 1286 
747 1284 
748 1282 
749 1281 
750 1278 
751 1277 
752 1276 
753 1273 
754 1272 
755 1271 
756 1269 
757 1267 
758 1266 
759 1264 
760 1263 
761 1261 
762 1259 
763 1258 
764 1257 
765 1256 
766 1253 
767 1252 
768 1251 
769 1248 
770 1247 
771 1246 
772 1244 
773 1243 
774 1240 
776 1238 
777 1235 
779 1233 
780 1232 
781 1230 
782 1229 
783 1227 
784 1226 
785 1224 
786 1222 
787 1221 
788 1219 
789 1218 
790 1216 
791 1214 
792 1213 
793 1211 
794 1209 
795 1208 
797 1205 
798 1204 
799 1202 
800 1201 
801 1200 
802 1197 
804 1195 
805 1194 
806 1192 
808 1189 
809 1188 
810 1187 
811 1185 
813 1182 
815 1180 
816 1179 
817 1177 
818 1176 
819 1174 
820 1173 
821 1172 
822 1170 
823 1169 
824 1168 
825 1167 
826 1165 
827 1164 
828 1163 
829 1161 
830 1160 
831 1158 
833 1156 
834 1155 
835 1153 
836 1152 
837 1150 
838 1149 
839 1148 
840 1146 
841 1145 
842 1144 
843 1143 
844 1141 
845 1140 
846 1139 
847 1137 
848 1136 
849 1134 
850 1133 
851 1132 
852 1131 
853 1129 
854 1128 
855 1127 
856 1125 
858 1124 
859 1121 
860 1120 
862 1117 
864 1116 
865 1114 
866 1112 
868 1111 
869 1109 
870 1108 
871 1107 
872 1104 
875 1101 
877 1100 
878 1099 
879 1098 
880 1097 
881 1095 
882 1093 
884 1091 
885 1090 
886 1089 
887 1088 
888 1085 
890 1083 
891 1082 
893 1080 
895 1079 
896 1078 
897 1076 
899 1074 
900 1073 
901 1071 
904 1068 
906 1067 
907 1065 
909 1063 
910 1062 
912 1061 
913 1059 
914 1058 
915 1056 
917 1054 
918 1053 
920 1051 
922 1050 
923 1049 
924 1047 
926 1045 
927 1044 
928 1042 
931 1039 
933 1038 
934 1037 
935 1036 
936 1035 
937 1033 
939 1032 
940 1030 
942 1029 
943 1028 
944 1026 
946 1025 
947 1023 
948 1022 
950 1020 
951 1019 
953 1017 
955 1016 
956 1014 
957 1013 
959 1011 
960 1010 
962 1008 
964 1006 
966 1004 
967 1003 
969 1001 
971 1000 
972 999 
973 997 
975 995 
976 994 
978 992 
980 991 
981 990 
982 989 
983 988 
984 987 
985 986 
986 985 
987 984 
988 983 
990 981 
992 979 
993 978 
995 976 
996 975 
998 973 
999 972 
1001 971 
1002 970 
1003 969 
1004 968 
1005 967 
1006 966 
1007 965 
1008 964 
1009 963 
1011 961 
1013 959 
1014 958 
1016 956 
1018 955 
1019 954 
1020 953 
1021 952 
1022 951 
1023 950 
1024 949 
1026 948 
1027 947 
1028 946 
1029 945 
1030 944 
1031 943 
1032 942 
1033 941 
1035 940 
1036 939 
1037 938 
1038 937 
1039 936 
1040 935 
1041 934 
1042 933 
1043 932 
1044 931 
1045 930 
1046 929 
1048 928 
1049 927 
1050 926 
1051 925 
1052 924 
1053 923 
1054 922 
1055 921 
1056 920 
1058 918 
1060 917 
1061 916 
1062 915 
1063 914 
1064 913 
1065 912 
1066 911 
1068 910 
1069 909 
1070 908 
1071 907 
1072 906 
1073 905 
1075 904 
1076 903 
1077 902 
1078 901 
1079 900 
1080 899 
1082 898 
1083 897 
1084 896 
1086 894 
1087 893 
1090 891 
1091 890 
1093 888 
1095 887 
1097 885 
1099 884 
1100 883 
1101 882 
1103 881 
1104 880 
1106 879 
1107 878 
1108 877 
1109 876 
1110 875 
1112 874 
1113 873 
1115 872 
1116 871 
1117 870 
1119 869 
1120 868 
1121 867 
1122 866 
1124 865 
1125 864 
1126 863 
1128 862 
1129 861 
1130 860 
1132 859 
1133 858 
1135 857 
1136 856 
1137 855 
1139 854 
1140 853 
1141 852 
1143 851 
1144 850 
1145 849 
1147 848 
1148 847 
1150 846 
1151 845 
1152 844 
1154 843 
1155 842 
1156 841 
1158 840 
1159 839 
1160 838 
1162 837 
1163 836 
1165 835 
1166 834 
1167 833 
1169 832 
1170 831 
1171 830 
1173 829 
1174 828 
1175 827 
1176 826 
1178 825 
1179 824 
1180 823 
1182 822 
1183 821 
1185 820 
1186 819 
1187 818 
1189 817 
1190 816 
1192 815 
1193 814 
1194 813 
1196 812 
1197 811 
1199 810 
1200 809 
1201 808 
1203 807 
1204 806 
1206 805 
1207 804 
1208 803 
1210 802 
1211 801 
1212 800 
1214 799 
1215 798 
1217 797 
1218 796 
1220 795 
1221 794 
1222 793 
1224 792 
1225 791 
1226 790 
1228 789 
1229 788 
1231 787 
1232 786 
1234 785 
1235 784 
1237 783 
1238 782 
1239 781 
1241 780 
1242 779 
1243 778 
1245 777 
1246 776 
1247 775 
1249 774 
1250 773 
1252 772 
1253 771 
1255 770 
1256 769 
1258 768 
1259 767 
1260 766 
1262 765 
1263 764 
1265 763 
1267 762 
1268 761 
1270 760 
1271 759 
1273 758 
1274 757 
1276 756 
1277 755 
1278 754 
1280 753 
1281 752 
1283 751 
1284 750 
1286 748 
1288 747 
1289 746 
1291 745 
1293 744 
1294 743 
1295 742 
1298 740 
1299 739 
1302 737 
1306 736 
1307 735 
1308 734 
1310 733 
1311 732 
1313 731 
1314 730 
1315 729 
1318 727 
1321 726 
1323 724 
1326 722 
1330 721 
1332 720 
1333 719 
1335 718 
1336 717 
1338 716 
1339 715 
1342 713 
1345 711 
1348 709 
1353 707 
1355 706 
1358 704 
1361 703 
1363 702 
1365 701 
1367 700 
1368 699 
1370 698 
1372 697 
1375 696 
1376 695 
1377 693 
1380 691 
1385 690 
1388 689 
1389 688 
1390 687 
1392 686 
1393 685 
1396 684 
1398 683 
1400 682 
1402 680 
1405 679 
1407 678 
1411 675 
1415 674 
1418 673 
1420 672 
1422 671 
1423 670 
1424 669 
1428 668 
1429 667 
1431 666 
1434 664 
1438 662 
1442 661 
1444 660 
1446 659 
1447 658 
1450 657 
1452 656 
1455 655 
1456 654 
1459 653 
1461 651 
1465 649 
1469 648 
1470 647 
1471 646 
1474 645 
1475 644 
1479 643 
1481 642 
1484 640 
1488 638 
1492 637 
1493 636 
1496 635 
1497 634 
1500 633 
1501 632 
1504 631 
1506 630 
1508 629 
1510 627 
1515 626 
1517 625 
1518 624 
1520 623 
1521 622 
1524 621 
1527 620 
1530 619 
1531 618 
1533 616 
1539 615 
1540 614 
1543 612 
1546 611 
1549 610 
1551 609 
1554 607 
1557 606 
1558 605 
1562 604 
1564 603 
1566 602 
1568 601 
1570 600 
1573 599 
1576 598 
1578 597 
1579 596 
1583 595 
1586 594 
1588 592 
1590 591 
1594 590 
1597 589 
1599 588 
1601 587 
1604 586 
1605 585 
1608 584 
1610 583 
1613 582 
1616 581 
1617 580 
1619 579 
1624 578 
1626 577 
1628 576 
1630 575 
1633 574 
1635 573 
1637 572 
1640 571 
1642 570 
1645 569 
1646 568 
1651 567 
1653 566 
1655 565 
1657 564 
1661 563 
1663 562 
1666 561 
1667 560 
1671 559 
1673 558 
1675 557 
1678 556 
1679 555 
1683 554 
1686 553 
1688 552 
1690 551 
1694 550 
1697 549 
1699 548 
1702 547 
1704 546 
1707 545 
1710 544 
1713 543 
1715 542 
1718 541 
1721 540 
1724 539 
1726 538 
1729 537 
1732 536 
1735 535 
1736 534 
1739 533 
1743 532 
1745 531 
1747 530 
1750 529 
1753 528 
1756 527 
1758 526 
1761 525 
1762 524 
1767 523 
1770 522 
1772 521 
1773 520 
1777 519 
1779 518 
1783 517 
1786 516 
1788 515 
1791 514 
1794 513 
1795 512 
1798 511 
1803 510 
1804 509 
1808 508 
1810 507 
1813 506 
1817 505 
1819 504 
1820 503 
1824 502 
1828 501 
1830 500 
1833 499 
1836 498 
1839 497 
1842 496 
1844 495 
1849 494 
1852 493 
1854 492 
1857 491 
1860 490 
1864 489 
1867 488 
1870 487 
1873 486 
1876 485 
1880 484 
1883 483 
1885 482 
1890 481 
1891 480 
1895 479 
1898 478 
1901 477 
1905 476 
1906 475 
1910 474 
1914 473 
1916 472 
1919 471 
1923 470 
1926 469 
1930 468 
1931 467 
1936 466 
1937 465 
1942 464 
1945 463 
1947 462 
1951 461 
1955 460 
1958 459 
1961 458 
1962 457 
1967 456 
1972 455 
1973 454 
1977 453 
1982 452 
1986 451 
1989 450 
1992 449 
1997 448 
2000 447 
2003 446 
2007 445 
2010 444 
2013 443 
2016 442 
2019 441 
2023 440 
2026 439 
2030 438 
2034 437 
2035 436 
2041 435 
2045 434 
2046 433 
2050 432 
2055 431 
2060 430 
2062 429 
2066 428 
2070 427 
2075 426 
2077 425 
2081 424 
2085 423 
2088 422 
2092 421 
2096 420 
2100 419 
2104 418 
2110 417 
2111 416 
2115 415 
2119 414 
2124 413 
2128 412 
2129 411 
2136 410 
2140 409 
2144 408 
2146 407 
2153 406 
2157 405 
2161 404 
2164 403 
2170 402 
2175 401 
2179 400 
2185 399 
2188 398 
2193 397 
2198 396 
2203 395 
2206 394 
2211 393 
2217 392 
2222 391 
2227 390 
2229 389 
2235 388 
2241 387 
2246 386 
2251 385 
2253 384 
2260 383 
2266 382 
2270 381 
2275 380 
2278 379 
2284 378 
2289 377 
2295 376 
2299 375 
2302 374 
2307 373 
2313 372 
2319 371 
2323 370 
2328 369 
2331 368 
2338 367 
2344 366 
2347 365 
2353 364 
2358 363 
2364 362 
2368 361 
2374 360 
2379 359 
2383 358 
2389 357 
2394 356 
2400 355 
2406 354 
2409 353 
2415 352 
2420 351 
2426 350 
2432 349 
2438 348 
2443 347 
2449 346 
2455 345 
2460 344 
2465 343 
2471 342 
2477 341 
2482 340 
2487 339 
2491 338 
2497 337 
2503 336 
2510 335 
2513 334 
2520 333 
2524 332 
2532 331 
2537 330 
2543 329 
2550 328 
2556 327 
2563 326 
2569 325 
2575 324 
2582 323 
2589 322 
2596 321 
2601 320 
2609 319 
2615 318 
2621 317 
2628 316 
2634 315 
2641 314 
2648 313 
2654 312 
2660 311 
2667 310 
2674 309 
2680 308 
2689 307 
2694 306 
2703 305 
2710 304 
2715 303 
2722 302 
2729 301 
2736 300 
2745 299 
2749 298 
2759 297 
2765 296 
2773 295 
2779 294 
2787 293 
2793 292 
2800 291 
2806 290 
2815 289 
2821 288 
2829 287 
2836 286 
2844 285 
2851 284 
2858 283 
2866 282 
2873 281 
2879 280 
2888 279 
2893 278 
2903 277 
2908 276 
2917 275 
2924 274 
2931 273 
2938 272 
2946 271 
2953 270 
2960 269 
2970 268 
2975 267 
2984 266 
2991 265 
2998 264 
3008 263 
3013 262 
3024 261 
3032 260 
3039 259 
3047 258 
3053 257 
3062 256 
3069 255 
3075 254 
3084 253 
3092 252 
3100 251 
3106 250 
3114 249 
3124 248 
3129 247 
3140 246 
3148 245 
3158 244 
3165 243 
3172 242 
3181 241 
3189 240 
3196 239 
3207 238 
3214 237 
3222 236 
3233 235 
3241 234 
3251 233 
3259 232 
3267 231 
3278 230 
3286 229 
3296 228 
3305 227 
3315 226 
3324 225 
3332 224 
3342 223 
3351 222 
3365 221 
3372 220 
3387 219 
3397 218 
3408 217 
3416 216 
3431 215 
3437 214 
3452 213 
3466 212 
3473 211 
3488 210 
3497 209 
3508 208 
3523 207 
3532 206 
3547 205 
3558 204 
3571 203 
3583 202 
3597 201 
3609 200 
3621 199 
3636 198 
3647 197 
3661 196 
3672 195 
3687 194 
3698 193 
3712 192 
3726 191 
3738 190 
3752 189 
3761 188 
3777 187 
3787 186 
3803 185 
3812 184 
3829 183 
3838 182 
3856 181 
3870 180 
3883 179 
3897 178 
3911 177 
3927 176 
3939 175 
3955 174 
3968 173 
3983 172 
3997 171 
4012 170 
4028 169 
4043 168 
4060 167 
4073 166 
4087 165 
4107 164 
4122 163 
4137 162 
4151 161 
4172 160 
4188 159 
4207 158 
4223 157 
4247 156 
4266 155 
4279 154 
4301 153 
4314 152 
4336 151 
4361 150 
4380 149 
4401 148 
4423 147 
4444 146 
4461 145 
4487 144 
4506 143 
4531 142 
4551 141 
4566 140 
4594 139 
4619 138 
4640 137 
4659 136 
4686 135 
4711 134 
4733 133 
4757 132 
4776 131 
4803 130 
4821 129 
4846 128 
4873 127 
4895 126 
4914 125 
4942 124 
4968 123 
4995 122 
5014 121 
5042 120 
5065 119 
5091 118 
5114 117 
5142 116 
5165 115 
5192 114 
5214 113 
5241 112 
5262 111 
5285 110 
5314 109 
5343 108 
5364 107 
5387 106 
5422 105 
5450 104 
5476 103 
5505 102 
5530 101 
5565 100 
5593 99 
5621 98 
5650 97 
5675 96 
5705 95 
5737 94 
5766 93 
5796 92 
5829 91 
5863 90 
5892 89 
5928 88 
5956 87 
5991 86 
6024 85 
6055 84 
6092 83 
6123 82 
6160 81 
6191 80 
6225 79 
6259 78 
6295 77 
6327 76 
6359 75 
6395 74 
6431 73 
6464 72 
6504 71 
6542 70 
6582 69 
6617 68 
6657 67 
6697 66 
6736 65 
6776 64 
6817 63 
6858 62 
6896 61 
6936 60 
6977 59 
7021 58 
7059 57 
7102 56 
7145 55 
7192 54 
7240 53 
7280 52 
7327 51 
7376 50 
7420 49 
7469 48 
7524 47 
7576 46 
7631 45 
7685 44 
7741 43 
7794 42 
7850 41 
7904 40 
7960 39 
8018 38 
8074 37 
8135 36 
8204 35 
8275 34 
8348 33 
8419 32 
8493 31 
8564 30 
8645 29 
8723 28 
8804 27 
8891 26 
8981 25 
9073 24 
9165 23 
9272 22 
9382 21 
9475 20 
9616 19 
