2 2574 
3 2518 
4 2474 
5 2433 
6 2394 
7 2354 
8 2316 
9 2277 
10 2239 
11 2202 
12 2166 
13 2130 
14 2094 
15 2062 
16 2031 
17 2001 
18 1973 
19 1948 
20 1922 
21 1895 
22 1872 
23 1847 
24 1826 
25 1801 
26 1781 
27 1758 
28 1736 
29 1714 
30 1693 
31 1675 
32 1657 
33 1644 
34 1630 
35 1612 
36 1598 
37 1581 
38 1568 
39 1555 
40 1541 
41 1527 
42 1517 
43 1505 
44 1490 
45 1478 
46 1468 
47 1457 
48 1446 
49 1433 
50 1423 
51 1412 
52 1397 
53 1387 
54 1378 
55 1366 
56 1356 
57 1346 
58 1337 
59 1326 
60 1316 
61 1306 
62 1292 
63 1285 
64 1273 
65 1265 
66 1252 
67 1245 
68 1233 
69 1226 
70 1217 
71 1207 
72 1198 
73 1190 
74 1179 
75 1172 
76 1162 
77 1154 
78 1144 
79 1137 
80 1126 
81 1119 
82 1111 
83 1102 
84 1094 
85 1086 
86 1076 
87 1068 
88 1059 
89 1052 
90 1044 
91 1035 
92 1028 
93 1023 
94 1013 
95 1007 
96 1001 
97 991 
98 986 
99 978 
100 976 
101 969 
102 961 
103 954 
104 948 
105 941 
106 937 
107 932 
108 925 
109 920 
110 916 
111 911 
112 906 
113 900 
114 894 
115 888 
116 884 
117 879 
118 872 
119 867 
120 863 
121 858 
122 854 
123 847 
124 843 
125 838 
126 833 
127 829 
128 823 
129 818 
130 814 
131 809 
132 805 
133 800 
134 796 
135 792 
136 788 
137 784 
138 780 
139 776 
140 772 
141 767 
142 764 
143 759 
144 756 
145 752 
146 747 
147 744 
148 739 
149 735 
150 732 
151 729 
152 725 
153 722 
154 718 
155 716 
156 712 
157 708 
158 704 
159 701 
160 697 
161 694 
162 691 
163 686 
164 684 
165 681 
166 676 
167 674 
168 672 
169 667 
170 665 
171 663 
172 659 
173 656 
174 653 
175 650 
176 648 
177 644 
178 642 
179 639 
180 637 
181 633 
182 629 
183 627 
184 625 
185 622 
186 618 
187 616 
188 612 
189 610 
190 608 
191 605 
192 601 
193 599 
194 598 
195 594 
196 592 
197 590 
198 587 
199 585 
200 583 
201 580 
202 579 
203 576 
204 573 
205 569 
207 568 
208 562 
210 561 
211 558 
212 554 
214 551 
215 547 
217 546 
218 543 
219 542 
220 540 
221 539 
222 538 
223 536 
224 532 
225 531 
226 529 
227 527 
228 526 
229 524 
230 521 
231 520 
232 519 
233 515 
235 513 
236 511 
237 510 
238 508 
239 504 
241 501 
242 500 
243 499 
244 497 
245 494 
247 491 
248 490 
249 489 
250 487 
251 486 
252 484 
253 482 
255 479 
256 478 
257 476 
258 475 
259 473 
260 472 
261 470 
262 469 
263 467 
264 466 
265 464 
266 463 
267 461 
268 460 
269 458 
270 457 
271 455 
272 454 
273 451 
275 449 
276 447 
277 446 
278 444 
279 442 
281 439 
282 438 
283 436 
284 435 
285 434 
286 433 
287 432 
288 430 
289 428 
290 427 
291 426 
292 425 
293 423 
294 422 
295 421 
296 420 
297 418 
298 417 
299 416 
300 415 
301 413 
302 412 
303 411 
304 410 
305 409 
306 406 
308 405 
309 404 
310 402 
311 400 
313 399 
314 398 
315 396 
316 395 
317 394 
318 393 
319 392 
320 389 
323 387 
324 386 
325 383 
328 381 
329 380 
330 379 
331 378 
332 377 
333 376 
334 374 
335 373 
337 371 
338 369 
341 366 
343 365 
345 364 
346 362 
348 361 
349 359 
351 358 
352 357 
353 356 
354 355 
355 354 
356 353 
358 352 
359 350 
361 349 
362 348 
363 347 
364 346 
365 345 
366 344 
368 343 
369 342 
370 341 
371 340 
372 339 
373 338 
374 337 
376 336 
377 335 
378 334 
379 333 
381 331 
383 330 
385 328 
386 327 
388 326 
389 325 
390 324 
391 323 
392 322 
394 321 
395 320 
396 319 
397 318 
398 317 
400 316 
401 315 
402 314 
404 312 
406 311 
407 310 
408 309 
409 308 
411 307 
412 306 
413 305 
414 304 
415 303 
417 302 
418 301 
419 300 
421 298 
423 297 
424 296 
426 295 
427 294 
428 293 
429 292 
430 291 
433 290 
434 289 
435 288 
437 287 
438 286 
439 285 
442 284 
443 283 
444 282 
446 281 
447 280 
449 279 
451 277 
453 276 
455 275 
456 274 
458 273 
459 272 
461 271 
463 270 
465 268 
467 267 
469 266 
471 265 
472 264 
473 263 
476 262 
477 261 
478 260 
481 259 
483 258 
485 257 
486 256 
487 255 
490 254 
492 252 
495 251 
497 250 
499 249 
501 248 
503 247 
505 246 
506 245 
509 244 
510 243 
512 242 
514 241 
516 240 
518 239 
520 238 
522 237 
524 236 
526 235 
528 234 
530 233 
533 232 
535 231 
537 230 
539 229 
541 228 
543 227 
545 226 
547 225 
549 224 
551 223 
553 222 
555 221 
558 220 
559 219 
561 218 
564 217 
566 216 
568 215 
570 214 
573 213 
575 212 
577 211 
579 210 
582 209 
584 208 
587 207 
589 206 
591 205 
593 204 
596 203 
598 202 
600 201 
602 200 
605 199 
607 198 
610 197 
612 196 
614 195 
617 194 
619 193 
621 192 
624 191 
627 190 
629 189 
631 188 
633 187 
636 186 
639 185 
641 184 
644 183 
646 182 
649 181 
652 180 
655 179 
658 178 
660 177 
663 176 
665 175 
668 174 
671 173 
674 172 
677 171 
680 170 
682 169 
685 168 
687 167 
690 166 
693 165 
697 164 
699 163 
703 162 
704 161 
708 160 
711 159 
715 158 
716 157 
720 156 
724 155 
729 154 
732 153 
735 152 
738 151 
742 150 
747 149 
750 148 
753 147 
756 146 
760 145 
764 144 
768 143 
772 142 
776 141 
780 140 
782 139 
787 138 
791 137 
795 136 
800 135 
802 134 
807 133 
810 132 
815 131 
819 130 
822 129 
827 128 
831 127 
836 126 
839 125 
844 124 
848 123 
853 122 
856 121 
860 120 
866 119 
870 118 
873 117 
877 116 
883 115 
888 114 
894 113 
901 112 
905 111 
911 110 
916 109 
922 108 
928 107 
934 106 
940 105 
945 104 
951 103 
957 102 
962 101 
968 100 
973 99 
979 98 
985 97 
992 96 
999 95 
1006 94 
1011 93 
1017 92 
1023 91 
1031 90 
1037 89 
1044 88 
1049 87 
1056 86 
1062 85 
1069 84 
1076 83 
1083 82 
1090 81 
1097 80 
1104 79 
1111 78 
1119 77 
1125 76 
1133 75 
1140 74 
1147 73 
1154 72 
1163 71 
1171 70 
1180 69 
1187 68 
1198 67 
1204 66 
1216 65 
1223 64 
1235 63 
1243 62 
1254 61 
1263 60 
1274 59 
1285 58 
1296 57 
1306 56 
1317 55 
1326 54 
1337 53 
1350 52 
1359 51 
1370 50 
1384 49 
1396 48 
1407 47 
1419 46 
1431 45 
1444 44 
1455 43 
1469 42 
1482 41 
1496 40 
1507 39 
1520 38 
1533 37 
1544 36 
1559 35 
1574 34 
1591 33 
1606 32 
1620 31 
1635 30 
1652 29 
1669 28 
1685 27 
1698 26 
1716 25 
1735 24 
1753 23 
1772 22 
1793 21 
1812 20 
1833 19 
1851 18 
1873 17 
1896 16 
1918 15 
1942 14 
1966 13 
1991 12 
2022 11 
2058 10 
2094 9 
2129 8 
2169 7 
2211 6 
2251 5 
2293 4 
2341 3 
2403 2 
2470 1 
