5 2444 
6 2391 
7 2339 
8 2289 
9 2246 
10 2203 
11 2161 
12 2124 
13 2087 
14 2051 
15 2014 
16 1977 
17 1948 
18 1914 
19 1889 
20 1860 
21 1826 
22 1803 
23 1781 
24 1759 
25 1739 
26 1720 
27 1702 
28 1685 
29 1668 
30 1650 
31 1636 
32 1618 
33 1607 
34 1590 
35 1576 
36 1563 
37 1549 
38 1537 
39 1523 
40 1514 
41 1501 
42 1489 
43 1480 
44 1467 
45 1454 
46 1446 
47 1433 
48 1424 
49 1413 
50 1404 
51 1394 
52 1384 
53 1375 
54 1364 
55 1355 
56 1345 
57 1335 
58 1325 
59 1316 
60 1307 
61 1296 
62 1287 
63 1279 
64 1270 
65 1260 
66 1251 
67 1242 
68 1234 
69 1226 
70 1216 
71 1207 
72 1198 
73 1190 
74 1182 
75 1174 
76 1166 
77 1157 
78 1148 
79 1139 
80 1131 
81 1123 
82 1117 
83 1108 
84 1101 
85 1095 
86 1087 
87 1079 
88 1073 
89 1065 
90 1059 
91 1052 
92 1044 
93 1036 
94 1030 
95 1024 
96 1017 
97 1009 
98 1003 
99 996 
100 990 
101 984 
102 977 
103 971 
104 964 
105 958 
106 951 
107 945 
108 940 
109 933 
110 927 
111 920 
112 915 
113 910 
114 903 
115 898 
116 893 
117 888 
118 883 
119 878 
120 873 
121 869 
122 863 
123 857 
124 852 
125 849 
126 843 
127 837 
128 832 
129 828 
130 823 
131 817 
132 814 
133 810 
134 805 
135 799 
136 797 
137 792 
138 787 
139 784 
140 779 
141 777 
142 773 
143 768 
144 764 
145 762 
146 757 
147 754 
148 751 
149 745 
150 742 
151 739 
152 736 
153 733 
154 729 
155 726 
156 724 
157 720 
158 717 
159 714 
160 711 
161 708 
162 705 
163 702 
164 699 
165 696 
166 694 
167 690 
168 687 
169 684 
170 681 
171 678 
172 676 
173 673 
174 670 
175 668 
176 665 
177 662 
178 660 
179 657 
180 655 
181 652 
182 649 
183 647 
184 644 
185 641 
186 639 
187 637 
188 635 
189 633 
190 629 
191 627 
192 625 
193 622 
194 620 
195 618 
196 615 
197 614 
198 610 
199 609 
200 606 
201 604 
202 602 
203 599 
204 597 
205 595 
206 592 
207 591 
208 587 
209 586 
210 583 
211 582 
212 579 
213 577 
214 575 
215 573 
216 572 
217 569 
218 567 
219 564 
220 563 
221 560 
222 559 
223 557 
224 554 
226 550 
227 549 
228 548 
229 546 
230 543 
231 542 
232 540 
233 538 
234 536 
235 534 
236 532 
237 531 
238 529 
239 527 
240 525 
241 524 
242 522 
243 520 
244 519 
245 517 
246 515 
247 514 
248 512 
249 510 
250 509 
251 507 
252 505 
253 504 
254 503 
255 501 
256 500 
257 498 
258 496 
259 495 
260 493 
261 491 
262 490 
263 489 
264 487 
265 485 
266 484 
267 483 
268 481 
269 479 
270 478 
271 477 
272 476 
273 474 
274 472 
275 470 
276 469 
277 468 
278 465 
280 463 
281 462 
282 461 
283 458 
285 456 
286 455 
287 454 
288 453 
289 451 
291 449 
293 446 
295 444 
296 443 
297 442 
298 441 
299 440 
300 439 
301 438 
302 437 
303 436 
304 434 
305 433 
306 432 
307 429 
309 427 
311 426 
312 424 
313 423 
314 422 
315 421 
316 420 
317 419 
318 417 
319 416 
320 415 
321 414 
322 413 
323 412 
324 411 
325 410 
326 409 
327 407 
328 406 
329 405 
330 404 
331 403 
332 402 
333 401 
334 399 
336 397 
338 396 
339 394 
340 393 
341 392 
342 391 
343 390 
344 389 
345 388 
346 387 
347 385 
349 383 
351 382 
352 381 
353 380 
354 379 
355 377 
357 375 
359 374 
360 373 
361 371 
362 370 
363 369 
364 368 
365 367 
366 366 
367 365 
368 364 
369 363 
370 362 
371 361 
372 360 
373 359 
375 357 
377 356 
378 355 
379 354 
380 353 
381 352 
382 351 
383 350 
384 349 
385 348 
386 347 
388 346 
389 345 
390 344 
391 343 
392 342 
394 340 
395 339 
397 337 
399 336 
400 335 
401 334 
403 333 
404 332 
405 331 
406 330 
407 329 
408 328 
410 327 
411 326 
412 325 
414 324 
415 323 
416 322 
417 321 
418 320 
419 319 
420 318 
421 317 
422 316 
424 315 
425 314 
426 313 
428 312 
429 311 
430 310 
432 309 
433 308 
434 307 
435 306 
437 305 
438 304 
440 303 
441 302 
442 301 
443 300 
445 298 
448 297 
449 296 
450 295 
451 294 
453 292 
455 291 
457 289 
459 288 
461 287 
462 286 
463 285 
465 284 
467 283 
468 282 
469 281 
471 280 
472 279 
474 278 
476 277 
477 276 
479 275 
480 274 
481 273 
483 272 
485 271 
486 270 
488 269 
490 268 
491 267 
493 266 
494 265 
495 264 
498 263 
499 262 
501 261 
502 260 
505 259 
506 258 
508 257 
510 256 
511 255 
513 254 
514 253 
516 252 
519 250 
521 249 
523 248 
526 247 
527 246 
529 245 
531 243 
534 242 
536 241 
537 240 
539 239 
541 238 
544 236 
547 235 
549 233 
553 232 
555 231 
556 230 
560 228 
562 227 
565 226 
567 225 
569 224 
570 223 
574 222 
576 221 
578 220 
580 219 
581 218 
583 217 
586 216 
588 215 
590 214 
591 213 
595 212 
597 211 
598 210 
601 209 
603 208 
606 207 
609 206 
610 205 
614 204 
616 203 
617 202 
620 201 
622 200 
625 199 
627 198 
630 197 
633 196 
636 195 
639 194 
642 193 
645 192 
648 191 
651 190 
653 189 
656 188 
659 187 
663 186 
666 185 
669 184 
672 183 
675 182 
678 181 
682 180 
685 179 
688 178 
691 177 
695 176 
698 175 
702 174 
705 173 
709 172 
711 171 
714 170 
717 169 
720 168 
724 167 
728 166 
731 165 
734 164 
737 163 
740 162 
743 161 
748 160 
751 159 
754 158 
760 157 
763 156 
766 155 
771 154 
774 153 
777 152 
781 151 
786 150 
789 149 
792 148 
797 147 
800 146 
804 145 
809 144 
812 143 
815 142 
820 141 
825 140 
828 139 
833 138 
837 137 
842 136 
846 135 
850 134 
855 133 
860 132 
864 131 
868 130 
873 129 
878 128 
881 127 
887 126 
892 125 
895 124 
901 123 
906 122 
911 121 
917 120 
923 119 
928 118 
934 117 
940 116 
947 115 
952 114 
958 113 
964 112 
969 111 
975 110 
982 109 
987 108 
993 107 
999 106 
1006 105 
1013 104 
1019 103 
1024 102 
1030 101 
1037 100 
1045 99 
1051 98 
1057 97 
1063 96 
1071 95 
1077 94 
1084 93 
1091 92 
1097 91 
1104 90 
1112 89 
1118 88 
1126 87 
1134 86 
1140 85 
1148 84 
1154 83 
1162 82 
1168 81 
1176 80 
1185 79 
1192 78 
1200 77 
1208 76 
1216 75 
1223 74 
1231 73 
1240 72 
1248 71 
1256 70 
1264 69 
1274 68 
1283 67 
1294 66 
1302 65 
1311 64 
1319 63 
1327 62 
1339 61 
1350 60 
1358 59 
1371 58 
1380 57 
1391 56 
1404 55 
1413 54 
1426 53 
1437 52 
1450 51 
1461 50 
1474 49 
1485 48 
1498 47 
1510 46 
1521 45 
1540 44 
1554 43 
1571 42 
1582 41 
1604 40 
1620 39 
1635 38 
1652 37 
1667 36 
1685 35 
1701 34 
1720 33 
1737 32 
1752 31 
1770 30 
1786 29 
1807 28 
1825 27 
1848 26 
1867 25 
1892 24 
1911 23 
1933 22 
1962 21 
1986 20 
2010 19 
2038 18 
2068 17 
2092 16 
2122 15 
2153 14 
2182 13 
2212 12 
2243 11 
2275 10 
2312 9 
2352 8 
2398 7 
2445 6 
2493 5 
