31 7730 
32 7492 
33 7351 
34 7223 
35 7098 
36 6990 
37 6882 
38 6772 
39 6671 
40 6574 
41 6497 
42 6417 
43 6340 
44 6267 
45 6210 
46 6140 
47 6089 
48 6035 
49 5979 
50 5922 
51 5868 
52 5822 
53 5757 
54 5710 
55 5664 
56 5618 
57 5583 
58 5532 
59 5504 
60 5463 
61 5421 
62 5382 
63 5347 
64 5311 
65 5270 
66 5218 
67 5190 
68 5159 
69 5115 
70 5068 
71 5041 
72 5005 
73 4956 
74 4934 
75 4887 
76 4854 
77 4824 
78 4803 
79 4763 
80 4741 
81 4694 
82 4661 
83 4631 
84 4610 
85 4588 
86 4558 
87 4528 
88 4498 
89 4476 
90 4451 
91 4425 
92 4403 
93 4378 
94 4356 
95 4333 
96 4309 
97 4286 
98 4262 
99 4240 
100 4222 
101 4199 
102 4175 
103 4153 
104 4131 
105 4107 
106 4085 
107 4065 
108 4043 
109 4028 
110 4013 
111 3997 
112 3979 
113 3958 
114 3939 
115 3921 
116 3900 
117 3888 
118 3868 
119 3852 
120 3840 
121 3820 
122 3803 
123 3781 
124 3765 
125 3751 
126 3735 
127 3723 
128 3706 
129 3690 
130 3675 
131 3656 
132 3640 
133 3623 
134 3607 
135 3595 
136 3579 
137 3564 
138 3548 
139 3533 
140 3516 
141 3500 
142 3486 
143 3470 
144 3455 
145 3437 
146 3421 
147 3411 
148 3392 
149 3376 
150 3366 
151 3350 
152 3334 
153 3318 
154 3308 
155 3289 
156 3273 
157 3263 
158 3247 
159 3239 
160 3223 
161 3211 
162 3197 
163 3182 
164 3170 
165 3153 
166 3144 
167 3127 
168 3119 
169 3106 
170 3094 
171 3078 
172 3068 
173 3052 
174 3045 
175 3030 
176 3020 
177 3004 
178 2994 
179 2980 
180 2968 
181 2955 
182 2943 
183 2929 
184 2921 
185 2909 
186 2901 
187 2884 
188 2875 
189 2860 
190 2850 
191 2834 
192 2829 
193 2814 
194 2806 
195 2792 
196 2780 
197 2772 
198 2761 
199 2751 
200 2742 
201 2730 
202 2718 
203 2711 
204 2697 
205 2687 
206 2675 
207 2667 
208 2655 
209 2649 
210 2637 
211 2627 
212 2618 
213 2607 
214 2600 
215 2590 
216 2579 
217 2569 
218 2563 
219 2552 
220 2541 
221 2537 
222 2525 
223 2516 
224 2512 
225 2500 
226 2492 
227 2485 
228 2473 
229 2469 
230 2457 
231 2448 
232 2444 
233 2432 
234 2424 
235 2420 
236 2407 
237 2397 
238 2395 
239 2382 
240 2372 
241 2367 
242 2360 
243 2348 
244 2342 
245 2337 
246 2326 
247 2317 
248 2315 
249 2304 
250 2295 
251 2291 
252 2284 
253 2273 
254 2266 
255 2261 
256 2248 
257 2241 
258 2237 
259 2226 
260 2219 
261 2216 
262 2208 
263 2199 
264 2194 
265 2186 
266 2181 
267 2177 
268 2166 
269 2161 
270 2157 
271 2147 
272 2142 
273 2138 
274 2129 
275 2124 
276 2119 
277 2112 
278 2102 
279 2100 
280 2092 
281 2086 
282 2082 
283 2070 
284 2069 
285 2060 
286 2054 
287 2050 
288 2045 
289 2037 
290 2028 
291 2024 
292 2021 
293 2015 
294 2011 
295 2003 
296 1995 
297 1990 
298 1988 
299 1982 
300 1974 
301 1970 
302 1963 
303 1957 
304 1954 
305 1949 
306 1941 
307 1937 
308 1931 
309 1927 
310 1922 
311 1916 
312 1911 
313 1905 
314 1898 
315 1894 
316 1891 
317 1885 
318 1879 
319 1873 
320 1869 
321 1864 
322 1858 
323 1854 
324 1848 
325 1843 
326 1837 
327 1830 
328 1828 
329 1821 
330 1818 
331 1813 
332 1805 
333 1802 
334 1796 
335 1790 
336 1789 
337 1781 
338 1776 
339 1771 
340 1768 
341 1761 
342 1754 
344 1745 
345 1743 
346 1736 
347 1731 
348 1725 
349 1722 
350 1717 
351 1708 
353 1703 
354 1698 
355 1694 
356 1687 
357 1681 
359 1672 
360 1670 
361 1665 
362 1660 
363 1656 
364 1651 
365 1648 
366 1644 
367 1640 
368 1635 
369 1632 
370 1627 
371 1623 
372 1620 
373 1614 
374 1611 
375 1606 
376 1604 
377 1599 
378 1594 
379 1590 
380 1584 
382 1575 
384 1569 
385 1566 
386 1563 
387 1559 
388 1554 
389 1552 
390 1546 
391 1543 
392 1542 
393 1538 
394 1534 
395 1530 
396 1526 
397 1525 
398 1516 
399 1515 
400 1510 
401 1507 
402 1504 
403 1502 
404 1496 
405 1493 
406 1487 
407 1484 
408 1483 
409 1480 
410 1475 
411 1472 
412 1471 
413 1464 
414 1460 
415 1457 
417 1452 
418 1448 
419 1445 
420 1444 
421 1437 
422 1434 
424 1432 
425 1425 
426 1422 
428 1420 
429 1412 
431 1411 
432 1408 
433 1400 
435 1399 
436 1396 
437 1390 
438 1389 
440 1385 
441 1382 
442 1378 
443 1377 
444 1376 
445 1372 
446 1370 
447 1365 
449 1361 
450 1360 
451 1354 
452 1353 
453 1351 
454 1349 
455 1344 
456 1343 
457 1341 
458 1339 
459 1336 
460 1333 
461 1331 
462 1330 
463 1326 
464 1324 
465 1321 
467 1315 
468 1314 
469 1312 
470 1310 
471 1305 
472 1304 
473 1301 
474 1300 
475 1297 
476 1294 
477 1291 
478 1289 
479 1287 
480 1285 
481 1282 
482 1279 
484 1275 
485 1273 
486 1271 
487 1268 
489 1262 
491 1259 
492 1257 
493 1252 
494 1250 
495 1249 
496 1247 
497 1245 
498 1240 
500 1238 
501 1235 
502 1233 
503 1229 
504 1228 
505 1225 
506 1224 
507 1221 
509 1217 
510 1214 
511 1213 
512 1210 
513 1209 
514 1206 
515 1204 
516 1202 
517 1201 
518 1197 
519 1194 
520 1193 
521 1192 
522 1191 
523 1185 
524 1183 
526 1181 
527 1179 
528 1174 
530 1173 
531 1171 
532 1167 
533 1164 
535 1162 
536 1160 
537 1157 
538 1156 
539 1155 
540 1153 
541 1150 
542 1148 
543 1146 
545 1142 
546 1139 
547 1138 
548 1136 
549 1135 
550 1133 
551 1129 
552 1127 
554 1125 
555 1123 
556 1121 
557 1117 
558 1116 
559 1114 
560 1113 
561 1111 
562 1109 
563 1107 
564 1106 
565 1103 
566 1101 
567 1100 
568 1098 
569 1095 
570 1094 
571 1092 
572 1090 
573 1088 
574 1086 
575 1084 
576 1081 
577 1079 
578 1078 
579 1076 
580 1074 
581 1072 
582 1069 
583 1067 
585 1065 
586 1063 
587 1062 
588 1060 
589 1058 
590 1056 
591 1054 
592 1053 
593 1051 
594 1050 
595 1047 
596 1045 
598 1041 
599 1039 
601 1037 
603 1033 
604 1032 
606 1029 
607 1027 
608 1026 
609 1024 
610 1022 
611 1020 
613 1017 
614 1015 
615 1014 
616 1011 
617 1009 
619 1005 
621 1003 
622 1001 
624 999 
625 997 
626 996 
627 993 
628 992 
629 990 
630 989 
631 988 
632 987 
633 984 
634 981 
636 980 
637 975 
640 971 
642 969 
643 967 
644 966 
645 964 
646 963 
647 961 
648 960 
649 958 
650 957 
651 955 
652 953 
653 951 
655 947 
658 944 
660 941 
661 939 
662 936 
664 935 
665 932 
667 930 
668 928 
669 927 
670 925 
672 922 
674 919 
676 916 
678 912 
680 908 
683 907 
684 905 
686 900 
687 899 
689 896 
690 894 
692 893 
694 888 
696 887 
697 885 
699 884 
700 882 
701 879 
703 876 
706 874 
707 873 
708 871 
709 869 
710 867 
711 865 
712 862 
715 861 
716 860 
717 858 
718 856 
719 853 
722 852 
723 851 
724 850 
725 848 
727 846 
729 844 
730 842 
732 841 
733 840 
734 839 
735 837 
736 835 
737 834 
739 833 
740 832 
741 831 
742 828 
744 826 
745 825 
746 824 
747 823 
748 822 
749 820 
750 819 
751 816 
755 813 
756 812 
757 810 
758 807 
762 805 
763 804 
764 802 
767 800 
768 798 
771 797 
772 794 
774 791 
775 789 
778 787 
780 785 
782 784 
783 782 
785 781 
786 780 
788 778 
789 775 
791 774 
792 773 
795 772 
796 770 
797 769 
799 767 
801 766 
802 765 
803 764 
805 763 
806 759 
808 758 
811 756 
813 755 
814 754 
816 751 
818 750 
819 749 
821 748 
822 747 
824 746 
825 744 
826 742 
828 740 
830 739 
832 738 
833 737 
835 736 
836 733 
838 732 
839 731 
841 729 
843 728 
844 727 
845 725 
847 724 
849 723 
850 720 
852 719 
853 718 
855 716 
857 715 
858 714 
860 713 
861 711 
862 709 
864 708 
867 707 
868 706 
870 705 
871 703 
873 702 
875 700 
876 699 
877 698 
879 697 
881 696 
883 693 
885 692 
886 691 
888 689 
890 687 
892 685 
893 684 
895 683 
897 682 
899 680 
900 679 
902 678 
904 677 
905 676 
907 675 
908 674 
910 673 
911 672 
913 670 
915 669 
916 667 
918 666 
920 663 
922 662 
924 661 
927 658 
929 657 
931 656 
933 655 
937 653 
938 652 
939 651 
940 650 
942 649 
944 648 
946 647 
947 645 
949 644 
951 642 
953 641 
954 640 
956 639 
960 637 
962 636 
964 635 
965 634 
967 633 
969 632 
970 631 
972 630 
973 629 
975 628 
977 627 
979 626 
980 624 
982 623 
984 622 
986 621 
987 620 
989 619 
991 618 
993 617 
995 616 
997 615 
998 614 
1000 613 
1002 612 
1004 611 
1006 610 
1008 608 
1009 607 
1011 606 
1015 605 
1016 604 
1018 603 
1019 602 
1020 601 
1021 600 
1023 599 
1026 598 
1027 597 
1029 596 
1031 595 
1032 594 
1034 593 
1037 592 
1038 591 
1040 590 
1043 589 
1045 588 
1047 587 
1049 586 
1051 585 
1053 584 
1055 583 
1057 582 
1059 581 
1061 580 
1062 579 
1064 578 
1067 577 
1068 576 
1070 575 
1073 574 
1076 573 
1077 572 
1079 571 
1081 570 
1083 569 
1085 568 
1087 567 
1090 566 
1092 565 
1094 564 
1096 563 
1097 562 
1099 561 
1102 560 
1103 559 
1105 558 
1108 557 
1110 556 
1112 555 
1114 554 
1116 553 
1118 552 
1121 551 
1122 550 
1124 549 
1127 548 
1129 547 
1130 546 
1132 545 
1135 544 
1136 543 
1138 542 
1141 541 
1142 540 
1144 539 
1147 538 
1149 537 
1151 536 
1153 535 
1155 534 
1158 533 
1160 532 
1162 531 
1164 530 
1167 529 
1169 528 
1171 527 
1173 526 
1175 525 
1178 524 
1179 523 
1181 522 
1184 521 
1185 520 
1188 519 
1190 518 
1191 517 
1194 516 
1197 515 
1199 514 
1200 513 
1203 512 
1206 511 
1208 510 
1209 509 
1213 508 
1214 507 
1217 506 
1219 505 
1220 504 
1223 503 
1226 502 
1228 501 
1229 500 
1232 499 
1236 498 
1237 497 
1239 496 
1242 495 
1243 494 
1246 493 
1249 492 
1251 491 
1252 490 
1256 489 
1257 488 
1260 487 
1263 486 
1265 485 
1266 484 
1269 483 
1272 482 
1275 481 
1276 480 
1279 479 
1283 478 
1284 477 
1288 476 
1289 475 
1293 474 
1296 473 
1297 472 
1301 471 
1304 470 
1306 469 
1309 468 
1312 467 
1314 466 
1317 465 
1321 464 
1323 463 
1325 462 
1328 461 
1331 460 
1334 459 
1336 458 
1340 457 
1342 456 
1345 455 
1348 454 
1351 453 
1353 452 
1356 451 
1359 450 
1362 449 
1364 448 
1369 447 
1370 446 
1374 445 
1375 444 
1380 443 
1382 442 
1384 441 
1387 440 
1392 439 
1394 438 
1395 437 
1400 436 
1404 435 
1406 434 
1407 433 
1412 432 
1416 431 
1417 430 
1422 429 
1426 428 
1427 427 
1429 426 
1434 425 
1438 424 
1439 423 
1444 422 
1447 421 
1450 420 
1452 419 
1455 418 
1460 417 
1462 416 
1466 415 
1467 414 
1472 413 
1476 412 
1478 411 
1480 410 
1487 409 
1489 408 
1490 407 
1495 406 
1499 405 
1501 404 
1503 403 
1507 402 
1512 401 
1514 400 
1518 399 
1521 398 
1525 397 
1530 396 
1531 395 
1535 394 
1539 393 
1542 392 
1544 391 
1551 390 
1553 389 
1558 388 
1561 387 
1566 386 
1568 385 
1570 384 
1577 383 
1579 382 
1583 381 
1587 380 
1592 379 
1595 378 
1597 377 
1603 376 
1608 375 
1609 374 
1613 373 
1619 372 
1622 371 
1623 370 
1629 369 
1635 367 
1639 366 
1645 365 
1649 364 
1653 363 
1656 362 
1661 361 
1666 360 
1672 359 
1676 358 
1681 357 
1686 356 
1689 355 
1694 354 
1698 353 
1703 352 
1708 351 
1714 350 
1719 349 
1723 348 
1728 347 
1731 346 
1736 345 
1741 344 
1748 343 
1751 342 
1758 341 
1763 340 
1768 339 
1773 338 
1776 337 
1782 336 
1785 335 
1792 334 
1796 333 
1801 332 
1807 331 
1812 330 
1817 329 
1824 328 
1826 327 
1833 326 
1834 325 
1842 324 
1847 323 
1851 322 
1856 321 
1864 320 
1866 319 
1874 318 
1879 317 
1883 316 
1888 315 
1894 314 
1898 313 
1903 312 
1910 311 
1913 310 
1919 309 
1925 308 
1930 307 
1935 306 
1940 305 
1944 304 
1951 303 
1952 302 
1960 301 
1965 300 
1969 299 
1974 298 
1982 297 
1984 296 
1992 295 
1997 294 
2001 293 
2006 292 
2014 291 
2018 290 
2023 289 
2030 288 
2031 287 
2039 286 
2047 285 
2052 284 
2058 283 
2062 282 
2063 281 
2071 280 
2082 279 
2085 278 
2092 277 
2098 276 
2099 275 
2107 274 
2118 273 
2121 272 
2128 271 
2137 270 
2142 269 
2150 268 
2156 267 
2162 266 
2171 265 
2179 264 
2183 263 
2194 262 
2199 261 
2205 260 
2213 259 
2218 258 
2226 257 
2235 256 
2243 255 
2248 254 
2256 253 
2261 252 
2268 251 
2278 250 
2285 249 
2291 248 
2301 247 
2308 246 
2311 245 
2321 244 
2331 243 
2337 242 
2345 241 
2351 240 
2362 239 
2370 238 
2376 237 
2380 236 
2390 235 
2397 234 
2407 233 
2414 232 
2424 231 
2434 230 
2440 229 
2450 228 
2461 227 
2470 226 
2477 225 
2487 224 
2497 223 
2507 222 
2512 221 
2522 220 
2533 219 
2544 218 
2551 217 
2560 216 
2570 215 
2581 214 
2586 213 
2596 212 
2607 211 
2617 210 
2628 209 
2634 208 
2644 207 
2656 206 
2665 205 
2675 204 
2681 203 
2691 202 
2704 201 
2715 200 
2725 199 
2738 198 
2748 197 
2760 196 
2771 195 
2781 194 
2785 193 
2795 192 
2808 191 
2819 190 
2829 189 
2842 188 
2852 187 
2865 186 
2875 185 
2886 184 
2897 183 
2909 182 
2920 181 
2930 180 
2943 179 
2953 178 
2964 177 
2977 176 
2987 175 
2997 174 
3011 173 
3021 172 
3031 171 
3044 170 
3057 169 
3066 168 
3079 167 
3093 166 
3106 165 
3120 164 
3134 163 
3147 162 
3163 161 
3173 160 
3186 159 
3199 158 
3212 157 
3225 156 
3239 155 
3252 154 
3268 153 
3283 152 
3296 151 
3310 150 
3323 149 
3336 148 
3349 147 
3363 146 
3376 145 
3394 144 
3407 143 
3425 142 
3442 141 
3456 140 
3473 139 
3485 138 
3503 137 
3519 136 
3535 135 
3552 134 
3565 133 
3579 132 
3601 131 
3615 130 
3631 129 
3649 128 
3666 127 
3681 126 
3704 125 
3718 124 
3741 123 
3758 122 
3778 121 
3794 120 
3807 119 
3833 118 
3843 117 
3869 116 
3892 115 
3904 114 
3920 113 
3948 112 
3969 111 
3995 110 
4016 109 
4044 108 
4074 107 
4096 106 
4116 105 
4144 104 
4174 103 
4195 102 
4223 101 
4253 100 
4284 99 
4314 98 
4346 97 
4374 96 
4402 95 
4430 94 
4464 93 
4498 92 
4530 91 
4558 90 
4586 89 
4620 88 
4658 87 
4692 86 
4726 85 
4757 84 
4791 83 
4829 82 
4863 81 
4908 80 
4946 79 
4991 78 
5039 77 
5077 76 
5120 75 
5163 74 
5203 73 
5248 72 
5298 71 
5341 70 
5388 69 
5446 68 
5501 67 
5555 66 
5618 65 
5668 64 
5731 63 
5806 62 
5878 61 
5953 60 
6032 59 
6103 58 
6189 57 
6267 56 
6345 55 
6432 54 
6521 53 
6608 52 
6717 51 
6833 50 
6960 49 
7149 48 
7445 47 
