42 7269 
43 6878 
44 6747 
45 6586 
46 6478 
47 6372 
48 6290 
49 6209 
50 6136 
51 6070 
52 6013 
53 5950 
54 5878 
55 5823 
56 5766 
57 5722 
58 5668 
59 5623 
60 5570 
61 5525 
62 5485 
63 5430 
64 5393 
65 5350 
66 5301 
67 5261 
68 5222 
69 5182 
70 5143 
71 5105 
72 5065 
73 5031 
74 4990 
75 4962 
76 4924 
77 4888 
78 4857 
79 4819 
80 4795 
81 4764 
82 4727 
83 4703 
84 4670 
85 4638 
86 4615 
87 4578 
88 4548 
89 4523 
90 4493 
91 4467 
92 4442 
93 4418 
94 4388 
95 4363 
96 4340 
97 4316 
98 4289 
99 4261 
100 4242 
101 4214 
102 4199 
103 4173 
104 4157 
105 4126 
106 4111 
107 4089 
108 4069 
109 4046 
110 4031 
111 4010 
112 3986 
113 3967 
114 3951 
115 3930 
116 3906 
117 3887 
118 3873 
119 3858 
120 3831 
121 3817 
122 3800 
123 3783 
124 3761 
125 3740 
126 3726 
127 3710 
128 3692 
129 3673 
130 3659 
131 3643 
132 3625 
133 3606 
134 3592 
135 3576 
136 3560 
137 3539 
138 3525 
139 3513 
140 3495 
141 3483 
142 3469 
143 3454 
144 3442 
145 3428 
146 3415 
147 3403 
148 3389 
149 3377 
150 3362 
151 3348 
152 3336 
153 3321 
154 3309 
155 3297 
156 3285 
157 3270 
158 3258 
159 3242 
160 3232 
161 3218 
162 3206 
163 3194 
164 3175 
165 3163 
166 3151 
167 3139 
168 3127 
169 3117 
170 3103 
171 3093 
172 3082 
173 3070 
174 3058 
175 3046 
176 3036 
177 3024 
178 3014 
179 3001 
180 2991 
181 2979 
182 2967 
183 2957 
184 2947 
185 2934 
186 2924 
187 2912 
188 2901 
189 2890 
190 2880 
191 2869 
192 2857 
193 2846 
194 2835 
195 2825 
196 2816 
197 2805 
198 2791 
199 2781 
200 2774 
201 2762 
202 2752 
203 2739 
204 2734 
205 2725 
206 2710 
207 2706 
208 2696 
209 2688 
210 2676 
211 2669 
212 2663 
213 2651 
214 2643 
215 2635 
216 2627 
217 2618 
218 2613 
219 2602 
220 2593 
221 2585 
222 2579 
223 2568 
224 2562 
225 2551 
226 2544 
227 2536 
228 2528 
229 2518 
230 2512 
231 2502 
232 2495 
233 2487 
234 2479 
235 2471 
236 2460 
237 2455 
238 2448 
239 2440 
240 2426 
241 2421 
242 2415 
243 2409 
244 2402 
245 2392 
246 2383 
247 2378 
248 2372 
249 2361 
250 2356 
251 2346 
252 2339 
253 2334 
254 2328 
255 2318 
256 2312 
257 2303 
258 2296 
259 2291 
260 2281 
261 2276 
262 2269 
263 2259 
264 2254 
265 2248 
266 2240 
267 2234 
268 2228 
269 2219 
270 2214 
271 2207 
272 2200 
273 2194 
274 2187 
275 2182 
276 2173 
277 2163 
278 2158 
279 2153 
280 2144 
281 2139 
282 2133 
283 2127 
284 2122 
285 2114 
286 2109 
287 2105 
288 2097 
289 2092 
290 2088 
291 2080 
292 2075 
293 2069 
294 2063 
295 2058 
296 2054 
297 2047 
298 2042 
299 2036 
300 2031 
301 2026 
302 2021 
303 2015 
304 2010 
305 2004 
306 1999 
307 1996 
308 1989 
309 1983 
310 1978 
311 1974 
312 1969 
313 1964 
314 1958 
315 1953 
316 1948 
317 1944 
318 1938 
319 1932 
320 1927 
321 1924 
322 1919 
323 1915 
324 1909 
325 1904 
326 1898 
327 1895 
328 1889 
329 1885 
330 1879 
331 1876 
332 1873 
333 1867 
334 1864 
335 1858 
336 1854 
337 1848 
338 1844 
339 1841 
340 1836 
341 1832 
342 1828 
343 1823 
344 1820 
345 1815 
346 1811 
347 1807 
348 1803 
349 1798 
350 1792 
351 1788 
352 1785 
353 1782 
354 1777 
355 1773 
356 1770 
357 1765 
358 1759 
359 1757 
360 1751 
361 1747 
362 1743 
363 1741 
364 1738 
365 1731 
366 1728 
367 1724 
368 1721 
369 1719 
370 1713 
371 1710 
372 1702 
373 1699 
374 1698 
375 1694 
376 1691 
377 1684 
378 1681 
380 1676 
381 1673 
382 1669 
383 1666 
384 1663 
385 1660 
386 1657 
387 1653 
388 1650 
389 1648 
390 1644 
391 1641 
392 1638 
393 1633 
394 1630 
395 1628 
396 1625 
397 1622 
398 1618 
399 1615 
400 1611 
401 1608 
402 1606 
403 1602 
404 1599 
405 1596 
406 1593 
407 1590 
408 1587 
409 1584 
410 1580 
411 1577 
412 1575 
413 1572 
414 1568 
415 1565 
416 1562 
417 1559 
418 1557 
419 1553 
420 1550 
421 1546 
422 1543 
423 1541 
424 1538 
425 1534 
426 1531 
427 1529 
428 1525 
429 1522 
430 1520 
431 1517 
432 1515 
433 1512 
434 1508 
435 1505 
436 1503 
437 1499 
438 1496 
439 1493 
440 1490 
441 1487 
442 1483 
443 1480 
444 1477 
445 1474 
446 1472 
447 1469 
448 1466 
449 1462 
450 1459 
451 1456 
452 1453 
454 1451 
455 1446 
456 1443 
457 1442 
458 1438 
459 1435 
460 1433 
462 1430 
463 1426 
464 1423 
465 1421 
466 1418 
467 1415 
468 1414 
469 1410 
470 1408 
471 1406 
472 1401 
474 1398 
475 1395 
476 1393 
477 1390 
478 1387 
479 1384 
480 1381 
481 1379 
482 1378 
483 1375 
484 1372 
485 1371 
486 1367 
487 1364 
488 1362 
489 1359 
490 1358 
491 1355 
492 1352 
493 1349 
494 1348 
495 1345 
496 1342 
497 1341 
498 1338 
499 1335 
500 1332 
501 1329 
502 1328 
503 1326 
504 1323 
505 1321 
506 1319 
507 1315 
508 1312 
509 1311 
510 1309 
511 1306 
512 1305 
513 1302 
514 1299 
515 1297 
516 1294 
517 1291 
518 1289 
519 1288 
520 1286 
521 1283 
522 1281 
523 1277 
524 1274 
526 1271 
527 1268 
528 1267 
529 1264 
530 1262 
531 1260 
532 1256 
534 1254 
535 1251 
536 1249 
537 1246 
538 1243 
539 1241 
540 1239 
541 1238 
542 1235 
543 1233 
544 1229 
545 1226 
547 1223 
548 1220 
550 1216 
551 1214 
552 1212 
553 1208 
555 1207 
556 1205 
557 1201 
559 1197 
560 1196 
561 1194 
562 1192 
563 1190 
564 1188 
565 1186 
566 1184 
567 1181 
568 1179 
569 1177 
570 1175 
571 1174 
572 1171 
573 1168 
574 1167 
576 1164 
577 1161 
578 1160 
579 1159 
580 1158 
581 1156 
582 1154 
583 1151 
584 1150 
585 1147 
586 1145 
588 1143 
589 1140 
590 1139 
591 1138 
592 1135 
593 1133 
594 1132 
595 1130 
596 1128 
597 1126 
598 1124 
599 1123 
600 1122 
601 1119 
602 1117 
603 1116 
604 1114 
605 1112 
606 1110 
607 1109 
608 1107 
609 1106 
610 1104 
611 1102 
612 1100 
613 1098 
614 1096 
615 1094 
616 1093 
617 1092 
618 1090 
619 1089 
620 1087 
621 1086 
622 1084 
623 1082 
624 1079 
625 1078 
626 1077 
627 1075 
629 1071 
630 1070 
631 1069 
632 1067 
633 1066 
634 1063 
635 1062 
636 1061 
637 1060 
638 1057 
639 1055 
640 1054 
641 1052 
642 1051 
643 1050 
644 1048 
645 1045 
647 1041 
648 1040 
649 1039 
650 1038 
651 1037 
652 1035 
653 1033 
654 1031 
655 1029 
656 1028 
657 1024 
659 1022 
661 1020 
662 1019 
663 1016 
664 1014 
665 1013 
666 1012 
667 1010 
669 1008 
670 1006 
671 1004 
673 1001 
674 1000 
675 999 
676 997 
677 996 
678 995 
679 993 
680 991 
681 990 
682 989 
683 987 
684 984 
686 982 
687 981 
688 979 
689 978 
690 977 
691 974 
692 973 
693 972 
694 971 
695 969 
696 968 
697 966 
698 964 
699 962 
701 960 
702 959 
703 957 
705 955 
706 952 
708 950 
709 949 
710 947 
711 946 
712 944 
713 942 
715 940 
716 938 
717 937 
718 935 
719 933 
721 931 
722 930 
723 928 
724 927 
725 926 
726 925 
727 922 
728 921 
729 919 
731 917 
732 915 
733 914 
734 911 
736 910 
737 908 
739 906 
740 905 
741 903 
742 902 
743 900 
744 899 
745 897 
746 896 
747 894 
749 892 
750 891 
751 890 
752 887 
754 885 
755 884 
756 883 
757 881 
758 879 
760 876 
762 873 
764 871 
765 869 
766 868 
767 865 
770 864 
771 862 
772 860 
774 857 
776 854 
778 851 
780 850 
781 849 
782 848 
783 846 
785 844 
786 843 
788 841 
789 839 
790 838 
791 836 
793 834 
794 833 
795 832 
796 831 
797 830 
798 829 
799 828 
800 827 
801 826 
802 825 
803 824 
804 822 
805 821 
806 819 
808 817 
810 816 
811 814 
812 813 
813 812 
814 810 
816 808 
818 805 
820 803 
822 801 
824 800 
825 798 
827 795 
829 793 
830 792 
832 790 
833 789 
835 788 
836 786 
838 784 
839 783 
840 781 
843 778 
846 776 
847 775 
848 772 
851 771 
852 770 
853 768 
854 767 
856 766 
857 765 
858 763 
860 762 
861 760 
863 758 
864 757 
865 755 
868 753 
870 752 
871 750 
872 749 
873 748 
875 747 
876 746 
877 744 
878 742 
881 741 
882 740 
884 738 
886 736 
887 734 
890 732 
893 729 
895 727 
896 726 
899 724 
900 722 
903 720 
905 719 
906 717 
908 716 
909 714 
910 713 
912 712 
914 711 
915 709 
916 708 
918 707 
919 704 
922 703 
924 702 
925 701 
926 700 
927 699 
928 698 
929 697 
930 696 
931 695 
932 694 
934 692 
935 691 
936 690 
938 688 
940 687 
941 685 
943 684 
945 683 
946 681 
947 680 
949 678 
951 677 
952 676 
953 675 
956 671 
959 670 
960 669 
962 667 
964 666 
965 664 
967 663 
968 662 
969 660 
972 659 
973 658 
974 657 
975 656 
976 654 
979 653 
981 651 
982 650 
984 649 
985 648 
987 647 
988 645 
990 643 
992 642 
994 641 
995 640 
996 639 
998 637 
999 636 
1000 635 
1001 634 
1002 633 
1005 632 
1006 631 
1007 630 
1008 628 
1010 626 
1013 625 
1014 624 
1016 623 
1018 621 
1021 620 
1022 619 
1023 617 
1026 615 
1027 614 
1030 612 
1033 611 
1034 610 
1036 609 
1038 607 
1041 605 
1043 604 
1044 603 
1045 602 
1046 601 
1048 600 
1050 598 
1053 597 
1054 595 
1056 594 
1058 592 
1060 591 
1064 589 
1067 588 
1068 586 
1071 585 
1073 583 
1074 582 
1078 579 
1083 578 
1084 577 
1086 576 
1088 574 
1089 573 
1093 570 
1098 568 
1100 567 
1102 565 
1106 562 
1112 561 
1113 559 
1114 558 
1118 555 
1124 554 
1125 553 
1126 552 
1127 550 
1130 549 
1131 547 
1136 546 
1138 544 
1143 541 
1146 540 
1148 539 
1151 538 
1153 537 
1155 536 
1157 535 
1158 534 
1160 533 
1164 532 
1165 530 
1168 529 
1169 527 
1174 526 
1176 525 
1177 524 
1180 523 
1181 522 
1183 521 
1184 520 
1187 519 
1191 518 
1192 516 
1196 514 
1200 513 
1203 512 
1204 511 
1207 510 
1208 509 
1209 507 
1214 506 
1216 505 
1218 504 
1220 503 
1221 502 
1224 501 
1227 500 
1229 498 
1234 497 
1236 496 
1237 495 
1239 494 
1240 493 
1241 492 
1246 491 
1247 490 
1250 489 
1251 488 
1253 487 
1255 486 
1259 485 
1261 484 
1263 483 
1266 481 
1270 480 
1271 479 
1273 478 
1276 477 
1279 475 
1283 473 
1284 472 
1289 471 
1292 469 
1297 468 
1298 467 
1301 466 
1302 465 
1305 464 
1308 463 
1310 462 
1311 461 
1315 459 
1316 458 
1321 457 
1324 455 
1329 454 
1332 453 
1333 452 
1334 451 
1337 450 
1341 449 
1342 448 
1346 447 
1351 445 
1353 444 
1358 442 
1362 441 
1363 440 
1367 439 
1371 437 
1375 436 
1377 435 
1381 434 
1384 432 
1390 431 
1391 430 
1394 429 
1398 428 
1400 427 
1403 426 
1404 425 
1409 424 
1411 423 
1413 422 
1418 421 
1421 420 
1422 419 
1424 418 
1428 417 
1431 416 
1435 415 
1437 414 
1439 413 
1444 411 
1449 410 
1451 409 
1455 408 
1458 407 
1460 406 
1463 405 
1464 404 
1469 403 
1471 402 
1473 401 
1478 400 
1481 399 
1482 398 
1484 397 
1488 396 
1493 395 
1495 394 
1498 393 
1499 392 
1504 391 
1508 390 
1509 389 
1513 388 
1515 387 
1519 386 
1521 385 
1525 384 
1529 383 
1530 382 
1532 381 
1538 380 
1540 379 
1544 378 
1546 377 
1547 376 
1552 375 
1556 374 
1557 373 
1562 372 
1566 371 
1569 369 
1574 368 
1578 367 
1583 366 
1589 364 
1594 363 
1598 362 
1599 361 
1605 360 
1610 359 
1613 357 
1618 356 
1623 355 
1628 354 
1633 352 
1638 351 
1644 350 
1645 349 
1650 348 
1656 347 
1662 346 
1665 344 
1670 343 
1676 342 
1683 341 
1688 340 
1690 339 
1695 338 
1700 337 
1705 336 
1708 335 
1710 334 
1715 333 
1720 332 
1726 331 
1728 330 
1735 329 
1740 328 
1742 327 
1749 325 
1756 324 
1763 323 
1766 322 
1769 320 
1776 319 
1785 318 
1787 317 
1792 316 
1794 315 
1799 314 
1806 313 
1812 312 
1814 310 
1819 309 
1826 308 
1835 307 
1842 306 
1847 305 
1848 304 
1853 302 
1860 301 
1870 300 
1877 299 
1882 298 
1886 297 
1892 296 
1897 295 
1904 294 
1906 293 
1913 292 
1923 291 
1929 290 
1935 289 
1941 288 
1948 287 
1952 286 
1959 285 
1964 284 
1971 283 
1981 282 
1987 281 
1993 280 
2000 279 
2007 278 
2014 277 
2019 276 
2026 275 
2036 273 
2043 272 
2052 271 
2060 270 
2063 269 
2070 268 
2078 267 
2086 266 
2092 265 
2098 264 
2103 263 
2110 262 
2117 261 
2121 260 
2128 259 
2137 258 
2144 257 
2150 256 
2157 255 
2164 254 
2171 253 
2179 252 
2187 251 
2195 250 
2204 249 
2210 248 
2217 247 
2227 246 
2234 245 
2239 244 
2246 243 
2255 242 
2262 241 
2268 240 
2275 239 
2283 238 
2293 237 
2302 236 
2308 235 
2315 234 
2323 233 
2333 232 
2342 231 
2351 230 
2357 229 
2364 228 
2371 227 
2379 226 
2389 225 
2398 224 
2408 223 
2421 222 
2427 221 
2436 220 
2446 219 
2455 218 
2465 217 
2476 216 
2486 215 
2495 214 
2505 213 
2516 212 
2523 211 
2533 210 
2546 209 
2556 208 
2567 207 
2573 206 
2586 205 
2597 204 
2607 203 
2617 202 
2629 201 
2637 200 
2647 199 
2660 198 
2667 197 
2678 196 
2691 195 
2701 194 
2711 193 
2721 192 
2731 191 
2742 190 
2756 189 
2765 188 
2777 187 
2785 186 
2796 185 
2815 184 
2822 183 
2838 182 
2847 181 
2858 180 
2876 179 
2884 178 
2900 177 
2911 176 
2921 175 
2938 174 
2951 173 
2963 172 
2976 171 
2990 170 
3001 169 
3012 168 
3026 167 
3038 166 
3048 165 
3069 164 
3080 163 
3092 162 
3107 161 
3118 160 
3132 159 
3153 158 
3167 157 
3177 156 
3196 155 
3209 154 
3222 153 
3241 152 
3254 151 
3272 150 
3286 149 
3301 148 
3318 147 
3333 146 
3351 145 
3370 144 
3384 143 
3403 142 
3419 141 
3438 140 
3448 139 
3468 138 
3487 137 
3505 136 
3522 135 
3538 134 
3557 133 
3572 132 
3591 131 
3602 130 
3623 129 
3642 128 
3660 127 
3677 126 
3696 125 
3716 124 
3734 123 
3749 122 
3770 121 
3790 120 
3810 119 
3828 118 
3846 117 
3869 116 
3887 115 
3913 114 
3929 113 
3950 112 
3970 111 
3996 110 
4016 109 
4037 108 
4067 107 
4097 106 
4118 105 
4142 104 
4171 103 
4196 102 
4217 101 
4247 100 
4277 99 
4301 98 
4322 97 
4351 96 
4380 95 
4411 94 
4442 93 
4471 92 
4502 91 
4535 90 
4567 89 
4597 88 
4630 87 
4666 86 
4695 85 
4735 84 
4764 83 
4804 82 
4833 81 
4876 80 
4923 79 
4957 78 
5000 77 
5039 76 
5082 75 
5126 74 
5174 73 
5223 72 
5267 71 
5319 70 
5373 69 
5419 68 
5465 67 
5516 66 
5568 65 
5620 64 
5677 63 
5723 62 
5779 61 
5826 60 
5882 59 
5939 58 
6000 57 
6055 56 
6121 55 
6184 54 
6251 53 
6313 52 
6388 51 
6486 50 
6612 49 
6710 48 
6837 47 
6966 46 
7102 45 
7231 44 
7417 43 
7680 42 
7993 41 
