3
40
20
[[59, 19, 72, 0, -94, 82, 57, -42, 82, 41, 30, -51, 3, 16, 57, 94, 9, 67, -40, 62, 16, 77, 43, 12, 49, 59, 36, 26, 71, 82, 18, 44, 89, 8, 78, 16, -86, -33, 28, 83],
[33, 56, 50, -91, 24, -51, 68, -29, 3, 5, -50, 75, 13, 23, 21, 19, 48, 24, -43, 19, -75, 25, -39, -51, 77, 46, 76, 93, -37, 32, -77, 39, 26, 70, -3, -35, 56, -84, 88, 83],
[21, 92, -51, -13, 0, 98, 71, 95, -100, 81, -48, 21, 37, 26, 5, 89, 37, 24, -37, 99, 32, -13, 33, -100, 47, -69, -73, 8, 92, 89, -57, 24, -44, 68, 61, 85, -38, 98, -46, -71]]
[[21, 99, 86, 29, 56, 98, 0, 74, 7, 64, 64, 2, 35, 73, 75, 10, 95, 72, 36, 17, 18, 27, 20, 61, 24, 12, 22, 0, 56, 29, 17, -96, 98, 61, 89, 3, 0, 60, 71, 44],
[-33, 17, 77, 11, 72, 28, 42, 78, 86, 24, 61, 92, -16, 72, 80, -32, 58, 1, 16, 0, 88, 94, 91, 54, 11, 53, 53, 77, 64, 0, 28, 29, 39, 82, 21, 51, 84, 81, 91, -88],
[0, -28, -44, 78, -87, 36, 83, 37, 49, 0, 70, 0, 0, 99, 0, 58, -58, 21, 75, 60, 44, 41, 28, 98, -62, 31, 51, 57, 2, 0, 13, 22, 0, 92, 50, 28, -4, 47, 28, 13],
[51, 15, 9, -6, 8, -63, 56, 35, 50, 97, 0, 6, 0, 53, 94, 63, 0, 0, 0, 26, 84, 47, 40, 95, 10, 95, 3, 53, 0, 59, 27, 0, 21, 45, 48, 14, 10, 4, 56, 10],
[-82, -3, 6, 29, 21, 56, 98, 67, 82, -18, 19, 49, 0, 4, 3, 0, 6, 24, -94, 64, 54, 22, -71, 0, 97, 28, -65, 20, 16, 50, 0, -49, 27, 64, 60, 80, 5, 6, 42, 45],
[98, 0, 34, 52, 99, 74, 0, 25, 20, 14, 41, 50, 88, 70, 0, 5, 12, 57, 69, 10, 14, -94, 26, 12, 19, 89, 34, 38, 60, 0, 74, 72, 54, -12, 77, 91, 92, 4, 25, -11],
[83, 9, 0, 47, 0, 66, 94, -49, 62, 14, 37, 34, 84, 37, 58, 52, 61, 46, 52, -85, 26, 47, 0, 99, 49, 59, 94, 25, 34, 64, 14, -54, 63, 17, 33, 47, 48, 45, 15, 13],
[-30, 95, 79, 55, 85, 50, 97, 50, 37, 11, 29, -94, 54, 70, 86, 97, 88, 78, 13, 3, 83, 84, 73, 58, -86, 67, 77, 99, 47, 27, 2, 88, 15, 57, 97, 24, 11, -42, 41, 0],
[83, 99, 32, 91, 65, 0, -35, 97, 55, 12, 58, 5, 81, 0, 63, 10, 7, 12, -48, 2, 21, 60, 32, 26, 55, 98, 44, 40, 48, 76, 0, -15, 10, 77, 0, 20, 0, 40, 34, 15],
[2, 80, 23, 68, 4, 0, 0, 26, 0, 91, 43, 42, 87, 48, 41, 95, 14, 57, -33, 24, 24, 95, 100, 64, 0, 54, 81, 85, 8, 2, 83, 28, 96, 0, 97, 50, 0, 73, -32, 0],
[75, 81, 66, 50, 16, 92, 0, 74, 17, 0, 33, -9, 0, 12, 28, 0, 39, 2, 0, 83, 11, 92, 60, 51, 37, 77, 36, 87, 63, -5, 93, 92, 62, 0, 75, 36, 0, 80, -70, 56],
[0, 7, 46, 65, 83, 35, 2, 1, 79, 9, 38, 67, 40, 62, 85, 0, 1, -42, 55, 58, 82, 21, 88, 60, 25, 89, 60, 23, 0, 69, 69, 91, 55, 80, 54, 6, 62, 60, 78, -20],
[3, 88, 5, 0, 3, 49, 32, 93, 40, 34, 51, 33, 0, 93, 8, 13, 31, 0, 0, 0, 19, 52, 7, -8, 41, 25, 56, 73, -4, -82, 98, 34, 64, 29, 13, 56, 76, -48, 7, 21],
[45, 85, -2, 99, -92, 2, 59, 23, 28, -29, 56, -52, 55, 69, 52, 0, 97, 12, 41, -3, 11, 46, 82, 92, 72, 11, 48, 0, 10, 26, 68, 95, 74, 7, 76, -31, 0, 0, 66, 74],
[13, 72, 28, 0, 23, 6, 8, 25, -33, 38, 70, 0, 39, 1, 98, 5, -33, 0, 39, 18, 78, 87, 87, 57, 0, 24, -67, 78, 79, 0, 79, 77, 52, 35, 75, 9, 32, 31, 0, 18],
[29, -51, 41, 14, 26, 66, -23, 72, 28, -4, -21, -8, 0, 24, 61, 42, 70, 37, -11, 20, 9, 43, 0, 86, 55, 0, 51, 0, 56, -19, 31, 0, -29, 94, 1, 47, 13, 68, 16, 0],
[96, 0, 9, -53, 80, -72, 50, 73, 31, 50, 25, 18, 0, 84, 14, 94, 41, 66, 97, 86, 0, 89, 17, 8, 95, 13, 10, 24, 53, 0, 0, 29, -72, 51, 0, 89, 0, 0, 34, 63],
[2, 76, 27, 41, 25, 63, 80, 13, -19, 84, 60, 21, 43, 8, 0, 89, -43, 78, 3, 95, 91, 1, 38, 81, 55, 30, 82, 7, 98, -38, 0, 51, 0, 0, 92, 31, 64, 48, 69, 0],
[97, -5, 0, 82, 89, 55, 90, 0, 47, 11, 96, -69, 60, 95, -85, 23, 4, 0, 99, 12, 38, 70, 86, 9, 6, 94, 72, 99, 55, 92, 9, 85, 58, -39, 42, 38, 74, -30, 66, 42],
[35, 28, 37, 86, 16, 39, 33, 28, 84, 78, 22, 30, 28, 94, -71, 63, 3, 95, 14, 70, 27, -1, 29, 95, 0, 0, 69, 30, 60, 86, 64, 0, 0, 79, 16, 61, 53, 59, 38, 39]]
[573, 419, 324, 656, 682, 1482, 951, 1626, 519, 189, 1318, 1059, 569, 226, 238, 384, 1069, 948, 1213, 1103]
