3
80
40
[[36, 80, -48, 12, -72, 10, 43, 15, 25, -87, 100, 16, 60, -76, 97, 94, 98, 29, 96, 44, 100, 41, 9, 20, 48, 44, 43, 94, 43, 62, 66, 73, 28, 13, 43, 47, 13, -15, 44, 57, -60, 40, -39, 87, 51, 45, 3, 80, 19, -45, 51, 4, 91, -13, 96, 27, 45, 20, 1, 12, 55, 69, 75, 91, -58, 56, -52, 58, 50, 74, 90, 83, 69, 42, 10, 23, 10, -76, -59, 79],
[-39, 78, 95, 50, 81, 91, 25, 4, -24, 66, -100, -48, 82, 97, 92, 6, 8, -36, 19, 47, 38, 71, 11, 59, -78, 75, 14, 34, -97, 18, -96, 49, 9, 16, 27, 29, 2, 29, 76, -98, -88, 20, 4, 22, 85, 3, -34, 3, 65, 5, -17, 58, -66, -1, 75, 7, -22, 15, -19, 92, 78, -45, 48, 20, 79, 5, 60, 48, -51, 5, 48, 13, 40, 10, 65, 89, 98, 88, 3, 58],
[-67, 45, -75, -12, 39, -100, -94, 14, 42, 69, 26, 51, 2, 69, 46, 89, 89, 73, 26, 91, 55, -47, 5, 8, 93, 55, 34, 43, 44, 43, -63, 70, 66, 41, -96, 57, 22, 21, 78, 75, 6, 90, 34, 78, 44, 69, -47, 7, 82, 10, -21, 46, 77, 30, 97, 24, 34, 43, 47, 47, -58, 73, -46, -87, 29, 21, 91, 12, 35, 21, 47, 34, -40, 51, 98, -2, 14, 35, 52, 4]]
[[0, 75, -64, -3, 72, 49, 8, -94, 43, 75, 32, 38, 62, 57, 14, -12, 35, 42, 70, 42, 94, 82, -8, 27, 18, -30, 77, -59, 75, 32, 6, 0, 40, 63, 0, 1, 93, 43, 95, 62, 72, 23, 29, 51, 38, 68, 13, 89, 13, 96, 23, 77, 0, 20, 85, 49, -74, 29, 57, 20, 66, 94, 57, 24, 80, 86, -84, 81, 72, 19, 56, 63, 96, 52, 19, 78, 15, 20, 38, 61],
[46, 0, 27, 85, 100, -47, 71, 0, 66, -12, 0, 60, 10, 66, 44, -28, -80, -51, 63, 41, 74, 51, 96, 42, 87, 23, -28, 99, 56, 13, 69, 3, 94, 29, 28, 5, -91, 28, -25, 39, 17, 66, 43, 73, 29, 97, 69, 86, 51, 0, 0, 83, 79, 78, -3, 75, 16, 97, 81, 46, 37, 37, 72, -69, 68, 71, 61, 10, 46, 45, 42, 0, 57, 0, 39, 14, 44, 59, 84, 86],
[53, 58, 58, 0, 97, 38, 100, 61, 36, 53, 63, 58, -84, 0, 100, 72, 0, 25, 0, 64, 3, 0, 60, 8, 29, 38, 40, 38, -43, 8, 12, 75, 66, 93, 1, 53, 87, 37, 16, 7, 13, 7, 36, 55, 39, 68, 57, 9, 31, -89, 86, 1, 30, 19, 82, 88, 70, 47, -62, -3, 65, 28, 6, 44, 38, 67, 20, 95, 5, 0, 86, 82, 8, 28, 0, 0, 10, 94, 19, 0],
[59, 0, 14, 15, 50, -19, 23, 41, 58, 69, 48, 48, 92, 70, 58, 47, 0, 62, -43, 19, 95, 73, 51, 89, 0, -92, 39, 62, 33, 25, -81, 88, 94, 28, 89, 16, 66, 52, 0, 100, -96, -89, 43, 46, 100, 53, -83, 89, 27, 0, 0, 8, 39, 48, 39, 75, 64, 43, 64, 43, -87, 8, 44, 1, 9, 52, 0, 60, -11, 48, 86, -54, 73, 66, 89, 90, 65, 5, 76, 31],
[58, 59, -81, 99, 7, 52, 0, 0, 89, 40, 29, 26, 54, 31, 33, 15, 1, 100, 81, 0, 0, 86, 49, 40, 11, 5, 64, 40, 60, 47, 78, 51, 20, 65, 0, -55, 28, 25, 74, 91, 71, 0, 21, 77, 70, 53, 0, 31, 77, 15, 88, 38, 74, 59, 16, 58, -32, 23, 0, 4, 8, 23, 90, 91, 25, 0, 53, -67, 34, -46, 5, 24, 75, 91, 3, 2, 48, 13, -37, 98],
[11, 38, 0, 28, 88, 37, 51, 56, 51, 24, 86, 44, 100, 41, 17, 11, -52, 39, 39, 4, 47, 20, 99, 24, 21, 3, -29, 39, 2, 33, 0, 0, 20, 2, 24, 25, 67, 66, 69, 60, 14, 39, 0, 10, 25, 65, -88, 20, 3, 57, 8, 86, 63, 100, 25, 8, 0, 88, 94, 64, 97, 21, 56, -81, 0, -98, 67, -36, 44, 8, 76, 7, 50, 70, -23, 68, 39, 0, 39, 58],
[63, 47, 71, 0, 15, 89, 14, 65, 71, 65, 26, -58, 46, 14, 21, 43, 34, -56, 74, 44, 95, 46, -47, -97, 58, 99, 76, 44, 95, 6, 0, 49, 0, 52, 23, 14, 13, -2, 15, 68, 0, 26, 76, -39, 0, 83, 0, -12, 36, 38, 88, 18, 0, -17, 16, 84, 36, 49, 0, 36, 86, 4, 80, 0, 68, 83, -24, 92, 96, -21, 30, 62, 0, 97, 76, -61, 0, 26, -1, 87],
[0, 52, 60, 71, 100, 56, 45, 75, -3, -97, 77, 0, -14, -74, 8, 82, 2, 73, 96, -35, 100, 2, 77, 54, 84, 86, 31, 46, 0, -29, 0, 0, 93, 63, 6, 24, -79, 7, 72, 30, 39, 0, 93, 86, 96, 41, -98, 14, 45, 26, 53, 97, 5, 65, 38, 87, 88, 36, 96, 5, 53, 93, 97, -83, 53, 14, -75, 0, 30, 27, 14, 74, -37, 44, 68, 49, 19, 51, 90, 91],
[-66, 13, 55, 90, 2, 44, 50, 42, 95, 89, 35, 79, 99, 17, 42, 64, 92, 36, 52, 77, 2, 0, 52, 73, 66, 62, 93, -97, 7, 38, 96, 24, 77, -93, 52, 99, -66, 0, 86, 9, 55, 20, 61, 84, 35, 18, 35, -82, -22, 0, 0, -30, 99, 80, 0, 0, 7, 24, 89, 42, 71, 30, -37, 100, 50, 0, -73, 16, 8, 27, 41, 95, -50, 0, 12, -29, 53, 78, 48, 29],
[78, 43, -97, 33, 0, 0, 95, 4, 65, 5, 65, -36, 0, 8, 42, 38, 3, 48, 20, 73, 86, 98, 78, 49, 22, -29, 0, 79, 85, 88, 80, 18, 46, 97, 0, 0, 87, 35, 90, 48, 29, 0, 31, 84, 65, 84, -49, 83, 82, 40, 29, 89, 41, 13, 0, 93, 16, 74, 52, 68, 24, 33, 82, 10, 78, 16, 70, 42, 11, 60, 92, 81, -28, 91, 14, 74, 89, -37, 4, 46],
[0, 34, 31, 30, 98, 63, 41, 96, 0, 86, 11, 12, 32, 0, 0, -79, 47, -4, -64, 38, 0, -23, -2, 98, 84, 54, 79, 91, 2, 53, 0, 54, 32, 44, 7, 8, 92, 0, 1, 0, 99, 46, 10, 70, -85, 2, 45, 1, 64, 98, -41, -14, 48, 85, 78, -70, 58, 68, 2, 67, 0, 69, 73, 71, 54, -33, 63, 46, 18, 15, 1, 0, 0, 73, 44, 96, 7, 0, -26, 82],
[52, 0, 19, 18, 25, 8, 63, 48, 13, 52, -32, 1, 98, 0, 72, 41, 47, 55, -89, 20, -43, 9, -70, -48, -86, 61, 46, 22, 49, 54, 29, 58, 87, 0, 98, 97, 3, 7, -6, -42, -76, 64, 82, 0, 77, 100, 86, 25, 4, 0, 81, -1, 8, -60, 0, -66, 67, 48, -99, 83, 0, 60, 59, 68, 15, -11, 64, 35, 47, 65, 57, 22, 40, 28, 62, 0, 80, 84, 36, 30],
[39, 0, 0, -19, 66, 89, 15, 4, 25, 97, 84, 71, -62, 91, 83, 30, -51, 16, 71, 8, 25, 67, 41, 77, 12, 17, 32, 2, 35, 70, 0, 99, 5, 37, 37, 74, 58, 40, 11, -27, 22, 92, 0, 79, 0, 13, -84, 65, 0, 69, 87, 19, 0, -9, 77, 74, 41, 62, 94, 78, 32, 18, 5, 74, 49, 38, 11, 48, 79, 7, 70, 41, 0, 2, 21, 50, 87, 9, 50, 4],
[28, 21, 28, 67, -93, 61, 54, -13, 3, 2, 9, 45, 2, 2, 79, 0, 6, 55, 4, 10, -71, 70, -63, 95, 0, 54, 31, 14, 16, 0, 17, 28, 92, 13, 77, 0, 87, 99, 96, -94, 100, 38, 46, 16, 43, 74, 48, 20, 23, 98, 30, 0, 16, 36, 35, 92, 40, 0, 93, 5, -79, 40, 38, 26, 72, 10, 18, 83, 54, 91, 56, 31, 71, 92, 11, 72, 43, 0, 81, 53],
[2, 38, 0, 21, 39, 65, 98, 9, 65, 44, 67, 99, 83, -75, 8, 100, 81, 15, 31, 74, 77, 46, 32, 26, 10, 24, 9, 75, 33, -48, 79, 18, 98, 59, 68, 97, 69, 18, -5, 97, -88, 0, 21, 57, 0, 57, 15, 17, 94, 0, 52, 33, 39, 53, 94, 77, 50, 49, 64, 12, 81, 77, 2, 0, 34, -25, 57, 0, 41, 6, 36, 45, 0, 95, 84, 59, 75, 33, 55, 62],
[96, 14, 29, 24, 87, 61, 29, -66, 100, 48, 87, 38, 32, 20, -40, 48, 57, 50, 92, 54, 3, 0, -70, 0, 95, 0, 42, 51, 21, 0, 19, 82, 21, 36, 90, 62, 58, 0, 61, 59, 49, 86, 58, 50, -31, 23, 89, 24, 78, 3, 42, 16, 46, 82, -41, 97, -67, 75, 11, 98, 94, 22, 78, 50, 98, 9, 40, 62, 56, 92, 0, 88, 16, 97, -20, 4, 15, 82, 2, 46],
[98, 62, 90, 23, 66, 0, 48, -19, 72, 69, 99, 13, 0, 94, -3, 0, 54, 52, 0, -12, -73, 0, 93, 12, 26, 3, 72, 50, 44, 84, 55, 39, 47, 17, 11, 87, 0, 98, 41, 84, 47, 83, 49, 94, 0, 55, -63, -6, 84, 69, 40, 20, 99, 23, 8, 54, 91, 71, 79, 29, 22, 100, 93, 36, 36, -25, 84, 1, 63, 52, 68, -43, 37, 94, 0, 23, 0, 6, 0, 99],
[75, 73, 17, 45, 0, 7, 89, 8, 36, 31, 60, 16, 58, 87, 24, 76, 60, 0, 9, 21, 52, 61, 47, 100, 73, 71, 24, 0, 6, 42, 43, 77, 0, 37, 22, 70, 99, 100, 13, 97, 0, 70, 57, -100, 58, -55, 97, 64, 7, 0, -58, 56, 0, 54, 83, 0, 28, -44, 0, 33, 84, 43, 39, 40, 76, -92, 22, 0, 63, 37, 28, 28, 15, 50, 69, 5, 11, 82, 76, 91],
[93, 0, 15, 52, 12, 23, 58, 80, 5, 44, 56, 13, 85, 18, 63, -31, -100, 35, 0, 87, 39, 13, 32, 58, -34, 47, 43, 53, -22, 27, 10, 8, 0, 97, 49, 39, 63, 0, 41, 15, 47, 85, 22, 87, 36, 22, 4, 96, 0, 31, -1, 32, 19, 51, 34, 86, 40, 16, 90, 20, 77, 85, 89, 0, 1, 65, -37, 40, -39, 52, 67, 18, 85, 14, 0, 56, 38, 24, 72, 0],
[-89, -31, 0, 13, 67, 93, 0, -42, 25, 49, -30, 84, 4, 59, 45, 39, 35, 84, -30, 18, 16, 22, 98, 98, 37, 32, -89, 0, 16, 92, 81, 81, 57, 47, 2, 78, 12, 53, 68, 43, 70, 22, 100, 10, 0, 2, 54, 38, 0, 69, 41, 59, 0, -31, 53, 0, 86, 45, 45, 32, 2, 59, 43, 0, 67, 44, 22, -14, 65, -9, 93, 48, 30, -9, 49, 16, 59, 51, 100, 61],
[0, -89, 11, 31, 2, 9, 66, 41, 61, 79, -11, 2, 51, 81, 18, 15, 47, 76, 23, -69, 28, 19, 97, 88, 92, 66, 61, 29, 0, 0, -40, 51, 73, 2, 55, 54, 49, 27, 74, 26, 81, 0, 47, 89, 0, 100, 35, 69, 36, 84, 90, 61, 24, -77, 76, 73, -42, 19, 100, 0, 13, 75, 78, 14, 70, 46, -56, 66, 7, 11, 51, -72, 67, 71, 81, 27, 29, -63, -66, 69],
[-86, -50, 75, 4, 49, 99, 88, 23, 22, 50, -99, 37, -21, 37, 12, 38, 50, 25, 26, 73, 88, 31, 23, 45, 29, 52, 37, 32, 0, 69, 43, -17, 59, 94, 98, 55, 9, 3, 49, 28, 84, 44, 0, 33, 74, 14, 7, 4, 81, 69, 73, 17, 98, 47, 92, -92, 87, 28, 88, 45, 23, 82, 80, 4, 61, 23, 62, 77, 83, 41, 26, 58, 0, 85, 0, 44, 28, 13, -6, 94],
[54, 74, 34, 0, 93, 87, 69, 0, 26, 62, 0, 29, 90, 21, -35, 0, 60, 0, 13, 21, 19, 64, 0, 50, 96, 27, 87, 32, 16, 11, 6, 0, 21, -4, 55, -81, 10, 7, 49, 23, 31, 19, 71, -17, 23, 3, 75, 0, 96, 29, 78, 50, 48, 59, 0, 93, 29, 27, 75, 55, 88, 28, 72, -95, -3, 33, 6, 77, 18, 16, 1, -21, 32, -24, -98, 65, 8, 81, 94, 82],
[0, 0, 0, 85, 79, -42, 40, 3, 0, 35, 65, 29, 6, 0, -3, -19, 87, 83, -24, -79, 95, -37, 95, -89, 23, 32, 65, 78, 78, 64, 97, 66, 9, 85, 49, -54, 7, -4, -88, -3, 8, 84, 2, 33, 58, 54, 42, 0, 50, 22, 17, 82, 34, 56, 4, 33, 72, 23, 63, 77, 41, 95, 14, 0, 64, 53, 97, 80, 13, 12, 74, 80, 0, 41, 91, -83, 44, 39, 53, 51],
[0, 36, 0, 16, 85, 63, 76, 71, 48, 0, 82, -3, 74, 57, 0, 9, 30, 82, 29, 90, 89, 72, 71, 87, 1, 59, 17, 94, 0, 35, 53, 0, 18, 74, 4, -7, 45, 68, 0, 38, 20, 64, 37, 71, -48, 43, 59, 1, 12, 15, 0, 16, -61, 86, -24, 0, 40, 24, -9, 63, 63, 0, 5, -94, 3, 11, 62, 92, 25, 38, -62, 0, 83, 65, -43, 67, 0, 0, 35, 34],
[33, 20, 85, 65, 58, 7, 99, 11, 29, 91, 22, 1, 64, 77, 63, 0, -5, 21, 37, -97, 0, 93, 0, 92, 65, 0, 29, -74, 56, 93, 0, 69, 18, 49, 0, 70, 70, 57, 30, 2, 42, 49, 58, 69, 28, 11, 0, 66, 90, 70, 98, -92, 73, 6, 9, 56, 96, 41, 79, 0, 64, 47, 65, 40, 79, 23, 0, 25, 71, 5, 52, 0, 8, -73, 47, 8, 6, 9, 45, 42],
[20, -52, 29, 63, 71, 76, 80, -71, 34, 32, 0, 95, 37, -27, 77, 0, 3, 74, 73, -77, 2, 2, 16, 83, 67, 0, -3, 70, 53, -5, 87, 43, 75, 25, 50, 49, 28, 86, -43, 87, -68, -94, 35, 23, 82, 0, 0, 90, 21, 34, 90, 73, 67, 80, 5, 19, 40, 94, 81, 22, -85, -80, 72, 0, 92, 19, 64, -92, -32, -20, 13, 0, 4, 89, 2, 26, 72, 26, 70, 2],
[76, 26, 76, 41, 43, 65, 38, -41, 92, 95, 83, 0, 23, 23, 41, 48, 100, 55, 96, 80, 31, -97, 39, -55, 99, -73, 85, 92, -13, 0, 29, 47, 38, 12, 63, 57, -70, 7, 0, 14, 29, 0, 56, 48, 63, 88, 54, 0, 0, 74, 67, 31, 85, 32, 0, 38, 41, 93, 63, 24, 4, 97, 12, 11, 90, 0, -58, 87, 6, 60, 87, -26, 0, 25, -87, 66, 20, 62, 0, 74],
[2, 48, -79, 91, 31, 54, 48, 42, 3, 75, 0, 40, 72, -86, 34, 78, 90, 18, 77, 83, 73, 24, 92, 82, 84, 31, 99, 54, 78, 58, 0, 35, 46, 99, 68, 22, 15, 62, 58, 36, 0, 84, 28, 16, 53, 49, -98, -56, 51, 83, 4, 11, 39, 4, 35, 29, 75, 0, 2, 10, 46, -70, 5, 1, 86, 72, 39, 85, 34, 84, 96, 55, 4, 39, -42, 88, -51, 0, 54, 61],
[96, 0, 0, 10, 15, 58, 69, 28, 98, 88, 37, 84, 51, 42, 0, 95, 30, 67, 45, -49, 17, 100, 0, 52, 86, 74, 85, -81, 34, 2, 81, 71, 18, -83, 48, 0, 0, 35, -12, 70, 91, 90, 28, 74, 43, -84, 83, 33, 48, 56, 11, -18, 93, 0, 81, 99, 56, 11, 0, 85, 28, 100, 72, 41, -66, 54, 53, 95, 87, 53, 0, 19, 0, 75, 100, 50, 86, 11, 21, 67],
[2, 40, 1, -15, 91, 88, -60, -78, 81, 29, 41, 0, 17, 44, 5, -3, 11, 31, -55, 89, 25, 69, 2, 54, 55, 59, 86, 87, -7, 39, 41, 89, 82, 0, 27, 43, -24, -24, -97, 62, 6, -7, 92, 21, 58, 33, 92, 45, 49, 97, 17, 84, 42, 2, 11, 80, 0, 73, 62, 71, 95, 88, 13, 96, 5, 52, 76, 63, 32, 71, 33, 57, 4, 98, 67, 21, 90, -89, -37, -44],
[9, 43, 10, 0, 32, 7, 16, 12, 0, 10, 58, 6, 0, 15, 69, 38, 46, -67, 48, 2, 62, 41, 97, 30, -26, 18, 80, 66, 63, 30, 58, 56, -29, 95, 0, 97, 82, 18, 27, 79, 48, -48, -21, 74, 10, 8, 12, 96, 0, 85, -36, -95, 87, 60, 62, 14, 80, 0, 88, 97, 73, -85, 48, 55, 41, -74, 66, 56, -83, 67, 53, 67, 79, 99, 76, 28, 2, 28, 69, 92],
[19, 47, 16, 68, -80, 60, 0, 9, 68, -38, 2, 91, -69, 0, 1, 45, 0, 63, 28, 0, 82, 93, -100, 21, 61, 0, 68, 99, 69, 74, -94, 1, -31, 0, 33, 15, 67, 26, 99, 11, 0, 0, 37, 39, 0, 9, 56, 86, 8, 68, 98, 10, 69, 44, 80, -38, -88, 19, 19, 22, 54, 20, -89, -30, 0, 38, 89, 7, 60, 11, 41, 0, 46, 69, 8, 52, 22, -40, 15, 47],
[38, 88, 15, 93, 55, -3, 15, 41, 53, -54, 57, 63, 37, -24, -51, 100, 85, 14, 81, -28, 8, 30, 55, 61, -24, -54, 84, -5, 13, 29, 35, 50, 0, 0, 19, 69, 30, 62, 99, 0, 60, 7, 70, 51, 36, 91, -1, 43, 3, 42, 81, 36, 67, 0, 27, 0, 58, 70, 37, 5, 17, 59, -52, 61, 86, 54, 30, 64, 5, 77, 58, 85, 0, 54, 95, 85, 10, 40, 0, 98],
[83, 19, -31, 74, 57, -90, 62, 78, 56, 57, 24, 31, 66, 50, 69, 5, 66, 61, 75, 69, 39, 25, -23, -23, 33, 83, 75, 0, 41, 39, 53, 85, -70, -36, 82, 34, 0, 14, 38, 39, 0, 72, 7, 23, 0, 0, 5, 43, 21, 61, 35, 16, 0, 49, 61, 67, 54, -89, 76, 84, -18, -80, 8, 89, 98, 0, 49, 51, 67, 13, 35, 63, 28, 45, -58, -12, 88, 68, 1, 23],
[39, 91, 42, 56, 0, 52, 41, 0, 69, 28, 24, 63, 20, 37, 56, 77, 24, 0, 0, 0, -48, 60, 33, 0, 0, 26, -59, -70, 0, 63, 99, 34, 36, 16, 0, -62, 21, 32, 19, 43, 3, 25, 64, 34, 82, 56, 60, 94, 75, 11, 93, 14, 0, -55, 20, 29, 40, 96, 54, 100, 44, 4, -80, 98, 0, 0, 26, -29, 17, 77, 72, 99, -33, 91, 5, 25, -8, 65, 73, 38],
[-47, 27, 22, -28, -23, 79, 34, 42, 70, -26, 0, 79, -3, 3, 29, 40, 95, 57, 10, 24, 0, 59, 10, 74, 62, 56, 58, 15, 83, 67, 87, -10, 0, -21, 53, 32, 6, 35, 77, 73, 88, 0, 25, 69, 37, 98, -98, 11, 1, 0, 75, 63, -61, 73, 69, 100, 78, 57, 11, 31, 67, 48, 85, 80, 33, 52, -45, 0, 0, 83, 70, 34, 93, 0, 49, 67, 3, 0, 84, 14],
[94, 28, 98, 41, 0, 36, 30, -55, 73, 73, 88, 95, 47, 0, 0, 75, 99, 17, 96, -58, 42, 75, 51, -19, 66, 35, 83, 84, 87, 87, 60, 21, 30, 3, 40, 56, 1, 59, 34, 47, 94, 38, 3, 52, 51, 87, 0, 8, 30, 72, 85, 0, 0, 19, 24, 74, 16, 57, 11, 99, 84, 83, 75, 23, 62, 27, 8, 0, 19, 69, 100, 33, 53, -82, 17, 49, 34, 32, 11, 79],
[32, 0, 0, 29, 58, -62, 0, -25, 66, 56, 79, 35, 21, 63, 25, 76, -35, 35, 81, 13, 31, 0, 48, 64, 87, 52, 71, 5, 45, 60, 99, 72, -3, 37, 14, 0, 63, 10, 89, 15, 17, -64, 77, 92, 5, 33, -38, 73, 63, -99, 19, 0, 82, 48, 42, 46, 94, 63, 30, 73, -73, 36, 1, -1, 64, -34, -77, 45, -69, 37, 70, 100, 35, 45, 86, 0, 13, 3, 54, -60],
[46, 75, 64, 0, 95, 0, 0, 81, 68, 28, 89, 15, -42, 59, 69, 0, 9, 32, 16, -77, 27, 75, 8, 19, -91, 29, 51, 54, 79, 14, 50, 5, 57, 13, 43, 52, 33, 7, 68, 42, 88, 16, 91, 94, 51, -91, 33, 0, 89, 70, 94, -88, 38, 70, 6, 20, 83, 98, 81, 15, 17, 60, 0, 74, 42, 44, -84, 15, 87, 49, 59, 85, 25, 39, 56, -41, -79, 65, 34, 12]]
[590, 534, 2231, 297, 1367, 1457, 431, 931, 1274, 2706, 1613, 530, 600, 1042, 2187, 1843, 293, 389, 1096, 1804, 194, 3017, 2276, 2173, 967, 2387, 1275, 2504, 1304, 2024, 1886, 349, 1618, 2278, 1698, 1729, 1968, 3152, 518, 2050]
