4
80
40
[[41, -14, 35, -42, 3, 24, 63, 44, 68, -24, 85, 96, 8, 51, -84, 14, 18, 89, 83, 0, -14, 32, 96, 1, 72, 71, 18, 72, 90, 17, 58, 64, 32, 29, 100, 1, -46, 35, 9, 13, -85, -63, 51, 61, 32, 47, -91, 66, 63, -43, 25, 48, 93, -70, 20, 82, 28, 70, 28, 20, 9, 50, 78, 62, 10, 2, 79, 15, 34, 72, 89, 90, 74, 97, 91, 63, 83, 19, 28, -99],
[0, 74, 55, -51, -66, 43, 77, 40, 93, 52, -48, 84, 27, 96, 85, -6, -99, 64, 58, 44, -65, -85, 20, 62, 92, 97, 29, 80, 84, 12, 73, 52, 76, 29, 30, 25, 62, 78, -4, 94, -46, -67, -30, 40, 89, 21, 60, 35, 90, 69, 39, -15, 35, 82, 3, 20, 66, 42, 66, -11, 35, 16, -17, 30, 17, -9, 94, 57, 40, 60, 14, -99, -67, 16, 26, 55, 15, 57, -77, -29],
[86, 97, 40, 7, -9, 24, 48, 86, -31, 82, -93, 58, 8, 21, 1, -29, -44, 67, -80, 77, 42, 17, -73, 72, -96, 93, 91, 34, -36, 30, 49, 55, 71, 1, -4, 3, 81, 28, 24, 4, 54, -60, 47, 43, 31, 79, -24, 86, 55, -62, 67, 90, 63, 55, -82, 15, 55, 17, 32, 13, 35, -57, 26, 59, -84, -68, -61, 30, 40, -11, 44, 32, -38, 0, -89, 57, 7, 59, 30, 14],
[15, 30, 68, 58, 46, 68, -47, 89, 51, -91, 4, 9, 67, 44, -15, 43, 4, 56, 34, 82, -40, 70, 50, 29, 48, 64, 3, 64, 42, 68, 67, 29, 85, -57, 98, 99, 74, 72, 28, 25, 38, -72, 64, -87, 0, -66, 92, 38, 48, -6, 5, -97, 62, 3, -24, 67, 19, -43, -13, 91, -49, 55, 88, -83, 74, 82, 5, -42, 61, 57, 93, 52, 18, 96, 80, -7, 10, 74, -59, -66]]
[[97, 7, 100, 25, 86, 2, 44, 82, 41, 19, 100, 29, 76, 91, 64, 21, 41, 52, 75, 79, 43, 53, 30, 10, 20, 30, 0, 59, -73, 0, 63, 54, 37, 10, 34, 63, 0, 5, 97, 22, 100, 50, 21, 80, 76, -8, 71, 28, 5, 63, 56, 55, 91, 60, 50, 18, 74, 77, 36, 73, 0, 65, 35, 13, 39, 51, 90, 86, 88, 17, 95, 93, 72, 21, 97, 39, -59, -7, 37, -36],
[16, -71, 0, 87, -65, -25, 2, 75, 29, 39, 72, 33, 0, 26, 17, 55, 73, 98, -19, 88, 24, 58, 93, 29, 54, 6, 95, 11, -38, 97, 69, 72, 21, 43, -44, 84, 22, 35, 0, 63, 20, 86, 80, 9, 30, 84, -87, 81, 55, 97, 6, 41, 49, 20, 48, 43, 67, 65, 96, 33, 18, 0, 32, 16, 7, 84, 70, 0, -46, 86, 21, 56, 100, 92, 69, 37, -88, 18, 87, 63],
[27, 39, 66, 50, 28, 45, 79, -41, -1, 70, 61, 99, 0, 46, -43, -26, 34, 71, 97, 0, 21, 2, 100, 73, 81, 84, 58, 21, 60, -100, 67, -63, 42, 70, 64, 49, 21, 49, 29, 80, -7, 60, 7, 7, 90, -72, 16, 55, 34, 28, 5, 82, 25, 46, 52, 63, 87, 97, 3, -41, 11, 48, 54, -17, 25, 0, 30, 65, 12, 1, 47, 29, 12, 88, -47, 65, 1, 93, 5, 12],
[0, 74, 11, 3, 33, -13, 28, 0, 39, 57, 21, 8, 48, 58, 65, 87, 69, -72, 0, 0, 19, 100, 30, 49, 48, 13, -70, 51, 98, 98, 74, 6, 18, 71, 91, 14, -68, 0, 63, 80, -63, 21, 98, 92, 52, 34, -36, 12, 13, 96, 76, 73, 18, 16, 76, 88, 0, 8, 58, 46, 13, 27, 0, 23, 25, 15, 0, 91, -34, 23, 91, -74, 90, 47, 93, -42, 98, 74, 90, 48],
[83, 17, 24, 44, 43, 91, 23, 35, 23, 55, 91, 25, 66, 51, 98, 36, 3, 57, 73, -75, 0, 16, 19, 95, 14, 35, 17, 66, 93, 0, 32, 0, 68, 100, 0, 26, 49, 9, 67, 64, 63, 72, 78, 0, -96, 83, 92, 0, 3, -3, 8, 0, 33, -9, 18, 50, 100, -52, 79, 21, 43, 68, 24, 36, 62, 51, 51, 99, 78, 67, 26, 0, 25, 31, 4, 87, 11, 0, 36, 20],
[82, 0, 37, 8, 50, 25, 0, 50, 64, 58, 41, 63, 55, 40, 0, -25, 81, 17, 4, 63, 0, 12, 13, 79, 62, 37, 0, 77, 100, -66, 44, 82, 0, 63, 2, 88, 21, 43, 97, 60, 18, 18, 41, 31, 55, 56, 79, -92, 91, 82, 29, 47, 69, 81, 44, 41, 63, 16, -87, 24, 80, 95, 84, -44, 74, 66, -93, 0, 76, -69, 45, 82, -66, 22, 54, 62, 47, 15, -77, 0],
[91, 63, 6, 43, 75, 23, 0, 4, 82, 46, 0, 13, 18, 21, 65, 50, 41, 24, -69, 79, 11, 50, 72, 37, 79, 43, 78, 79, 15, 29, 42, 4, 18, 86, 57, 25, 17, 100, 71, 86, 18, 47, 84, 91, 24, 0, 65, 81, 16, -68, 65, 90, 13, 32, -66, 87, 85, 0, 80, 56, 97, 91, 44, 55, 4, 24, 28, 0, 59, 22, 34, 58, 40, 35, 23, 25, 31, -17, -53, 60],
[23, 44, 82, -92, 0, 99, 80, 68, 0, 3, 22, 14, 0, 17, 71, 70, 2, 53, 88, -56, 10, 12, -95, 64, 10, 77, 84, 0, 0, 79, 97, 92, 80, 11, 57, 34, -14, 59, 51, 90, 0, 100, 15, 61, 10, 6, 56, 29, 35, 33, 78, 100, 18, 37, 0, 2, -93, 6, 54, -55, 13, -15, 60, 78, 75, 15, 77, 41, 62, 92, 77, 84, 32, 69, 94, 0, 7, 0, 56, 91],
[65, 74, -92, 0, 64, 30, 58, -53, 89, 32, 65, 71, 32, 81, 67, 21, 36, 100, 63, 0, 26, 17, 56, 28, 11, -71, 71, 40, -15, 81, 95, 94, 87, 22, 10, 16, 37, 17, 54, 91, 51, 0, 22, 72, 59, 3, 95, 26, 0, 73, 68, 76, 19, 0, 0, 5, 78, 33, 14, 50, 37, 46, 74, 31, 3, 68, 83, 58, 19, 71, 10, 2, 70, 16, 100, 71, 36, 0, 10, 5],
[51, -28, 39, 92, 6, 91, 0, 92, -94, 20, 27, 61, 20, 37, 71, 66, 91, 40, 9, 16, 76, 56, 14, 95, 0, 14, -1, 71, 19, 100, 19, 14, 31, 26, 91, 71, 70, 11, 60, 56, 32, 90, 68, 94, 7, 33, 33, 11, 29, 19, 0, 89, 100, 85, 96, 16, 74, 64, -48, 99, 30, 72, 24, 0, 88, 100, -37, 95, 29, 23, 26, 6, -62, 65, 44, 42, 17, 53, 56, 36],
[0, 49, 65, 16, 74, 83, 3, 99, 79, 86, 50, 4, 60, 39, 0, 74, 40, -93, 0, 51, 67, 71, 22, 37, 16, 0, 1, 33, 40, 87, 38, -80, 0, 61, 67, 94, 0, 0, 41, 10, 55, 83, 61, 70, 99, 38, 83, 37, 55, 44, 0, 10, 63, 3, 67, 32, 38, 12, -62, 77, 76, 74, 57, -90, 61, 84, 28, 69, 21, 12, 55, 17, 21, 100, 6, 95, 49, 56, -26, 46],
[30, 0, 24, 41, 51, 32, -5, 97, 0, 96, 81, 71, 20, 17, 14, 71, 7, 61, 23, 99, 91, 98, 48, 92, 22, 40, -42, -37, 48, 4, 63, 11, 74, 27, 12, 64, -23, 97, 7, 88, 76, 30, 37, 12, 74, 0, 36, 56, -38, 32, 38, 22, 34, 35, 90, 46, 0, 73, 32, -60, 93, 0, 38, 48, 53, -82, 69, 41, 95, 73, 33, 52, 80, 52, 81, 67, 54, 82, 28, 84],
[3, 7, 6, 54, 69, 14, 35, 10, 44, 65, -99, 58, 71, 9, 33, 38, 54, 94, 40, 41, -70, 38, 46, 50, 82, 0, 83, -49, 73, 72, 33, 9, 15, 62, 92, -86, 39, 37, -87, 54, -36, 96, 71, 11, 47, 16, 44, 46, 77, -68, 16, 68, 15, -42, 87, 0, 52, 26, 52, 11, 19, 12, 37, 43, 13, 27, 66, 49, 88, 80, 0, 92, 91, 71, 24, 100, 0, 93, 57, 66],
[79, 50, 16, 8, 11, 15, 98, -29, 78, 78, -16, 20, 71, 2, 16, -78, 51, 53, 96, 1, -82, 0, 16, 5, -2, 82, 31, 20, 29, 76, 84, 51, 27, 30, 18, 93, 8, -44, 28, 27, 7, -75, 67, 12, 15, 24, 64, 76, 97, -18, 0, 75, 1, 94, 10, 51, 61, 63, 25, -92, 0, 96, 20, 17, 51, 0, 33, 93, -36, 89, 17, 13, 36, 26, 70, 5, 70, 75, 0, 35],
[85, 40, 0, 32, 35, 13, 41, 0, -93, 78, 44, 83, 26, 75, -36, 0, 95, 19, 99, 8, 59, 55, 35, 83, 4, 17, 73, 19, 90, 96, 36, 0, 30, 43, 73, 75, -64, 0, 8, 54, 91, 20, -8, 72, 0, 0, 81, -49, 0, 76, 98, 0, 0, 97, 73, 5, 42, 84, 47, 52, 32, 26, 59, 24, 39, 90, 0, 87, 98, 31, 30, 90, 6, 43, 93, 90, 15, 73, 92, 81],
[20, 13, -66, 2, 76, 20, 76, 45, 23, 15, -30, 20, -67, 97, 57, 91, 3, -21, 48, 28, 67, 62, 28, -36, 88, 55, 39, 63, 51, 65, -87, 83, 0, 62, 5, 82, 9, 90, 56, 16, -18, 60, 33, 4, -18, 69, 76, 72, 80, 46, 76, 11, 56, -66, 0, 50, 0, 43, 19, 9, 79, 84, 81, 70, 52, 86, 33, 23, 45, 43, 90, 30, -85, 81, 48, 56, 80, 73, 98, 12],
[98, 23, 68, 4, 9, 36, 13, 63, 21, 32, -49, 89, 30, 87, 61, 63, 81, 17, 51, 0, 59, -71, -86, 68, 90, 30, 15, 88, -84, 91, 96, 51, 6, 70, 86, 48, 91, 49, -55, 0, -65, 34, 94, 23, 37, 88, 54, 0, 8, 0, -24, 95, 19, 57, 88, 41, -35, 83, 11, 19, 74, 91, 80, 74, 52, 63, 63, 94, 96, 77, 12, 0, 77, 69, 4, 94, 19, 28, 29, 54],
[45, 52, -99, 89, 95, 80, -19, 83, 35, 79, 52, 0, 1, 78, 14, 10, 75, 89, 56, 71, 28, 32, 18, 17, 32, 72, 0, 87, -75, 86, 42, 0, 79, 18, 74, 100, 26, 80, 61, 55, 91, 51, 96, 48, -100, 90, 17, -82, 98, 62, 10, 15, 88, 93, 93, 26, 34, 45, 52, 34, 68, 8, 30, 80, 62, 97, 1, 0, -12, -2, 99, 63, 79, 26, -11, 0, 42, 64, 69, 74],
[0, 89, 0, -11, 12, 35, -86, 56, 15, 15, 42, -43, 46, 47, 12, 69, 59, -53, 9, 3, 0, 0, 29, 71, 6, 19, 26, 24, 43, 27, 64, 29, 98, 35, 63, 83, 63, 3, 27, 76, 59, 53, 54, 68, 46, 85, -69, 0, 29, -26, 63, 0, 28, 53, 71, 3, 12, 40, 46, 40, 0, 85, -27, 39, 34, 88, -59, 26, 78, -50, -25, 10, 41, 62, -84, 44, 44, 37, 0, 76],
[44, 64, 42, 83, 0, 33, 69, 36, 3, -48, -78, -52, 52, 89, 98, 74, 7, 17, 7, -27, 98, -48, 68, 57, 95, -25, 0, 0, 70, 1, 38, 23, 0, 29, 68, 83, 94, -32, 61, 68, 92, 44, -89, 19, 32, 36, 25, 13, 86, 11, 62, 25, 2, 55, 29, 11, 58, 22, 16, 6, 29, 38, 76, 89, 91, 14, 93, 7, 32, 57, 82, 81, 22, -91, 44, 0, 72, 22, 31, 14],
[13, -87, -57, 0, 75, 56, 63, 15, -56, 0, 0, 60, 66, 80, 56, 0, 70, -79, 7, 88, 55, 24, 43, 97, 73, 10, 10, 50, 57, 14, 37, 4, -75, 88, 60, 81, 0, 5, 4, 47, 36, 80, 54, 75, 28, 2, 93, 76, 52, -15, 61, 64, 22, 25, 32, 95, 15, 93, 44, 57, 24, 43, 0, 19, 0, 20, 19, 60, 56, 52, 6, 51, 51, 74, 34, 0, 0, 88, 49, 50],
[64, 70, 88, 23, 6, -79, 8, -65, -46, -20, 34, 8, 85, 73, 0, 5, 55, 34, 0, 84, 31, 43, 75, 56, -43, -90, 7, 36, 0, 21, 40, 45, 1, 19, 16, 18, 9, -4, 82, 16, 5, 2, 32, 79, 14, 99, 35, 98, 42, 0, 58, 88, 0, -6, -37, 57, 68, 4, 4, 15, 80, 81, 82, 0, 80, 64, 21, 90, -66, 2, 56, 1, 46, 39, 0, 74, 48, 58, 32, 44],
[0, 18, 0, 0, 3, 74, 24, 0, 2, 0, 48, 23, 43, 92, 50, 19, 88, 36, -44, 18, 93, 0, 66, 0, 0, 65, 0, 49, 77, 28, 0, 19, -84, 28, 55, 33, 46, 78, 0, 98, 0, 12, 26, 46, 25, 0, -5, 20, 58, 79, 57, 79, 10, 93, 17, -27, 0, 0, 0, 47, 2, 66, 5, 22, 86, 2, 0, 26, 40, -82, 44, 0, 60, 0, 0, 40, 99, 77, -22, 27],
[-52, 95, 28, -5, 81, 58, 86, -91, 61, 49, 68, 33, 61, 33, -40, 0, 0, -58, -59, 15, 23, 74, 95, 82, -11, 33, 75, -78, -47, 41, 86, -99, 10, 2, 14, 0, 37, 0, 18, -80, 9, 0, 41, 15, 71, 95, 63, 38, 83, 72, 36, 41, 11, 62, 95, 93, 76, -68, 0, 48, 22, 51, 32, 13, 15, 66, 82, 82, 99, 95, 54, 64, 37, 79, 19, 8, 96, 15, 90, 20],
[86, 55, 27, 72, 83, 39, 6, 80, 65, 91, 40, 86, 45, 0, 71, 90, 17, 99, 60, 62, 68, -17, 0, -32, 82, 23, 24, 4, -42, 21, 19, 34, 70, 61, 27, 20, 15, 55, 32, 17, 0, 39, 81, 90, 59, 11, -44, 37, 0, 4, 92, 26, 0, -61, 56, 66, 82, 37, 0, 18, 0, 8, 94, 0, 50, 17, 15, 47, -51, 17, 13, 7, 16, 60, 23, 61, 99, 0, 77, -35],
[48, 27, 95, 68, 47, 95, 34, -64, 87, 44, -26, -52, 20, 51, 62, -12, -18, 0, 77, 39, 35, 16, 55, 0, 4, -75, 12, -51, 75, 55, 100, 0, 88, 16, -5, 91, 14, 56, 19, 0, 49, 0, 75, 59, 10, 0, 80, 74, 90, -34, 0, 69, -86, 45, 85, 57, -90, -48, 50, 85, -99, 27, 74, 24, 89, 18, -48, 13, 46, 95, 57, 35, 54, 92, -87, 11, 0, 38, 43, 89],
[19, 0, 71, 41, 45, 33, 54, 9, 37, 13, 9, 50, 57, 88, 24, 93, 95, -24, 3, 0, -54, 0, 22, 19, 90, 27, -7, 90, 58, 31, 45, 21, 3, 0, 79, 45, 83, 10, 0, 0, 36, 68, 70, 85, -42, 62, -42, -51, 0, 88, 0, 29, 22, 89, -36, 22, 77, 20, 49, 14, 93, 61, 77, 0, 27, 87, 0, 29, 39, 16, 55, 25, 57, -67, 45, 65, 15, 30, 11, -5],
[27, 47, 86, 11, 5, 92, 62, 41, 2, 0, -17, 64, 38, 75, 99, 18, 96, 78, 61, 79, 71, 0, 56, 57, 41, 12, 43, 11, 30, -86, 3, 96, 80, 11, 32, 27, 48, 18, -79, 99, 33, 0, -26, -80, 0, 24, 11, 15, -42, 78, 42, -54, 38, 12, 98, 29, 95, 7, -65, -77, 42, 82, 73, 59, 90, 2, 45, 100, 43, 0, 40, 65, 37, 43, 62, 64, 0, 11, 47, 90],
[0, 41, 0, 0, 64, -34, -81, -54, 68, 99, 26, 55, 3, 71, 0, 18, 51, 12, 63, 41, 92, 15, 70, 0, 32, 27, 80, 70, 29, 1, 86, 17, 12, 95, 2, 82, 15, 64, 0, -19, 32, 83, 47, 32, 64, -19, 90, 80, 55, 0, 96, 0, 78, 4, -68, 0, -86, 41, 55, -72, 34, -48, 90, 0, 33, 99, 13, 83, 54, 1, 69, 73, 47, 19, 100, 57, 55, 42, 55, 19],
[17, 65, 56, 35, 0, 92, 29, 64, 9, 4, -97, 97, 26, 51, 95, 67, 85, 12, 97, -100, 0, -8, 34, 61, -36, 13, 46, 68, -3, -47, 1, 45, 7, 60, 81, 74, 73, 90, -79, 15, 92, 58, 100, 41, 32, 76, 16, 0, 23, -61, 85, -32, 80, 68, 57, 0, 43, -74, -54, 27, 24, 81, 91, 19, 19, 11, 0, -83, 85, 18, 82, 70, 17, 7, 0, 32, 12, 2, 54, 89],
[8, 74, 2, 5, 87, 39, 95, -52, 0, 55, 11, 72, 42, 15, 65, -33, 10, 100, 65, 35, 78, 90, 52, 94, 84, 91, 35, 18, 34, 72, 34, 25, 2, 74, 15, -85, 65, -63, 0, -69, 87, 69, 14, 99, 63, 62, 64, -15, -99, -20, 25, 83, 0, 88, 70, 85, 78, 16, 78, 59, 8, 28, 52, 54, 30, 39, 87, 78, -20, 56, 56, 97, 4, 0, 81, 51, 64, 76, 91, -16],
[48, 28, 14, -64, 70, 43, 32, 59, 51, 17, -99, 71, 39, -70, 87, 74, 65, -33, 6, -30, 96, 0, -73, 60, 4, 0, 11, 0, 82, 81, 82, 71, 97, -76, 72, -98, 73, 72, 80, 40, 62, 50, 54, 83, 14, 19, 87, 56, 93, 80, 82, 41, 62, 0, 41, -20, 72, 30, 0, 92, 13, -43, 1, 19, 27, 0, 6, 19, 17, 49, 15, 38, 70, -81, 21, 91, 0, -6, 40, 16],
[42, 88, 47, -65, 79, 92, 74, 89, 39, -58, 5, 73, 0, 45, 23, 12, 2, 62, 29, 84, 47, 84, 41, 0, 84, 36, 10, 59, 54, 26, -93, 18, 87, 45, 28, 0, 0, 0, 86, -2, 16, 11, 62, 76, -6, 55, 84, 88, 78, 56, 14, 4, 8, 85, 25, 20, 9, 8, 66, 73, 41, 39, 88, 93, 96, 42, -63, 36, 67, 0, 92, -43, 11, 40, 53, 54, 0, 81, 87, 78],
[74, 75, 64, 0, 0, -15, 48, 39, -91, 93, 30, 72, 58, 63, -80, 86, 63, 26, 43, 56, 99, 98, 19, 51, 86, 79, 0, 50, 46, 60, 5, 40, -48, 30, 41, 0, 2, 0, 99, 6, 13, 21, 13, 45, 33, 46, 44, 82, 54, 82, 25, 2, 24, 0, 23, 63, 94, 79, 9, 0, 71, 83, 0, 26, 20, -80, 90, -22, 0, -53, 25, -43, -34, 0, 63, 48, 7, 43, 24, 89],
[8, 46, 48, 40, 56, 94, 92, 84, 67, 21, 30, 66, 35, 0, 94, -57, 0, 0, -36, 50, 0, 0, -31, -99, 95, 33, 20, 0, 79, 66, 15, 62, -7, 53, 0, 55, 57, -9, 12, 74, 0, -32, 42, 86, 94, 100, 9, 0, 70, 52, 76, 18, 41, 34, 45, 93, 0, 2, 25, 8, 0, 1, 98, 83, 0, 0, 35, 89, -68, -61, 79, 5, 19, 42, 99, 2, 36, 0, 36, 37],
[49, 0, 83, 9, 15, 0, 87, 6, 16, 89, 100, 86, -73, 13, 58, 4, 67, 65, 36, 96, 61, -41, 2, 39, 0, 28, 88, 0, 89, 82, -92, 100, 0, 67, 56, 100, -52, 63, 87, -40, 48, 39, 53, 89, 0, 0, 96, 0, 35, 0, 26, 15, 34, 0, 83, 46, 28, 1, 3, 17, 31, 67, 56, 39, 35, 85, 99, 100, 98, 0, 81, 8, 82, 22, 65, 77, 31, 0, -26, 4],
[38, 29, 85, 22, 91, 27, 90, 92, 96, 0, 60, 0, -100, 26, -82, 12, 43, 19, 72, -37, 68, 28, 25, 0, 17, 22, 20, 44, 82, 52, 7, 2, 93, 58, 23, 27, 0, 81, 21, -40, 22, 69, 69, 95, 30, 47, 0, 97, 28, 72, 54, 46, 10, 60, 94, 14, 86, 8, 32, 32, 87, 0, 6, -30, 32, 98, 0, 0, 62, 100, 53, 28, 0, 68, -71, 41, 32, 89, 0, 63],
[34, 22, 47, 8, 1, -64, 54, 62, 57, 75, 4, 0, 36, 37, 74, 77, 33, 86, 72, 34, -77, 46, 88, 20, 91, 33, 53, 25, 34, 41, -39, 0, 94, 56, 14, 55, 4, 68, 77, -19, 93, 68, 83, 0, 70, 57, 0, 18, 26, 0, 81, 83, 87, -37, 72, 52, 7, 66, 54, 19, 31, 17, 100, 5, 97, 0, 77, 77, 34, 1, -49, 61, 32, 91, 100, 88, 56, 85, 76, 47],
[62, 30, -29, 43, 67, 5, 12, 24, 20, 58, 80, 1, 11, 31, 90, 19, 27, 61, 14, -50, 55, 73, 84, 25, -12, 48, 9, 24, 0, 54, 82, 4, 11, 93, -35, 59, 51, 0, 0, 0, 16, 100, -77, 73, 96, 52, 50, 68, 41, -55, 93, 58, 13, -61, 23, 23, 99, 44, 69, 0, 64, 0, -51, 42, 0, 83, 0, 75, 0, 33, 8, 38, 60, 56, 93, 42, 0, 57, 9, 75],
[17, 26, 95, 74, -40, -97, 42, 1, -65, 99, 34, 43, 97, 0, 66, 48, 2, 21, 18, 73, 47, 26, 0, 0, 16, 2, 20, 6, 73, 57, 74, 69, 18, 44, 69, 26, 84, 20, -14, 76, -40, 73, 7, 41, 64, 63, 21, 58, 100, -24, 63, -90, 74, 55, 71, 61, 7, 12, 0, 0, 93, 50, 13, 86, 8, 71, 54, 86, 79, 95, 20, 63, 96, 14, -18, 60, 2, -71, 0, 15]]
[2721, 2185, 2445, 597, 2171, 1676, 1252, 1037, 1200, 1479, 1161, 2671, 2745, 780, 1973, 1471, 2643, 1693, 191, 2396, 963, 1281, 1823, 177, 1634, 2135, 1783, 227, 2289, 1762, 1571, 1442, 2461, 1327, 2389, 490, 737, 125, 1574, 2259]
