4
70
35
[[95, 28, 70, 7, 80, 22, 71, -78, 24, 27, 88, 2, -94, 97, 56, 84, 7, 60, 12, 34, -1, 32, 47, 94, 89, 88, 80, -38, -70, 17, -6, 37, 12, -22, 64, 16, 70, 33, 4, 89, -54, 69, 67, 13, -11, 83, -69, 86, 16, 70, -23, -57, 35, 64, 3, 32, 28, 76, -69, -7, 20, 5, 97, -4, 56, 94, 52, 81, -86, 26],
[97, 66, 59, 21, -69, 12, 91, 3, -92, -100, 66, -3, 31, 4, 22, 62, 89, 45, 71, 39, 81, 53, 70, 59, 56, 43, 53, 38, -82, 29, 74, -40, 19, 10, -30, 92, 1, 23, 0, -51, 40, -24, -68, 77, 58, 92, 97, 94, 57, 6, 55, -21, 43, 27, 84, 99, 69, 17, 90, -49, 0, 80, -5, 13, 78, 81, 18, 89, 62, 4],
[93, 70, 78, -38, 82, 15, -43, -22, 68, -94, 12, -22, 47, 93, 84, -46, 100, 37, 12, -55, -87, 76, 56, 24, 47, 71, 17, 90, 16, -28, -22, 76, 52, 55, 11, 59, 62, 96, 90, 42, 50, 96, 62, -69, 68, 78, 32, 24, -34, 49, 81, 2, 43, -41, 16, 68, 13, 34, 49, 54, 70, 63, 86, -13, 67, 29, 44, 90, -72, 19],
[50, -88, 52, 39, 12, -84, -75, 85, 67, 63, 8, -19, 23, 40, 19, 98, 48, 34, -45, 100, 67, 50, -4, 2, 6, 98, 57, 67, 50, 31, 67, 39, 37, 14, -54, 61, 31, 5, 45, 90, 73, -35, 66, 8, 40, 85, 69, 22, 99, 100, 51, 59, -30, 9, 72, -34, 87, 74, 65, -33, 23, 12, -23, 98, 72, -80, 57, 5, 43, 42]]
[[87, 40, -41, 49, 84, 90, 28, 69, 42, 75, 74, 48, 0, 42, 32, 47, 0, 0, 56, 0, 22, 91, -57, 65, 57, 23, 4, 69, 52, 0, 27, 82, 86, 74, 66, 15, 52, 53, 22, 21, 89, 16, 58, 0, 35, 71, 91, 10, 14, 23, 0, -48, 65, -95, 0, 28, 80, 39, 38, 92, 81, 15, 54, -20, 54, 100, 8, -72, 67, 41],
[69, 71, 72, -74, 96, 78, 91, 75, 11, 49, -64, 11, 53, 6, 87, 76, 23, 45, 51, 92, 48, 68, 100, 35, -21, 14, 0, -77, 61, 60, 56, 21, 0, 67, 66, 0, 57, 74, 32, 0, 75, 35, 31, 70, 72, 99, 83, 98, 65, -98, 63, 49, 25, 0, 51, 75, 20, 11, 52, 42, 31, 89, 48, 70, 98, 81, 40, 78, 73, 91],
[66, 55, 11, 40, 69, 100, 18, 81, 41, 48, 0, 76, 89, 87, 44, 85, 43, 34, 94, 69, 30, 62, 16, 45, 73, -89, 44, 49, 41, 93, 11, 63, 61, 83, 57, 16, 49, 50, 10, 29, 98, 74, 29, 73, 56, 53, 42, 0, 0, -89, -46, 54, 56, -52, -35, 99, 41, 36, 0, 64, 9, 91, 86, 15, -25, 0, 0, 71, 30, 36],
[41, 48, 93, 35, 2, 93, 79, 27, 11, 66, 0, 81, 35, 3, 93, 97, 79, 29, 0, 17, 16, 0, 9, 1, 81, 44, 18, 21, 77, 49, 20, 18, 0, 97, 0, 15, 68, 14, 88, 40, 55, 41, 84, 52, -45, 60, -93, 46, 96, 23, -82, 3, 3, 0, 91, 12, 92, 20, 16, 41, 33, 80, 76, 83, -46, 24, 69, 62, 63, 26],
[0, 32, -33, 94, 29, 4, 3, 98, 43, 81, 31, -44, 65, 0, 27, 78, 10, 0, 0, 0, 63, -36, 43, 52, 52, 25, 30, -10, 9, 59, 66, 0, 61, 79, 2, 85, 52, 48, 37, 0, 82, 44, -40, 11, 34, 0, 92, 64, -11, 90, 95, 58, 74, -28, 52, -64, 91, -11, 64, 7, 0, 26, 0, 16, 92, -98, 73, 73, 76, 39],
[91, 3, 49, -75, 70, 53, 87, 100, 94, 68, 80, 72, 21, -49, 40, 34, 58, 66, -58, 52, 0, 4, 67, 97, 75, 10, 53, 44, 79, 79, 84, 80, 0, 16, 42, 69, 70, 97, 15, 63, 53, 66, 89, 70, 0, -87, 48, 74, 11, -59, 52, 58, 70, -59, 21, 0, 78, 36, 97, 67, 41, 80, 17, 9, 87, 0, 76, 85, 14, 38],
[59, 90, 47, 79, 50, 10, 15, 25, 66, 73, 51, 28, 0, 60, 96, 89, 56, 76, 10, -31, 50, 0, 40, 50, 60, 0, 33, 47, 95, 32, 100, 52, 13, -49, 98, 89, 13, 83, 78, 0, 41, 39, 5, -17, 100, 25, 50, 5, 64, 0, 52, -51, 77, 79, 36, 73, 97, 98, 48, -84, 4, 67, 17, 0, 55, 74, 34, 94, 60, 53],
[9, 52, -65, 39, 53, 25, 23, 14, 10, 94, 50, 25, 31, 93, 52, 0, 60, -71, 39, 5, 32, 48, 83, 2, 48, 15, 27, 63, 84, 52, 13, 48, 67, 38, -45, 28, 2, 75, 14, 6, 54, 100, 74, 40, 25, 26, 55, 9, 52, 27, -13, 95, 30, 74, 46, 5, 1, -21, 68, 0, 92, 0, 28, 31, 87, 82, 0, 70, 83, 97],
[40, 13, 96, 0, 76, 16, 18, -95, 34, 5, 58, 52, 74, 37, 81, 7, 0, 4, 17, 40, 75, 80, 45, 76, 0, 0, 24, 4, -60, 82, 11, 43, 45, 16, 81, 47, 0, 21, 77, 91, 66, -18, 0, 72, 0, 13, 23, 100, 17, 5, 59, 52, 99, 87, 0, 0, 9, -75, 19, -15, 80, -8, 91, 0, 90, 83, 80, 91, 7, 30],
[49, 32, 5, 31, 66, 0, 45, 0, 37, -20, -4, 87, 36, 20, 47, -3, 69, 20, -98, 58, 47, 51, 68, 87, -26, 8, 24, 1, 35, 27, 22, 6, 70, 91, 50, 7, 71, 17, 25, -57, 71, 71, 45, 53, 92, 60, 0, -36, -27, 93, 39, 53, 12, -49, 34, 94, 24, 4, 0, 75, 68, 51, 78, 93, 29, 73, 22, 0, 56, 38],
[71, 70, -16, 0, -98, -20, 71, 24, 24, 90, -95, 77, 93, 8, 16, 56, 16, 0, 19, -26, 4, 6, 48, 1, 76, 35, 83, -45, 99, 71, 62, 0, -48, 20, 0, 21, 76, 66, 2, 0, 2, 9, 92, 62, 43, 96, 96, 50, 0, 3, 65, 0, 85, -34, -30, 11, 81, 0, 89, 33, 53, 19, 26, -27, 57, 15, 26, 76, 0, 81],
[52, 84, 13, 76, -13, -24, 39, 18, 3, 33, 76, 18, -75, 19, 74, -38, 35, 60, 42, 49, 44, 70, 21, 46, 79, 81, 26, 55, 91, 41, 75, -12, -52, 57, 84, -81, 31, 10, 76, 74, 34, 7, 53, 11, 33, 8, -48, 18, -56, 91, 79, -46, -3, 60, 20, 26, 87, 13, 93, 83, 73, 33, 87, 27, 24, 0, 3, 14, 0, 78],
[97, -77, 90, 62, 48, 12, 58, -95, 89, 9, 0, 26, 82, 93, 77, 63, 67, 97, 0, 52, 83, 63, 73, 96, 3, 34, 0, -87, 83, 90, 88, 46, 39, 0, 0, 29, 87, -50, 71, 58, 41, 94, 70, -72, 43, 0, 32, 67, 32, 0, 44, 71, 99, 80, 43, 94, 40, 35, 59, -62, 88, 99, 13, 32, 0, 0, 47, 79, 0, 78],
[0, 16, 20, 0, -47, 34, 0, 73, 42, 98, -34, 40, 99, 23, 66, 90, 14, 69, 61, 44, 43, 95, 48, 55, 20, 97, 35, 63, 23, 91, 25, 31, 80, 67, 89, 0, -69, -5, 53, 41, 83, 39, 27, 31, 97, 0, 86, 29, 0, 8, 0, 48, -46, 35, 44, 12, -40, 89, 92, 80, 88, 62, -12, 43, 0, 21, 79, 73, 19, 18],
[38, 71, 42, 53, 16, 98, -29, 6, 7, 77, 69, -52, 76, 53, 48, 62, 19, 85, 92, 93, -32, 11, 50, 0, 57, 76, 34, 75, 54, -81, 53, 11, 69, 22, 35, 22, 26, 0, 66, 69, 19, 40, 68, 0, 0, 71, 54, 0, 3, 15, 74, 100, -7, 50, 0, 2, 95, 49, 0, -12, 71, -23, -25, -42, 79, 27, 33, 29, 7, 53],
[86, 27, 27, 94, 64, 1, 30, -56, 64, 10, 67, -44, 31, 73, 42, 94, 86, 9, 0, 2, 59, 44, 84, 72, 0, 0, 0, 38, 26, 44, 83, 0, -76, 2, 29, 60, 17, 84, 16, 2, 76, 14, 85, 26, 63, 0, -82, -78, 27, 28, 95, 39, 66, 19, 16, 44, 0, 17, 8, -36, 64, 53, 46, 93, 81, 99, 53, 97, 13, 7],
[0, 98, 72, 0, 80, 0, 0, 0, 45, 49, 19, 61, 99, 59, 6, 39, 0, 46, 64, 70, 69, 44, 98, 61, 5, 24, 44, 55, 62, 0, -88, 0, 51, 10, 9, 93, 64, 61, -92, 67, 34, 95, 66, 21, 82, 33, 95, 41, 87, 41, 23, 74, 95, 92, -8, 73, 31, 84, 6, -84, 87, 71, 100, 0, 87, 67, 84, 56, 94, 61],
[20, 11, 36, 46, 99, 28, 12, 66, 0, -10, 70, 81, 56, 22, 27, 46, 0, -86, 52, 15, 90, 0, 18, 72, 0, 83, 53, 93, -41, 65, 67, 0, 49, 33, 74, 2, 68, 14, 59, 77, 45, 12, 91, 62, 52, -36, 74, 70, 39, -28, 0, 75, 23, 49, -68, 80, 25, 0, 93, -35, 9, 0, 74, 34, 35, 91, 29, -8, -62, 0],
[19, -33, 70, 16, 85, 10, 33, 99, -9, 58, 89, 64, 0, 57, 0, 72, 79, 3, 89, 37, -85, 28, 59, 52, 66, 90, 68, 71, 94, 87, 0, 0, 8, 50, -65, 83, 42, 93, 23, 29, 9, 16, 17, 76, 15, 10, -19, 61, 12, -2, 48, 19, 80, 0, 3, 87, 71, 92, 98, 43, 91, 0, 92, 16, 83, 63, 73, -38, 98, 2],
[64, 20, 22, 0, -82, 45, -23, 97, 50, 0, 32, 84, 0, 0, 76, -9, 0, -54, 67, 81, -91, 2, 80, 31, 2, 27, 40, 83, 33, 90, 72, 18, 96, 49, 52, 62, 22, 89, -92, 0, 11, 85, 87, 45, 67, 55, 12, 10, 42, 49, -76, 66, 99, 74, 38, 58, 40, 10, 76, 92, 94, 35, -7, 5, 18, 39, 31, -73, 32, -72],
[86, 0, 28, 60, -21, 46, 99, 78, 25, 27, 35, 85, 69, 0, 1, 0, 70, -93, 40, 13, 38, 51, 66, 64, 41, 26, 32, 32, 0, 100, 20, -59, 70, 48, 89, 70, 21, 38, -73, 68, 27, 97, 87, 26, -19, 32, -75, 42, 23, 52, 0, 21, 92, 36, 10, 63, 49, 0, 43, -68, 8, 0, 40, 0, 0, 0, 13, 47, 46, 0],
[10, 80, -24, -34, 51, 34, 89, 60, 81, 36, 70, 54, 84, 46, 18, 74, 97, 32, 55, 31, -19, 99, 31, 68, 0, 0, -93, 52, 61, 61, -35, 36, 5, 93, 7, 33, 53, 0, -50, 33, -48, 19, 52, 7, 0, 42, 65, -50, -54, 33, 90, 86, 77, 38, 89, 11, 75, 17, 6, 0, 18, 78, 39, 42, 31, 72, 86, 0, 9, 92],
[80, 76, 43, 93, 36, -94, 81, 45, 0, 86, 100, 29, 67, 22, 28, 0, 93, 89, 70, 98, 2, 70, -14, 93, 69, 16, 61, 56, 63, 50, 22, 59, 0, 47, 26, 81, 78, 0, 86, 8, 31, 39, 3, 43, 27, -49, 43, 40, -13, 47, 21, 51, -100, 65, 64, 64, 48, -62, 100, 8, 86, 3, 33, 30, 37, 91, 100, 65, 5, 86],
[-52, 50, 100, 50, 7, 67, 79, 98, 25, 0, 1, -86, 50, 100, 9, 22, -67, 59, 83, 33, 65, -71, 87, 27, -51, 64, 54, 50, -44, 58, 35, 75, 63, 52, 91, 9, 93, 85, 63, 0, 13, 49, 11, 13, 0, 63, 48, 52, 66, 0, 17, 46, -33, -6, -15, 69, 60, 53, -57, 35, 77, 0, 0, 65, 0, -14, 15, 97, 87, 41],
[47, 66, 0, 25, 22, 39, 68, 62, 13, -51, 10, 7, 78, -3, 1, 52, 85, 59, 94, 95, 0, 0, 100, 29, 68, 72, 0, 81, 75, -71, 3, 78, 46, 25, 29, 64, 0, 0, 27, 79, -19, 77, 11, 90, 46, 97, 42, 69, 0, 14, 64, 18, 47, 7, 56, 4, 41, 42, 55, 54, 80, 0, 54, 41, 78, 37, 44, 0, 32, 15],
[70, 97, 39, 76, -7, -45, 89, 82, 32, 65, -98, -25, 21, 78, 76, 0, 45, 0, 80, 15, 55, -36, -52, 83, 96, 0, 60, 56, 98, -20, 79, 34, 46, 7, 59, 36, 0, 0, 78, 93, 6, 26, 0, 86, 31, 38, 26, 10, 30, -61, -91, 67, 96, 83, 57, -69, 11, 14, 29, 69, 45, -10, 3, 64, 3, -60, 0, 7, 58, 63],
[69, 31, 81, 8, -58, 68, 83, 57, 58, 0, 0, 23, 72, 64, 43, 15, 92, 66, 62, 65, 56, -55, 94, 82, 13, 70, 99, 86, 77, 22, 0, 36, 89, 0, 11, 70, 50, 83, 49, 23, 26, 70, 64, 88, 38, 99, 83, 95, 85, 0, 96, 33, 43, 54, 7, 61, 55, 7, 59, 38, -90, -95, 85, -37, 86, 87, 70, 0, 13, 5],
[34, 0, 0, 6, 39, 1, 72, 0, 78, 62, 45, 66, 72, 91, 98, -34, -47, 37, 70, 71, 64, 97, 7, -84, 88, 64, 63, 53, 75, 25, 47, 76, -60, 0, 11, 35, -100, 2, 75, -44, 97, 23, 98, 82, 26, 58, 71, 74, 90, 36, 23, 6, 39, -37, 0, 0, 73, 0, 95, 54, 24, 71, 44, 18, 42, 81, 24, 50, 85, 32],
[45, -43, 0, 13, 0, 67, 87, 27, 96, 52, 36, 68, 63, 11, 32, 88, 20, 32, 50, 90, 16, 17, -92, 37, -64, 92, 28, 34, 6, 47, 28, 61, 66, 25, 0, 15, 61, 92, 81, 100, 72, 77, 16, 78, -59, 53, 50, 40, 52, 23, 78, 42, 9, 2, 68, -28, 90, 82, -16, 11, 81, 5, 49, 28, -24, 67, 87, -9, 41, 84],
[57, 84, -72, 90, 99, 0, 62, 98, 0, 26, 0, 76, 95, 85, 58, 81, 34, 97, 60, -92, 92, 47, -37, -73, 18, 87, 33, 5, 25, 15, 16, 22, 70, 0, 29, 0, 77, 0, 23, 0, 31, 59, 38, 76, 9, 98, 71, 0, 0, 7, 36, 55, 6, 4, 86, 5, -65, 49, 83, 40, 56, 39, 81, -35, 96, 32, 49, 97, 60, 36],
[41, 73, 98, 58, 7, 0, 55, 93, 65, 30, 31, 92, 47, 33, -13, 51, 10, 98, 96, 42, 71, 18, 13, 0, 78, 90, 99, 29, 98, 0, 0, -97, 54, 89, 28, 49, 15, 63, 46, 86, 48, 25, 100, 89, 1, 45, 0, 49, 43, 79, 5, 43, 65, 59, 16, 22, 94, 96, 84, 0, 0, 0, 0, -45, 93, -81, 81, 30, 49, 82],
[40, 58, 72, 79, 24, -61, 27, 61, 7, 23, 0, -44, 8, 77, 59, 69, -3, 0, 83, 86, 47, -30, 50, 38, -73, 100, 55, -93, 17, 22, 52, 42, 77, 9, 51, 22, 3, 84, 89, 63, 0, 63, 20, 74, 89, 86, 18, 2, 42, 78, -88, 24, -26, 0, 28, -86, 20, 53, 99, 60, 12, 49, 44, 0, 13, 37, 58, 62, 59, 96],
[99, 55, 0, 7, -56, 64, -59, 56, 0, 70, 45, 25, 83, 96, 32, 59, 97, 49, 76, 58, 40, 43, 29, 3, 64, 32, -4, 42, 30, 43, 71, -57, 59, 18, 87, 14, 62, 73, 88, 34, 47, 59, 22, -78, 38, 12, -34, 75, 47, 59, 68, 59, 28, 21, 0, -47, 52, 0, 95, 24, 0, 62, 3, 49, 45, 4, 32, 5, -6, 32],
[47, 9, 0, 28, 77, 60, 60, 76, 91, 19, 98, 72, 59, 34, 10, 79, 12, -28, 92, 60, 68, 0, 27, 37, 31, 8, 59, 37, 88, 0, 41, 86, 0, 98, 58, 20, 81, 25, 48, 40, 40, 45, 36, -25, 91, 84, 0, -95, 23, 95, 49, 0, 6, 59, 97, -19, 90, 7, 68, 37, 14, 6, 38, -98, 33, 29, 43, 55, 41, 0],
[19, 73, -20, 43, 22, 91, 7, 33, 5, 79, 30, -80, 52, 21, 89, 29, -41, -85, 81, 88, -63, 37, 74, 87, 5, 15, 72, 6, 11, 16, 25, 6, 46, 24, 80, 0, 17, 66, 63, 47, 39, 0, 72, 91, 8, -99, 100, 67, -90, 0, 35, 7, 67, 35, 84, 67, 37, -59, 76, 83, 33, 54, 84, 22, 92, 17, 72, 71, 46, -30]]
[2181, 820, 967, 1416, 1137, 1714, 674, 1356, 1878, 255, 1730, 1608, 2165, 2119, 1365, 1302, 3021, 1763, 1617, 1540, 1776, 1147, 2008, 2016, 1083, 2022, 1604, 2425, 303, 1210, 478, 1221, 686, 2113, 723]
