5
40
20
[[-71, 13, -16, 65, 76, 84, 41, 62, -51, 81, 79, -74, 17, 20, 3, 14, 56, 31, 56, -44, 10, 95, 51, 47, 93, 34, 10, 79, 92, -43, -66, 28, -100, 30, 56, -13, 26, -82, 40, 79],
[92, 3, 74, -70, 81, -40, 60, -95, 48, 15, 22, 71, 87, -73, 53, 58, 18, 48, -57, 58, 66, 39, 7, 85, 81, 59, 3, 53, -82, 16, 86, 17, 36, 97, 43, 3, 74, 33, -14, 37],
[18, -31, 26, 11, 2, 16, -98, 92, 98, -83, 44, 49, 62, -100, 0, 15, 33, -60, 7, 3, 81, 98, -48, -80, 78, 92, 58, 41, 23, 68, 78, -58, 68, -30, 36, 85, 94, -2, 71, 97],
[57, -29, 28, 34, 54, 75, 86, 43, 0, 29, 87, 54, 97, 25, 72, 17, 9, -58, 2, 88, 79, 88, 80, 19, -58, 17, 63, 9, 23, 28, -44, 22, 34, 2, 41, -8, 52, 85, 9, 11],
[53, 82, 0, -25, 25, 18, -52, 46, -95, 19, 39, 68, -10, 22, 57, 53, 63, 25, 25, 87, 3, 32, 46, 35, 27, 100, 66, 57, 20, 58, 13, 87, 46, 40, 12, 22, 32, 69, 32, 30]]
[[42, 75, 4, 0, 0, 40, 6, 50, 0, 4, -90, 96, 11, 52, 11, 24, -57, 48, 0, 23, 0, 42, -4, -94, 52, 74, 34, 88, 68, 8, 0, 18, 77, 38, 72, 80, 70, 36, 34, 77],
[3, 44, 14, 66, 29, 1, 91, 59, 0, 100, 84, 82, 16, 0, 49, 100, -58, -66, 40, 17, -73, 77, 26, 22, 83, 84, 37, 51, 79, 13, 23, 0, 66, 0, 52, 13, 58, 13, 69, 3],
[86, 7, 81, 6, 48, 82, 97, 6, 9, 14, 84, 20, 94, 94, 57, 54, 29, 97, -72, -21, 77, 50, 55, 35, 27, 26, 0, 46, 24, 29, 57, 0, -2, 68, 52, 98, 73, 92, 47, 78],
[-97, 36, 0, 81, 83, 78, 38, 46, 33, 0, 84, -71, 0, 3, -96, 52, 31, 86, 97, 21, 48, -43, 41, 16, 31, 99, 31, -10, 91, 49, 43, 76, 61, 34, 60, 34, -44, 33, 85, 83],
[82, 26, 68, 81, 19, 5, 0, 78, 11, 0, 71, 69, 22, 11, 0, 59, -41, 83, 79, 5, 52, 67, 70, 77, 63, 58, 58, 68, 44, 47, 72, -38, 58, 68, 17, 85, 38, 95, -65, 55],
[13, 17, 65, 79, 99, 63, -98, 60, 62, 63, 82, 71, 26, 69, 33, 55, 65, 80, 23, 21, 98, 24, -24, 47, 80, -30, 41, 94, 19, 62, 29, 0, 94, 75, 10, 43, 30, 53, 2, 77],
[0, 10, 27, 70, 69, 54, 0, 71, 0, 57, 76, 19, 0, 49, 49, 45, 55, 1, 93, 68, 46, 11, 14, 37, 42, 40, 66, -53, 2, 26, 75, 35, 53, 70, 12, 88, 96, 34, -75, 93],
[33, 25, 44, -61, 34, 15, -76, 57, 14, -30, 89, 47, 60, 11, 48, 89, 75, 0, 0, 0, 58, 55, 73, 72, 0, 0, 31, 0, -19, -73, 88, 84, 17, 77, -89, 19, 70, 88, 94, 1],
[-83, 37, 79, 29, 64, 69, 41, 68, 45, 84, 93, 0, 33, 92, 35, 77, 10, 76, 20, 0, 1, 43, 28, 37, 55, 69, 77, 52, 93, 34, 0, 26, 25, 37, -9, 14, 56, 20, 18, -39],
[43, 96, 0, 48, 34, 93, 84, 0, 9, 84, -57, 23, 95, 0, 20, 43, 42, -77, 97, 64, 2, 42, 50, 13, 33, 81, 10, 0, 30, 0, 70, 6, 0, 0, 14, 71, -20, 54, 32, 77],
[0, 78, 56, 95, 78, 95, 35, 26, 77, 88, 79, 1, 92, 42, 49, 0, -32, -19, 64, 16, 18, 22, -92, 35, 62, 37, 55, 52, 0, 6, 8, 73, 0, 81, 45, 33, 71, 35, 59, 78],
[40, 29, 23, 44, 7, 91, 0, -37, 27, 18, 88, 32, 99, 51, 11, 50, -33, 0, 60, 53, -25, 53, 73, 29, 83, 14, 60, 85, 0, 52, 18, 97, 64, 85, 25, 47, 99, -21, 78, 93],
[0, 88, 25, 56, 12, -90, 68, -4, 72, 26, 5, 24, -23, -33, 38, 29, 25, 0, 50, 81, 79, 3, -46, 0, -15, 86, 0, 91, 2, 61, -40, 0, 21, 96, 61, 0, 28, -14, -14, 15],
[20, 82, -62, 96, 61, 83, 50, 5, 43, 15, -81, -70, 0, 37, -16, 48, 72, 67, 13, 73, 87, 18, 12, 0, 81, 55, 62, 4, 95, 30, -17, 49, 53, 35, 37, 3, 47, 90, 76, -49],
[6, 27, 53, 0, 52, 77, 29, 4, 49, 10, 98, 0, 45, 46, 51, 92, -86, 56, 78, -41, 61, -72, 36, 100, 0, -63, 87, 38, 80, 0, 20, 38, 0, 53, -76, 86, 53, 94, 66, 96],
[12, 26, 7, 75, 40, 36, 51, 70, 0, 77, 20, 79, 100, 32, 61, 84, 38, -27, 11, 49, 73, 95, 86, 1, -6, 51, 0, 29, 38, -84, -40, 87, -20, 83, 2, 0, -40, 39, 20, 24],
[18, 81, 36, -85, 9, 76, 75, 79, 54, 9, 77, 0, 0, 50, 84, 93, -97, -1, 41, 92, 8, -13, 71, 46, 17, 9, 53, 37, 50, 37, 60, 36, 38, 46, 69, 34, 39, 60, -17, -43],
[-34, 58, 62, 1, 61, 8, 68, 27, -84, -29, 38, 93, 8, -59, 0, 42, 0, 67, 76, 98, 76, 8, 47, 55, 79, 77, 26, 0, 19, 5, 0, 0, 0, 56, 3, 7, 51, -48, 63, 10],
[65, 15, 59, 62, 62, 46, 99, 83, 16, 0, 38, 57, 28, -87, 70, 100, -13, 21, 41, 85, 0, 64, 14, 18, 40, 13, 0, 36, 57, 83, 53, 94, 59, 35, 5, 65, 88, 0, 46, 16],
[55, 35, 66, 46, 32, 93, 81, 37, 68, 18, 47, 61, 95, 0, 20, 44, 84, 76, 5, 2, 77, 20, 11, -3, 73, 68, 16, 5, 44, 0, 64, 73, -70, 0, 86, 0, 87, 1, 0, 62]]
[666, 1252, 1486, 285, 1699, 749, 1058, 620, 275, 1077, 1489, 1256, 413, 765, 334, 329, 1324, 188, 1070, 498]
