4
60
30
[[44, 41, 78, 32, 91, 7, 23, 60, 90, 35, 3, 11, 34, 16, 54, 2, -45, 47, 5, 6, -90, 6, 93, 50, -86, -60, 41, 95, 99, 9, 91, 49, 54, -22, 75, -45, -2, 18, -72, 75, 53, 61, -32, 70, 67, 18, 91, 2, 64, -96, 66, 24, 22, 56, 11, 95, 46, 58, 11, 81],
[7, -66, -33, 43, 17, 71, -93, -53, 38, 82, 34, 13, -68, 95, 100, 21, 76, 4, 93, 75, 95, 94, 40, 33, 45, 28, 91, 59, 13, 67, 29, -80, 44, 48, 72, 47, 67, 69, 83, 86, 16, 6, 56, 30, 19, -17, 85, 54, 29, 66, 24, 68, -46, 99, 38, -36, 99, 61, 36, -76],
[88, 5, 11, 2, 62, 42, -18, 77, 46, 75, -41, 39, 10, 12, 92, 2, 43, 53, 68, 96, 23, 15, 47, -58, -33, 79, 56, 85, 18, -89, 32, 90, 23, 31, -4, 20, 64, 25, 28, 5, -17, -79, 1, 4, 2, 29, 31, 10, 61, 45, 68, 78, 1, 43, 70, 25, 33, 93, 53, -47],
[13, -11, 2, -1, 40, 21, 10, -62, 2, -58, 31, 26, 13, 98, 16, 21, 35, 75, 9, 1, 19, 56, 22, -59, 78, -3, 51, 72, 42, 30, 22, 88, 61, 96, 37, -82, 20, 86, 70, 68, 10, 56, 89, 25, 99, 89, 6, 78, 39, 37, 70, 32, -70, 33, 44, 48, 67, 15, 31, 86]]
[[5, 51, 49, 31, -1, 34, 38, -61, -16, -93, 6, 86, 56, 84, 30, 95, 24, 32, 18, 82, 0, 16, 94, 0, 1, -8, -60, 68, 37, 97, 0, 26, 0, 60, 88, 13, -48, 23, -91, 2, 56, -74, 10, 46, 93, 100, 2, 16, 0, 75, 78, 72, 19, 5, 75, 28, -71, 27, 39, 23],
[5, 0, 6, 91, 52, 84, 31, 12, 21, 0, 95, 2, 20, 22, 70, 0, 85, 25, 75, 62, 55, 0, 38, 62, 53, 0, 0, 86, -42, 3, 19, 77, 39, 72, 22, 13, 32, 7, 9, 86, 37, 82, 7, 58, 54, 45, 85, 60, 18, 61, 2, 91, 52, 78, 41, 31, 2, 0, 9, 84],
[44, 0, -72, 64, 57, 11, 96, 85, 35, 7, 22, 25, 71, 26, 15, -48, 54, 51, 10, 0, 66, -59, 4, 46, 59, 39, 49, -22, 79, 0, 58, 82, 0, 35, 27, 0, 42, 56, 89, 0, 14, 86, 89, 26, 33, -16, 0, 0, 70, 38, 24, 61, 89, 92, 7, 24, 95, 85, 10, 5],
[-64, 94, 57, 17, -12, 29, 57, 49, -29, 13, 0, -65, -56, 0, 54, 91, 3, 27, 75, 47, 89, 88, 0, 44, 45, 68, 63, 36, 87, 18, 34, 0, 23, 0, 50, -36, 56, 22, 43, 86, 35, 36, -43, 82, 97, 74, 0, 8, 3, 38, 79, 57, 0, -89, 93, 72, 41, -92, 8, 75],
[72, 34, 97, 10, 71, 93, 93, 61, 61, 88, 0, 67, 72, 33, 42, -32, -22, 35, 22, 74, 46, 0, 0, 13, 56, -78, 96, 15, 95, 37, 65, 34, 79, 0, 14, 80, 49, -67, 15, 82, 84, 100, 85, 47, 33, 83, 97, 93, 39, -14, 80, 40, 67, 98, 2, 58, 68, 17, 96, 99],
[81, 92, 79, 80, 7, 63, 72, 40, 88, 47, 79, 34, 48, 32, 0, 60, -36, 97, -77, 0, 7, 18, 97, 60, 34, 58, 13, 12, 73, 32, -31, 0, 75, 9, 86, 89, 39, 0, 7, -23, 46, 0, 0, -8, 39, -29, 0, 4, 0, 19, 7, 88, 85, 0, 57, 79, 65, 23, 34, 44],
[69, 31, 86, 44, -77, 80, 62, 8, 87, 3, 53, 10, 72, 75, -17, 0, 53, 63, 72, 37, 80, 53, -40, 0, 0, -95, 10, 44, 59, 29, 60, 83, 68, 57, 28, 86, 1, 63, 74, 72, 30, 82, 27, 97, 10, 85, 60, 40, 2, 57, 24, 93, 6, 78, 78, 69, -74, 46, 76, 39],
[23, 26, 94, 92, 8, 14, 14, 55, 16, 47, 2, 93, 99, 27, 84, 0, -94, 31, 60, 88, 91, -39, 22, 94, 16, 37, 28, 74, 88, 0, -73, -84, 11, 64, -60, 94, 37, -49, 23, 70, 0, 96, 49, 39, 2, 42, -47, 24, 56, -50, 46, 56, 34, 87, -21, 79, 5, 42, 97, 75],
[-84, -41, 29, 18, 97, 79, 35, 0, 92, 37, 38, 0, 42, 5, 86, 69, 90, 90, 48, 0, 65, 92, 30, 78, 12, 44, 40, 62, -78, 7, 0, 90, 20, 70, -72, 0, 24, 79, 0, 8, 2, 11, 96, 10, 20, 0, 71, 0, 0, -93, 26, 69, 16, 62, 67, 53, 48, 94, 63, 95],
[71, 86, 11, -18, 0, 0, 43, 50, 14, 39, 3, 6, 27, 88, 20, 21, 26, 81, 0, 91, 0, 7, 24, 24, 26, 9, 90, 0, 96, -31, 94, 73, 17, 0, 8, 81, 83, 10, 20, 39, 6, 81, 0, 71, 73, 32, 19, 39, 70, 3, 62, 20, 78, 0, 68, 71, -24, 71, 91, 27],
[93, 14, 0, 53, -58, -97, 69, 2, 77, 0, 44, 6, 25, 20, 73, 0, -11, 1, 5, 0, 0, 13, 63, 0, 31, 0, 29, 53, 35, -32, 26, 4, -78, 15, 0, 0, 0, 17, 63, 39, 0, 55, 67, 91, 61, 58, 44, 80, 77, 77, 6, 11, 0, -39, 34, 7, 40, 27, 9, 83],
[26, 51, 87, 39, 14, 0, 19, -29, 13, 70, 57, 18, 19, 89, 39, 30, 96, 46, 76, 3, 89, 0, 8, 72, 35, -88, 61, 97, 7, 45, 80, 0, 75, 0, 20, 27, 78, 85, 65, 17, 35, 41, 31, -65, 58, 69, -26, 17, 22, 88, 2, 0, 79, 23, 45, 0, 81, 40, 96, 22],
[79, 68, 47, 0, 84, 25, 79, 85, 0, -36, 77, -49, 89, -95, -5, 31, 75, -2, 91, 57, 29, 12, 72, 85, 42, 26, 0, 78, 46, 89, 74, 86, -61, 100, 85, 39, 74, 85, 3, 58, 64, -85, 63, 65, -30, 64, 19, 45, 44, 40, 89, 1, 10, 36, 0, -8, -29, 19, 62, 0],
[82, 34, 90, 71, 25, 0, 53, -35, 65, 40, 87, 93, 18, 7, 52, 0, 22, 60, 26, 37, 97, 11, 14, 0, 68, 24, -23, -47, 98, 61, -60, 0, 29, 22, 89, 37, 44, 86, 18, 68, 68, 90, 23, 28, 96, 53, 39, 22, 99, 56, 91, 12, 26, 88, 98, 9, 100, 39, 96, 15],
[67, 3, 14, 30, 26, 0, 18, 81, 27, 85, 24, 88, 91, 46, 92, 78, 26, 57, 83, 88, 52, -16, 34, 12, 34, 83, 89, 80, 97, 65, 84, 43, -89, 67, 27, 32, 59, 0, 92, 59, 16, 34, 43, -49, 2, 87, 60, 32, 41, 37, 58, 66, 49, 83, 65, 91, 95, 52, 29, -41],
[46, 0, 75, 8, 0, 44, 39, 14, 83, 56, 61, 13, 92, 93, 66, 89, 75, 15, 0, -35, 22, 66, 86, 84, 82, 16, -61, 0, 0, 4, 73, 18, 21, 0, 55, 56, 94, 84, 42, 26, 36, 22, 0, -75, 13, 36, 0, 9, 11, 70, 19, 52, 86, 51, 85, 22, 0, 58, 55, 96],
[9, 64, 13, 74, 48, 47, 67, 40, 42, 21, 82, 37, 0, 32, 72, 48, 37, 62, 82, 35, -20, 51, 44, 85, 90, 16, 0, 58, 70, 84, 28, 0, 27, 54, 8, 22, 39, -81, 48, 38, 59, 7, 44, 32, 31, 80, 16, 54, 38, -71, 43, 88, 52, -30, 71, -70, 36, 4, 99, 75],
[54, 39, 52, 81, 9, 2, 13, 11, 0, 10, 61, 19, 78, 75, 58, 5, 2, -81, 54, 25, 0, -50, 0, 63, 79, 48, 71, -72, 4, -90, 81, 27, 50, 88, 73, 69, 53, 48, 45, -40, 92, -89, 17, 52, 46, 99, 31, 12, 53, 50, 39, 0, 91, 69, 41, 16, 70, 75, 40, 0],
[60, 59, 76, 97, 35, 5, 33, 81, 18, 79, 27, 22, 18, 27, 11, -83, 54, 56, 59, 85, 47, 52, 11, 3, 81, 87, -26, -98, 4, 50, 0, 68, 93, 40, 2, 6, 38, 47, 0, -22, 0, 59, 21, 75, 68, 33, 16, 36, 31, 26, 50, 61, 22, 51, 15, 47, 90, -67, -30, -62],
[71, 90, 0, 73, 99, 16, 26, 5, 74, 15, 10, 21, 66, 9, 62, 75, 18, -76, 80, 81, 97, 28, 73, 70, 87, 34, 45, 96, 0, -96, 71, 21, -32, 31, -91, 84, 25, 15, 54, 16, 33, 34, 45, 25, 98, 2, 80, 73, 53, -49, 32, 50, 16, 3, 12, 0, 45, 0, -27, 91],
[0, 26, 0, 5, 28, 95, 5, 63, 7, 0, 72, 24, 40, 28, 94, -81, 98, 72, 56, 28, 55, 93, 85, 48, 57, 79, 88, -89, 94, 84, 39, -30, 40, 60, 68, 94, 67, 8, 36, 75, 22, 21, -46, 37, 71, 35, -77, -55, 47, -42, 0, 53, 59, 44, -26, 85, 22, 88, 92, 0],
[91, 75, 10, 46, 26, 32, 42, 76, 24, 0, -3, 0, 65, 31, 71, 72, 62, 24, 62, 15, -95, 57, 80, 23, 97, 76, -58, 99, -66, 60, -50, 42, 0, 66, 56, 63, 5, -82, 83, 0, 38, 0, -87, 0, 8, 0, 43, 20, 98, 89, -56, 58, 53, 62, 24, 99, -5, 44, -30, 27],
[44, 7, 2, 87, 43, 97, 55, 49, 59, -3, 3, -68, 47, 36, -34, 68, -60, 100, 27, 94, 83, 66, 87, 0, 0, 18, -18, 0, 0, 0, 60, 20, 22, 31, 18, -69, 31, 0, 100, 43, 37, 78, 75, 57, 16, 72, 29, 20, 50, 22, 15, 13, 56, 27, 30, 20, 100, 14, 94, 32],
[3, -34, 28, 80, 79, 40, -27, 0, 4, 16, 11, 100, -68, 0, 26, 15, 21, 0, 87, 71, 28, 23, 35, 61, 87, 90, -3, 37, 9, 10, 96, 8, 12, 73, 73, 43, -62, 89, 93, 22, 14, 0, 11, 0, 0, -82, 17, 0, 9, 0, 0, 44, 19, 0, 62, 0, 28, -63, 55, 100],
[80, 81, 86, 83, -90, 11, 75, 74, 50, 86, 0, -51, 12, 59, 47, 33, 0, 11, 34, 97, 0, 7, 8, 55, 9, 0, 99, 99, -53, 17, 96, 83, 16, 92, 97, 22, 42, 0, 21, 35, 66, 89, 43, 51, 34, 65, 84, 52, 62, 29, 48, 10, 95, 39, 0, 74, 22, 0, 75, 65],
[-2, 0, 68, 18, 0, 79, 62, 17, 0, 57, -96, 25, 69, 0, 86, 58, 58, 52, 96, 23, 40, 26, 0, 0, 86, 2, 84, 0, 79, 27, 50, -69, 67, 100, 29, 46, 79, 91, 0, 10, 51, 58, 57, 64, 20, 49, 48, 98, 25, 90, 3, 20, 23, 45, 22, 73, 50, 26, -29, 28],
[77, 35, 54, 59, 14, 31, 53, 81, 0, 24, 83, 5, 27, 38, 19, 90, -59, 40, 1, 35, 78, 59, 21, 17, 70, 63, 36, 84, 97, 62, 0, 52, 0, 98, 4, 24, 26, -96, 36, 26, 56, 92, 0, 28, 30, 83, 53, 38, -83, 2, 68, 100, -76, 10, -65, 33, 90, 79, -27, -6],
[77, 50, 92, 92, 54, 25, 68, 78, 40, 3, 18, 64, 69, 20, 67, 73, 78, 18, 74, -75, 77, 81, 80, 12, 0, 15, 62, -44, -28, 26, 95, 21, 27, 55, 16, 22, 41, 25, 52, 96, 26, 0, 87, 0, 94, 49, 0, 43, 56, 95, 34, 13, 12, 37, 81, 36, 18, -12, 71, 42],
[29, 88, 81, 21, 50, 0, 41, 91, 87, 36, 50, 30, 79, 0, 49, 36, 62, 79, 29, 5, 20, 67, 0, 97, -54, 33, 51, 53, 48, 99, 80, 77, 0, 41, 1, 58, -82, 60, 91, 82, 100, 27, 15, -67, 56, 93, 45, 74, 36, 0, 37, 20, 2, 1, 88, 67, 54, 10, 46, 0],
[73, 34, 78, 0, 42, 57, -10, 24, 41, 33, 8, 92, 40, 99, 69, 0, 9, 74, 58, 60, -8, 0, 97, -5, 0, 36, 67, 47, 53, 93, 35, 45, 7, 40, 96, 32, 97, 68, 21, 49, 6, 80, 45, 26, 63, 0, 98, 18, 91, 87, 66, 4, 81, 89, 48, 83, 65, 66, 11, 63]]
[309, 1710, 772, 1597, 863, 825, 2111, 1909, 487, 456, 135, 743, 468, 2400, 904, 1811, 719, 1600, 762, 2003, 1456, 478, 262, 1035, 717, 2045, 168, 2277, 1705, 330]
