4
80
40
[[-18, 68, 47, -10, -79, -25, -99, 23, 50, 63, 37, 38, 30, 4, 3, 11, -97, 20, 65, 51, -97, 82, 3, 23, 81, -99, 58, 21, -13, 7, -30, 77, 98, -75, 7, 48, 2, 15, 35, 59, 25, 33, -99, 70, -19, 79, 96, 26, -47, 56, 27, 72, 34, -65, 26, -15, 55, 35, 74, 45, 83, 7, 80, 72, 86, 95, 32, 42, 54, 36, -28, 32, 40, 84, 72, 68, 53, 32, 8, 66],
[-70, 7, 26, 29, -73, 60, -15, -74, 59, 39, 39, 84, -18, 24, -82, -15, 51, -89, 42, 57, 5, 69, -91, -83, 5, 98, 64, -64, 98, 37, 50, 66, 16, 78, 18, 28, 52, -85, 92, 29, -11, 42, 8, 99, 38, 22, -41, -10, 67, 33, -97, 9, 58, 17, 58, 47, 73, -100, -33, -14, 35, 96, -3, -30, 54, 49, 65, 12, 85, 72, 76, 90, 8, -72, 89, 83, 24, 19, 64, -15],
[93, 74, 95, -20, 16, 21, -29, 39, -100, 57, -18, 14, 18, 29, -78, 99, 50, 73, 59, 23, 5, 67, 55, 59, 74, 45, 56, 63, 93, -46, 6, 30, 26, 1, -44, 60, 69, 40, 32, -21, 14, 61, 84, 44, 16, -9, 52, 80, 25, -38, -95, 44, 49, -2, -17, 86, -98, 68, -29, 63, -90, 10, 77, -60, 72, 85, 26, 52, 13, 56, -73, 96, 89, 15, 76, 49, -67, 49, 50, -88],
[94, -2, 26, 94, 0, 37, 91, 57, -4, 41, 51, -42, -51, 95, -3, 21, -96, 10, 71, 71, 53, 99, 41, 24, 29, 8, -45, 64, 75, 3, 66, 63, 44, 100, 77, 86, 79, -26, 41, -44, 64, 50, 32, 23, 73, 78, 52, 7, -88, 11, -23, -82, 82, -25, 92, 93, 98, 75, 56, -65, 26, 67, 54, 74, 82, -44, 82, 16, 68, -15, 23, 15, 20, -50, 89, -95, 0, 92, 47, 22]]
[[49, 12, 47, 4, 4, 0, 0, 40, -41, 0, 0, -58, 23, 11, 66, 0, 19, 46, 1, 1, 14, 71, 100, 11, 28, 0, 48, 48, 51, 28, 92, 80, 12, 6, -68, 2, 87, 71, 98, 89, 88, -85, 29, 25, 34, 41, 46, 85, 52, 58, 63, 85, 57, 27, 15, 0, 2, 0, 36, 10, 25, 14, 68, 86, 16, 42, 22, -68, -49, 61, 42, 94, 77, 0, 0, 0, 28, 82, 87, 38],
[90, 70, 35, 35, 96, 55, 66, 31, 68, -30, 19, 13, 9, 78, 20, 87, -18, 41, 0, 76, 42, 38, 28, 29, 100, 57, 54, 97, 92, 22, 99, 34, -74, 49, 36, 27, 86, 76, 0, 4, 97, 56, 92, 79, 32, 57, 57, -89, 28, -88, 37, 99, 0, 63, 34, 93, 57, 89, 22, 17, 60, 15, 30, 0, 94, 50, -87, 42, 0, -38, 90, 34, 30, 14, 0, 36, 44, 6, 0, -58],
[92, 65, 47, 27, 90, 52, 17, 97, 77, 13, 13, 42, 40, 73, 90, 0, 81, 33, 6, 0, 95, 76, 64, 93, 92, 46, -36, 51, -86, 53, 38, 7, -79, 38, 72, 92, 48, 11, 0, 4, 50, 17, 38, 4, 91, 96, 33, 84, 59, 76, -80, 94, 72, 97, 18, 53, 72, 20, -55, 52, 19, 13, 84, 88, 45, 45, 87, 51, 97, 40, 0, 93, 18, 2, 7, 79, 43, 55, 10, 81],
[45, 60, 35, -12, 56, 46, -80, 19, 29, 90, 24, 97, 86, 59, 71, 0, 15, -11, 42, 34, 55, 18, 83, 75, 74, 54, 44, 23, 71, 0, 7, 63, 96, 26, 11, 75, 79, 1, 18, 9, 19, 36, 73, 67, 92, 17, 61, 34, 49, 97, 83, 42, 7, 96, 87, -95, -68, 50, -39, 0, 54, 88, 56, 85, 0, 0, 8, 27, 16, 86, 83, -57, 15, 19, 98, 18, 0, 71, -20, 64],
[-26, 50, 35, 62, 64, 7, 56, 33, 98, 27, 74, 9, 15, 0, 37, 95, 55, 92, 91, 98, 31, 48, 100, 9, 95, 95, 33, 99, 54, 0, 91, 42, 49, 25, 87, 83, 22, 75, 26, 7, 67, 90, 98, 54, 83, 45, 63, 6, 0, 30, 70, 79, 43, -29, 31, 48, 10, 0, 0, 11, 19, -76, 53, 50, 3, 22, 57, 54, 88, 40, 37, 3, 94, 0, 8, 7, 96, 0, 83, 72],
[-26, 26, -52, 0, 84, -44, 64, 92, 77, 77, 93, 80, 48, 17, 60, 62, 62, 90, 4, -72, 10, 10, 78, -62, 87, 0, 79, 7, 15, 37, 59, 7, 87, 12, 66, 0, 53, 69, 1, 63, 1, 54, 28, 36, 36, 85, 95, -14, 0, 48, 50, 0, 34, 74, -74, 48, 13, 39, 77, 87, 0, 0, 48, 1, 7, 60, -66, 51, 35, 13, -16, 83, 28, 81, 62, 32, 70, 69, 0, 70],
[58, 0, 92, -1, 43, 52, 68, 34, 18, 81, 92, 16, 9, 8, 3, 86, 35, -1, 13, 66, 82, 0, -51, -61, 25, 30, -40, 24, 76, 7, -15, 88, 19, 35, 5, 10, 16, 65, 34, -87, 74, 66, 11, 32, 72, 89, 23, 93, 69, 85, 62, 33, 22, 41, 2, 12, 97, 9, -35, 94, 79, 96, -43, 42, 16, 100, 21, 54, 30, 97, 48, -95, 87, 0, 53, 44, 33, 85, 83, 74],
[100, -34, 39, 63, 15, 99, 69, -94, 18, 7, 1, 4, 82, 8, 11, 0, 11, 10, 61, 94, 44, 27, -78, 13, 49, 84, 70, 25, 62, 3, 0, 19, 82, 70, 0, -2, -71, 60, 49, 88, 59, 31, 58, -78, 96, 43, 1, 0, 0, 96, 31, -42, 15, 72, 45, 56, 82, 0, 13, 27, 0, 9, -37, 7, 66, 26, 81, 70, 85, 27, 58, 77, 0, -43, 73, 85, 83, 8, 27, 98],
[22, 0, 2, 56, 57, 67, 0, 38, 11, 47, 13, 0, 12, 86, 0, 13, 88, -99, -79, 11, 43, 51, 17, 80, 53, 94, 29, -85, 19, 0, 38, -53, 0, 52, 0, -27, -89, 47, 18, 78, 9, 34, 25, 27, 47, 50, 12, 66, 3, 12, 0, 86, 70, 71, 70, 8, 8, 84, -38, 0, 95, 8, 24, 0, 89, 35, 92, 5, 79, 29, 6, 49, 0, 57, 33, 15, 94, -91, -48, 21],
[1, 0, 92, 74, 51, 97, 54, 49, 44, -83, 67, 24, 40, 60, 67, 76, 81, 58, 66, 41, 0, 38, 0, 32, 99, 70, 0, 36, 74, 87, -46, 73, 54, 16, 19, 13, 29, 29, 45, 98, -42, 79, 24, 0, 97, -92, -37, 77, 42, 15, 57, -99, -70, 34, 75, 94, 53, 64, 89, 49, 86, 89, 45, 48, 3, 75, 64, 65, 6, 90, 92, 65, 49, 72, 5, 23, 78, 0, 23, 88],
[49, 39, 0, 3, -37, -5, 93, 9, 27, 10, 41, 87, 8, 71, 76, 39, 7, 94, 0, 97, 44, 20, 90, 96, 24, 36, 72, 75, -27, 73, -52, 42, -64, 99, 44, 79, 92, 75, 95, 9, 0, -56, -27, 0, 76, 53, 87, -21, 6, 0, 4, 36, 49, 90, 98, 42, 80, 70, 65, 34, 19, 0, 68, -2, 32, -38, 7, 59, -19, 94, 79, 70, 44, 15, 94, 2, 77, 0, 44, 33],
[37, 77, 86, 47, 16, 96, 5, 39, 93, 16, 12, 0, 88, 59, 59, 23, 0, 76, 70, 23, 0, 38, 24, 60, 69, -19, 24, 34, 92, 78, 54, 42, 48, 51, 40, 0, 56, 95, 0, 25, 53, 79, 17, -100, 45, 73, 43, 59, 1, -47, 42, 63, 49, -7, 66, 0, 19, 0, -49, 13, 80, 45, 80, 77, 72, 45, 29, 19, 86, 93, 27, 99, 77, 0, 29, 79, 19, 26, 15, 0],
[84, 97, -48, 27, 69, 37, 20, 46, 72, 43, 96, 81, 0, 6, 71, 0, 23, -44, 0, 0, -99, 53, 32, 18, 84, 27, 20, 55, 0, 36, 46, 16, 0, 48, 62, -44, 15, 11, 29, 56, 93, 9, 0, 28, 48, 79, 74, 25, 39, 37, 45, 34, 0, 93, 23, 70, 67, 16, 83, -97, 57, 49, 20, 64, -89, 45, 93, 23, -59, 0, 64, 7, 3, 57, 51, 81, 23, 71, 47, 26],
[73, 43, 86, 75, 80, 0, 16, 0, 18, 89, 38, 77, 76, -71, 49, 63, -74, 2, 1, 34, 15, 0, 5, 4, 47, 25, 28, 18, 54, 16, 70, 54, 14, 75, 91, 17, 76, 52, 59, 18, -56, 47, 21, 58, 85, 65, 61, 0, 74, -100, 100, 74, 38, -85, 0, 71, 68, 0, 14, 97, 45, 62, 0, 16, 55, 51, 42, -38, -19, 40, 43, 48, 0, 15, 69, 15, 6, 37, 76, 83],
[24, -11, 12, 68, 79, -22, 65, 33, 41, 26, 76, 75, 29, 10, -76, 28, 66, 0, 0, 69, 70, 88, 68, 75, -92, 0, 35, 36, 59, 54, -21, 26, 82, 7, 88, 68, 54, 0, 2, 9, 82, 0, 43, 75, 77, 48, 34, 86, 68, 35, 66, 59, 91, 0, 47, 0, 55, 9, 79, 23, 29, 86, 30, 0, -85, 71, 14, 47, 3, 26, 0, 72, 52, 17, 98, 11, 0, 39, 0, 15],
[17, 34, 46, 32, 83, 71, -51, 80, 48, -8, -98, 18, 36, 41, 71, 24, 53, 75, 4, -10, 41, 94, 57, 67, -23, 12, 48, 3, 86, 54, 33, 44, 34, 0, 38, 74, 65, 17, 91, 21, 67, 6, 29, 50, 0, 93, 77, 43, 10, 38, 14, 67, 26, -48, 92, 1, 8, 93, 9, 4, 48, 86, 21, 45, 4, 24, 0, 91, 69, 5, 84, 48, 53, 62, -63, 11, 37, -58, 27, 6],
[89, 91, 72, 100, 49, 46, 96, 0, 25, 54, 66, 19, -31, 65, 33, 54, -42, 97, 6, 90, 89, 14, 34, 30, 6, 19, 47, 74, 0, 38, 0, 9, 38, 100, 57, -27, 73, 83, 46, 0, 0, 74, 0, 93, 5, 65, 29, -67, 11, 97, 99, 33, -96, 76, 61, 13, 76, 51, 46, 86, 72, 72, -49, -40, 5, 39, -13, 6, 49, 60, -58, 87, 0, 38, 0, -21, 55, 49, 52, 31],
[35, 100, 57, 43, 20, 9, 68, 16, 39, 99, 33, 98, 46, 35, 53, 7, 16, -77, 77, 21, 91, 26, 10, 44, 95, 92, 39, 10, 11, 30, 91, 50, -58, 78, 0, 99, 0, 29, 89, 83, 86, 73, 3, 0, 13, 77, 25, 48, 90, 4, 31, 3, 38, 58, 22, 61, 82, 26, 40, 25, 34, -93, 41, 19, 8, 93, 45, 69, 28, 61, 22, 3, -43, 62, 66, 49, 86, 57, 11, 56],
[48, 43, 26, 70, 85, 0, 6, 76, 50, 61, 0, 9, 0, -36, 34, 46, 95, 36, 86, 78, -53, 95, 2, -13, 65, 15, 51, 34, 44, 35, 75, 66, 24, -81, -22, 19, 26, 0, 28, 0, 6, 16, 0, -34, 38, 100, 65, 11, 44, 68, 99, 24, 96, 22, -60, 24, 0, 2, 75, -99, 43, 31, 97, -12, 51, 9, 66, 18, 81, 83, 8, 13, 87, 0, 62, 0, 92, 96, 41, 29],
[80, 41, 62, 92, 6, 6, 67, 8, 25, 56, 42, 0, 4, 0, 44, -73, 38, -33, 81, 4, 53, -69, 4, 97, 0, 21, 47, -28, 84, 80, 20, 10, 23, 0, 1, 89, -32, 13, 100, 0, 96, 89, 0, 36, 31, -95, -20, 27, 97, 0, 13, 90, -34, 78, -95, 7, 75, -54, 19, -3, 35, 47, 79, 68, 32, 34, 63, 53, 18, 37, 7, 45, 46, 44, 96, 5, 39, 72, 0, 40],
[0, 97, 87, 0, 0, 0, 45, 60, 96, -69, 96, 6, 16, 0, 55, 93, 49, 35, 57, 29, 50, 59, 88, 0, 40, -50, 48, 46, 37, 65, 16, 51, 76, 22, 39, 71, 2, 0, 88, -50, 42, 85, 0, -70, 59, 19, 25, 51, 21, 59, 68, 94, 79, 53, 0, 55, 17, 28, -94, 31, 92, 83, 0, 16, 98, 90, 78, 54, 96, 66, 51, 2, 64, 48, 4, 96, 72, 51, 15, 51],
[-60, 81, 21, 93, 18, 4, 43, 29, 73, 43, 89, 0, 81, 9, 28, 8, 100, 12, 96, 90, 81, 53, 72, 75, 0, 68, 1, 64, 37, 33, 53, 40, 91, 0, 87, 0, 77, 40, -89, 79, 60, 37, 42, 84, -40, 0, 93, 84, 92, 75, -38, 17, 38, 61, 87, 22, 6, 0, -67, 47, 0, 7, 89, 89, 83, 40, 86, -82, -78, 77, 100, 30, 37, 33, 69, 93, 43, 22, 98, -97],
[43, 75, 57, 67, 0, 51, 0, 0, 34, 17, 96, 51, 71, 87, 25, 2, 66, 70, -36, 0, 40, 71, 31, 5, 0, 0, 28, 51, 0, 39, 25, 74, 10, 77, 66, 78, 60, 70, 8, 71, 66, 6, 10, 71, 20, -96, 34, 94, 54, 18, 0, 0, 48, 32, 0, 0, 78, 29, 68, 63, 22, 99, 43, -14, 82, 20, 49, 53, 32, -62, 18, 2, 40, 38, -36, 84, 33, 28, 86, 0],
[94, 1, 7, 7, 54, 2, 99, -35, 34, -56, 2, 84, 12, 0, -4, 61, 19, 65, 38, 0, 76, 13, 43, 0, 8, 15, -7, 0, 0, 96, 33, -44, 33, 0, 51, 58, 0, 76, 61, 92, 89, -81, 51, 6, 45, 0, 41, 99, 19, 80, 21, 83, 42, 54, 29, -89, 89, 0, 85, 19, 9, 7, 4, 73, 89, 30, 21, 7, 2, 53, 3, 35, 42, 55, 13, 17, 38, 95, 93, 92],
[22, -14, 11, 84, 38, -14, 41, 31, 11, 2, 74, 21, 17, 90, 54, 50, 74, 58, 22, 69, 48, 49, 12, 77, 37, 6, -1, 7, 0, 96, 42, 49, 0, 85, 24, -85, 65, 49, 0, 60, 28, 30, -13, 6, 0, 22, -60, 45, -32, 45, 36, 59, 60, 14, -64, 68, 91, 59, 37, 2, 43, 54, 44, 89, 0, 34, 95, -77, 61, 58, 84, 36, 0, 0, 72, -78, 10, 12, 27, 76],
[89, 16, 77, 0, 22, 25, 46, -100, 22, 0, 93, 89, 31, 73, 89, 39, 0, 28, 65, 72, 58, 59, 72, -10, 86, 0, 52, -95, 67, 3, 100, 6, 3, 66, 20, 69, -97, 61, 34, 77, -51, 91, -7, 42, 33, 100, 35, -30, 60, 35, 82, -19, 66, 72, 6, 5, 37, 57, 93, 92, 43, 58, 97, 14, 64, 36, 52, 0, 17, 2, 0, 49, 19, 16, 17, -26, -68, 0, 91, 95],
[-50, 57, 26, -98, 25, 57, 25, -40, 92, 19, -16, 16, 0, 0, 0, -96, -75, 0, 7, 45, 77, 88, -93, 43, 51, -25, 80, 49, 88, 82, 78, 3, 14, 0, 21, 88, 62, 41, 44, 6, 35, -50, 88, 25, 33, 32, 66, 34, 35, 95, 34, 7, 17, 58, 32, 36, 71, 42, 31, 9, 55, 95, 0, 29, 96, 65, 13, 57, -37, -35, 35, 59, -2, 43, 76, -35, 64, -67, 68, 54],
[19, 0, 65, 60, 74, 52, -48, 0, -49, 52, -70, 75, 24, 4, -52, 61, 0, -22, 60, 95, 0, 68, 23, 97, 86, 89, 58, 0, 32, 21, 0, 28, 59, 73, 66, 25, -9, 80, 89, -65, 36, 34, 59, 43, 23, 77, 24, -5, 91, 48, 65, 65, 17, 16, -54, 91, 73, 6, 15, 87, 80, 72, -35, 85, 35, 13, 6, 55, 21, 27, 22, 0, 94, 56, 56, -90, 83, 64, 40, 71],
[3, -37, -16, 0, 6, 57, 11, 23, -86, 30, 82, 63, 14, 50, 58, 48, 24, 86, 41, -39, 94, 0, 0, -8, 9, -80, 78, -23, 67, 67, 0, 25, 91, 61, 33, 87, 53, 31, 52, 64, 44, 15, 48, 0, 88, 49, 100, 79, 82, 97, 58, 14, 41, 26, 0, 60, 92, -56, -17, 22, 80, -10, 3, 13, 64, 35, 96, 5, 64, 16, 49, 50, 79, 45, 87, 5, 69, 100, 77, 0],
[50, 31, 68, 35, 87, 6, 26, 74, -51, 0, 37, 71, -49, 3, 42, 0, 82, 79, 0, -54, 44, 35, 83, 20, 42, 89, 91, 42, 28, 27, 17, 45, 50, -72, 17, 10, 53, 54, 13, 74, 97, 14, 88, 48, 0, 74, 66, 90, 0, 98, 53, 0, 0, 75, 6, 7, 0, -20, 98, 86, 31, 33, 89, -11, 49, 69, 78, 0, 92, 55, 4, 95, 0, 96, 51, 34, 78, 77, -92, 16],
[0, 78, 3, 1, 47, 50, 0, 10, -55, 3, 39, 71, 73, 50, 44, 0, 42, 62, 0, 65, 22, 22, 10, 90, 0, 36, -57, 45, 44, 0, 0, 69, 21, 93, 18, 83, 19, 61, 79, 0, 13, -95, 40, 0, 13, 36, 77, 34, 41, 30, 17, 87, 85, -44, 84, 60, 48, 77, -97, 98, 0, 33, 23, 4, 21, 97, 75, 40, 29, 30, 28, 34, 13, 74, 0, 63, 0, 0, -57, 32],
[100, 48, 96, 40, 96, 80, 41, -10, 5, -30, 16, 42, 86, 71, 82, 62, 37, -24, 32, 0, 27, 48, 24, 42, 59, 69, 61, 78, 25, 58, 10, 59, 87, 67, 0, 82, 27, 35, 89, 20, 47, 55, 25, 61, 0, 0, 69, 0, 19, 88, -59, 25, 36, 0, 100, 45, 35, 75, 29, 64, 23, 64, 14, 55, 0, 28, 57, 53, 9, 94, 88, 20, 74, 51, 13, 18, 2, 30, 56, 96],
[0, 66, 92, 0, 1, -57, 93, 96, 57, 19, 0, 97, 58, 71, 39, 49, 93, 57, 29, 75, 49, 23, 72, -81, 63, 58, 92, 2, 53, 36, 99, 26, 44, 49, 31, 52, 4, 3, 80, 16, 21, 15, 0, 17, 81, 96, 87, 98, 22, 27, 12, 46, 55, 0, 30, 15, 41, 18, 47, 71, -75, 2, 46, 95, 2, 51, 87, -60, 56, 71, 59, 30, 20, 54, 92, 74, 0, 75, 0, 55],
[56, 4, 71, -9, 61, 19, 11, -25, -78, 62, 15, 63, 69, 45, 92, 50, 38, 100, -43, 56, 0, 74, 54, 40, 100, 24, 77, -49, -23, 53, 82, -76, 43, 29, 36, 0, -46, 81, 0, 0, 58, 57, 0, -55, 11, 4, 87, 64, 62, 98, -34, 55, -55, 57, -59, 24, 33, -46, 2, -53, 0, 52, -15, -37, 68, 52, 19, 27, 23, 77, 29, 54, 83, 82, 56, 82, 81, 68, 40, 20],
[71, 2, 5, 71, 99, -81, 55, 31, -74, 65, -54, 90, 100, 19, 75, 16, 5, 0, 9, 64, -64, 21, 18, 16, 93, 90, -74, 91, -79, 25, 20, 68, 55, 59, 24, 64, 85, 46, -50, 29, 43, 0, 70, 35, 62, 100, 0, 51, 66, -34, 69, 45, 52, 17, 33, 59, 9, -21, 71, 0, 46, 68, 95, 97, 34, -57, 69, 2, -15, 17, 64, 43, 92, 4, 14, 34, 4, -95, 70, -25],
[-81, 72, 60, 40, 89, 54, 65, 64, -19, -79, -58, 7, 88, -88, 81, 0, 100, 63, 34, 93, 24, 0, 96, 56, 88, 69, -60, 0, 48, 78, 68, 33, 58, 56, 85, 55, 13, 92, 75, 47, 58, 3, 25, 0, 72, 34, 36, 56, 0, 87, 78, 62, 47, 11, 66, 8, 0, 0, 96, 32, 0, 88, 4, 14, 21, 58, 56, 55, 93, 73, 98, -69, 18, 2, 39, 15, 58, -52, 23, 1],
[58, 0, 88, 12, 62, 47, 93, 42, 0, 43, 61, 8, 0, 10, 84, 29, 74, 42, 45, 69, 10, 40, 89, 36, 43, 72, 18, 45, 59, 4, 85, 26, 92, 52, 97, 0, 7, 32, 37, 98, 7, 38, 74, 87, -68, 14, 24, 1, 37, 33, 65, 65, 1, 34, 60, 5, 87, 9, 17, 70, 35, 25, 28, 41, 94, 37, 26, -71, 98, 65, 95, 23, 11, 42, 26, 0, 61, 1, 0, 26],
[20, 23, 58, 7, 23, 48, 65, 0, -54, 34, 53, 100, 20, 30, 15, 98, 74, 23, 87, 58, 70, 18, 93, 52, 60, 28, 0, 27, 65, 0, 4, 26, -67, 30, 51, 0, -92, 72, 3, 29, 73, 95, 96, -98, 48, 42, 0, 75, 72, -58, -37, 18, 1, -63, 6, 66, 31, 37, 30, 90, 92, 93, -73, 53, 75, 100, 88, 0, -12, 0, 26, 100, 67, 26, -83, 48, -95, 65, 48, 65],
[39, 89, 83, -20, 24, 96, 23, 15, 13, 0, 67, 78, 4, 70, 33, 53, 73, 10, 30, 0, 100, 54, 86, 84, -73, 20, 63, 76, 89, 0, -60, 38, 71, 0, 81, 69, 91, 32, 65, 0, 0, 19, 44, 45, -78, 0, 11, 43, 85, 44, 91, 36, 51, 41, 0, 84, 79, -69, 50, 35, 80, 13, 0, 49, 19, 43, 89, 44, 84, 53, 15, 0, -3, 11, 90, 4, 54, 82, 3, 15],
[49, -72, 40, 61, 68, 0, 82, 55, 20, 9, -76, 0, 78, 15, 99, 59, 31, -32, 44, -68, -69, 17, 82, 33, 64, 70, 22, 7, 78, 44, 84, -62, 0, -93, 52, 0, -45, 6, 25, 17, 48, 54, 0, 76, 60, 77, 18, 64, 0, 78, 99, 80, 0, 36, 63, -14, 25, 97, -4, 0, 72, 0, 0, 88, 64, 60, 31, 11, 88, 45, 26, -94, 92, 59, 53, 32, 22, -24, 49, 36]]
[1145, 1418, 1859, 1454, 1209, 1697, 318, 2358, 1642, 375, 2721, 1535, 1423, 1463, 1412, 1584, 427, 672, 822, 1460, 471, 2567, 1468, 2073, 659, 576, 1397, 2665, 389, 2984, 626, 2290, 366, 257, 149, 1302, 1882, 107, 1975, 376]
