4
60
30
[[36, 80, -48, 12, -72, 10, 43, 15, 25, -87, 100, 16, 60, -76, 97, 94, 98, 29, 96, 44, 100, 41, 9, 20, 48, 44, 43, 94, 43, 62, 66, 73, 28, 13, 43, 47, 13, -15, 44, 57, -60, 40, -39, 87, 51, 45, 3, 80, 19, -45, 51, 4, 91, -13, 96, 27, 45, 20, 1, 12],
[55, 69, 75, 91, -58, 56, -52, 58, 50, 74, 90, 83, 69, 42, 10, 23, 10, -76, -59, 79, -39, 78, 95, 50, 81, 91, 25, 4, -24, 66, -100, -48, 82, 97, 92, 6, 8, -36, 19, 47, 38, 71, 11, 59, -78, 75, 14, 34, -97, 18, -96, 49, 9, 16, 27, 29, 2, 29, 76, -98],
[-88, 20, 4, 22, 85, 3, -34, 3, 65, 5, -17, 58, -66, -1, 75, 7, -22, 15, -19, 92, 78, -45, 48, 20, 79, 5, 60, 48, -51, 5, 48, 13, 40, 10, 65, 89, 98, 88, 3, 58, -67, 45, -75, -12, 39, -100, -94, 14, 42, 69, 26, 51, 2, 69, 46, 89, 89, 73, 26, 91],
[55, -47, 5, 8, 93, 55, 34, 43, 44, 43, -63, 70, 66, 41, -96, 57, 22, 21, 78, 75, 6, 90, 34, 78, 44, 69, -47, 7, 82, 10, -21, 46, 77, 30, 97, 24, 34, 43, 47, 47, -58, 73, -46, -87, 29, 21, 91, 12, 35, 21, 47, 34, -40, 51, 98, -2, 14, 35, 52, 4]]
[[0, 75, -64, -3, 72, 49, 8, -94, 43, 75, 32, 38, 62, 57, 14, -12, 35, 42, 70, 42, 94, 82, -8, 27, 18, -30, 77, -59, 75, 32, 6, 0, 40, 63, 0, 1, 93, 43, 95, 62, 72, 23, 29, 51, 38, 68, 13, 89, 13, 96, 23, 77, 0, 20, 85, 49, -74, 29, 57, 20],
[44, 35, 67, 90, 95, 4, 0, 81, 72, 19, 56, 63, 96, 52, 19, 78, 15, 20, 38, 61, 0, 46, 0, 27, 85, 100, -47, 71, 0, 66, -12, 0, 60, 10, 66, 44, -28, -80, -51, 63, 41, 74, 51, 96, 42, 87, 23, -28, 99, 56, 13, 69, 3, 94, 29, 28, 5, -91, 28, -25],
[63, 0, 66, 43, 73, 29, 97, 69, 86, 51, 0, 0, 83, 79, 78, -3, 75, 16, 97, 81, 46, 37, 37, 72, -69, 68, 71, 61, 10, 46, 45, 42, 0, 57, 0, 39, 14, 44, 59, 84, 86, 0, 53, 58, 58, 0, 97, 38, 100, 61, 36, 53, 63, 58, -84, 0, 100, 72, 0, 25],
[64, 3, 0, 60, 8, 29, 38, 40, 38, -43, 8, 12, 75, 66, 93, 1, 53, 87, 37, 16, 7, 13, 7, 36, 55, 39, 68, 57, 9, 31, -89, 86, 1, 30, 19, 82, 88, 70, 47, -62, -3, 65, 28, 6, 44, 38, 67, 20, 95, 5, 0, 86, 82, 8, 28, 0, 0, 10, 94, 19],
[55, 16, 14, 15, 50, -19, 23, 41, 58, 69, 48, 48, 92, 70, 58, 47, 0, 62, -43, 19, 95, 73, 51, 89, 0, -92, 39, 62, 33, 25, -81, 88, 94, 28, 89, 16, 66, 52, 0, 100, -96, -89, 43, 46, 100, 53, -83, 89, 27, 0, 0, 8, 39, 48, 39, 75, 64, 43, 64, 43],
[0, 8, 44, 1, 9, 52, 0, 60, -11, 48, 86, -54, 73, 66, 89, 90, 65, 5, 76, 31, -61, 60, 9, 0, 99, 7, 52, 0, 0, 89, 40, 29, 26, 54, 31, 33, 15, 1, 100, 81, 0, 0, 86, 49, 40, 11, 5, 64, 40, 60, 47, 78, 51, 20, 65, 0, -55, 28, 25, 74],
[38, 18, 21, 77, 70, 53, 0, 31, 77, 15, 88, 38, 74, 59, 16, 58, -32, 23, 0, 4, 8, 23, 90, 91, 25, 0, 53, -67, 34, -46, 5, 24, 75, 91, 3, 2, 48, 13, -37, 98, 86, 0, 38, 0, 28, 88, 37, 51, 56, 51, 24, 86, 44, 100, 41, 17, 11, -52, 39, 39],
[-74, 40, 0, 99, 24, 21, 3, -29, 39, 2, 33, 0, 0, 20, 2, 24, 25, 67, 66, 69, 60, 14, 39, 0, 10, 25, 65, -88, 20, 3, 57, 8, 86, 63, 100, 25, 8, 0, 88, 94, 64, 97, 21, 56, -81, 0, -98, 67, -36, 44, 8, 76, 7, 50, 70, -23, 68, 39, 0, 39],
[58, 63, 47, 71, 0, 15, 89, 14, 65, 71, 65, 26, -58, 46, 14, 21, 43, 34, -56, 74, 44, 95, 46, -47, -97, 58, 99, 76, 44, 95, 6, 0, 49, 0, 52, 23, 14, 13, -2, 15, 68, 0, 26, 76, -39, 0, 83, 0, -12, 36, 38, 88, 18, 0, -17, 16, 84, 36, 49, 0],
[88, 97, -62, 14, 68, 83, -24, 92, 96, -21, 30, 62, 0, 97, 76, -61, 0, 26, -1, 87, 0, 0, 52, 60, 71, 100, 56, 45, 75, -3, -97, 77, 0, -14, -74, 8, 82, 2, 73, 96, -35, 100, 2, 77, 54, 84, 86, 31, 46, 0, -29, 0, 0, 93, 63, 6, 24, -79, 7, 72],
[58, 12, 93, 86, 96, 41, -98, 14, 45, 26, 53, 97, 5, 65, 38, 87, 88, 36, 96, 5, 53, 93, 97, -83, 53, 14, -75, 0, 30, 27, 14, 74, -37, 44, 68, 49, 19, 51, 90, 91, 9, 45, 0, 55, 90, 2, 44, 50, 42, 95, 89, 35, 79, 99, 17, 42, 64, 92, 36, 52],
[54, -81, 52, 73, 66, 62, 93, -97, 7, 38, 96, 24, 77, -93, 52, 99, -66, 0, 86, 9, 55, 20, 61, 84, 35, 18, 35, -82, -22, 0, 0, -30, 99, 80, 0, 0, 7, 24, 89, 42, 71, 30, -37, 100, 50, 0, -73, 16, 8, 27, 41, 95, -50, 0, 12, -29, 53, 78, 48, 29],
[78, 43, -97, 33, 0, 0, 95, 4, 65, 5, 65, -36, 0, 8, 42, 38, 3, 48, 20, 73, 86, 98, 78, 49, 22, -29, 0, 79, 85, 88, 80, 18, 46, 97, 0, 0, 87, 35, 90, 48, 29, 0, 31, 84, 65, 84, -49, 83, 82, 40, 29, 89, 41, 13, 0, 93, 16, 74, 52, 68],
[31, 27, 97, -25, 41, 0, 70, 42, 11, 60, 92, 81, -28, 91, 14, 74, 89, -37, 4, 46, 14, 34, 31, 30, 98, 63, 41, 96, 0, 86, 11, 12, 32, 0, 0, -79, 47, -4, -64, 38, 0, -23, -2, 98, 84, 54, 79, 91, 2, 53, 0, 54, 32, 44, 7, 8, 92, 0, 1, 0],
[57, 92, -75, 1, 0, 2, 45, 1, 64, 98, -41, -14, 48, 85, 78, -70, 58, 68, 2, 67, 0, 69, 73, 71, 54, -33, 63, 46, 18, 15, 1, 0, 0, 73, 44, 96, 7, 0, -26, 82, 53, 19, 19, 18, 25, 8, 63, 48, 13, 52, -32, 1, 98, 0, 72, 41, 47, 55, -89, 20],
[68, -96, 3, 10, 0, 61, 46, 22, 49, 54, 29, 58, 87, 0, 98, 97, 3, 7, -6, -42, -76, 64, 82, 0, 77, 100, 86, 25, 4, 0, 81, -1, 8, -60, 0, -66, 67, 48, -99, 83, 0, 60, 59, 68, 15, -11, 64, 35, 47, 65, 57, 22, 40, 28, 62, 0, 80, 84, 36, 30],
[39, 0, 0, -19, 66, 89, 15, 4, 25, 97, 84, 71, -62, 91, 83, 30, -51, 16, 71, 8, 25, 67, 41, 77, 12, 17, 32, 2, 35, 70, 0, 99, 5, 37, 37, 74, 58, 40, 11, -27, 22, 92, 0, 79, 0, 13, -84, 65, 0, 69, 87, 19, 0, -9, 77, 74, 41, 62, 94, 78],
[96, 0, 5, 74, 49, 38, 11, 48, 79, 7, 70, 41, 0, 2, 21, 50, 87, 9, 50, 4, 0, 28, 21, 28, 67, -93, 61, 54, -13, 3, 2, 9, 45, 2, 2, 79, 0, 6, 55, 4, 10, -71, 70, -63, 95, 0, 54, 31, 14, 16, 0, 17, 28, 92, 13, 77, 0, 87, 99, 96],
[-36, 26, 54, 68, 0, 43, 74, 48, 20, 23, 98, 30, 0, 16, 36, 35, 92, 40, 0, 93, 5, -79, 40, 38, 26, 72, 10, 18, 83, 54, 91, 56, 31, 71, 92, 11, 72, 43, 0, 81, 53, 70, -54, 20, 21, 39, 65, 98, 9, 65, 44, 67, 99, 83, -75, 8, 100, 81, 15, 31],
[69, 38, 74, 54, 97, -31, 77, -78, 91, 1, 41, 53, 0, 98, 59, 68, 97, 69, 18, -5, 97, -88, 0, 21, 57, 0, 57, 15, 17, 94, 0, 52, 33, 39, 53, 94, 77, 50, 49, 64, 12, 81, 77, 2, 0, 34, -25, 57, 0, 41, 6, 36, 45, 0, 95, 84, 59, 75, 33, 55],
[67, 96, 14, 29, 24, 87, 61, 29, -66, 100, 48, 87, 38, 32, 20, -40, 48, 57, 50, 92, 54, 3, 0, -70, 0, 95, 0, 42, 51, 21, 0, 19, 82, 21, 36, 90, 62, 58, 0, 61, 59, 49, 86, 58, 50, -31, 23, 89, 24, 78, 3, 42, 16, 46, 82, -41, 97, -67, 75, 11],
[80, 21, 82, 45, 55, 53, -62, 25, 86, 43, 15, 88, 16, 97, -20, 4, 15, 82, 2, 46, 24, 65, 38, 24, 45, 14, 48, -19, 72, 69, 99, 13, 0, 94, -3, 0, 54, 52, 0, -12, -73, 0, 93, 12, 26, 3, 72, 50, 44, 84, 55, 39, 47, 17, 11, 87, 0, 98, 41, 84],
[77, 45, 54, 19, 55, -63, -6, 84, 69, 40, 20, 99, 23, 8, 54, 91, 71, 79, 29, 22, 100, 93, 36, 36, -25, 84, 1, 63, 52, 68, -43, 37, 94, 0, 23, 0, 6, 0, 99, -32, 42, 50, 0, 45, 0, 7, 89, 8, 36, 31, 60, 16, 58, 87, 24, 76, 60, 0, 9, 21],
[58, 92, 38, 41, 65, 37, 16, 6, 42, 43, 77, 0, 37, 22, 70, 99, 100, 13, 97, 0, 70, 57, -100, 58, -55, 97, 64, 7, 0, -58, 56, 0, 54, 83, 0, 28, -44, 0, 33, 84, 43, 39, 40, 76, -92, 22, 0, 63, 37, 28, 28, 15, 50, 69, 5, 11, 82, 76, 91, 0],
[20, 15, 52, 12, 23, 58, 80, 5, 44, 56, 13, 85, 18, 63, -31, -100, 35, 0, 87, 39, 13, 32, 58, -34, 47, 43, 53, -22, 27, 10, 8, 0, 97, 49, 39, 63, 0, 41, 15, 47, 85, 22, 87, 36, 22, 4, 96, 0, 31, -1, 32, 19, 51, 34, 86, 40, 16, 90, 20, 77],
[39, 16, 1, 65, -37, 40, -39, 52, 67, 18, 85, 14, 0, 56, 38, 24, 72, 0, 6, 0, -31, 0, 13, 67, 93, 0, -42, 25, 49, -30, 84, 4, 59, 45, 39, 35, 84, -30, 18, 16, 22, 98, 98, 37, 32, -89, 0, 16, 92, 81, 81, 57, 47, 2, 78, 12, 53, 68, 43, 70],
[77, 37, -86, 2, 54, 38, 0, 69, 41, 59, 0, -31, 53, 0, 86, 45, 45, 32, 2, 59, 43, 0, 67, 44, 22, -14, 65, -9, 93, 48, 30, -9, 49, 16, 59, 51, 100, 61, 19, -89, 11, 31, 2, 9, 66, 41, 61, 79, -11, 2, 51, 81, 18, 15, 47, 76, 23, -69, 28, 19],
[60, 58, 67, 81, 68, 11, 0, -40, 51, 73, 2, 55, 54, 49, 27, 74, 26, 81, 0, 47, 89, 0, 100, 35, 69, 36, 84, 90, 61, 24, -77, 76, 73, -42, 19, 100, 0, 13, 75, 78, 14, 70, 46, -56, 66, 7, 11, 51, -72, 67, 71, 81, 27, 29, -63, -66, 69, -94, 0, -50],
[38, -52, 60, 57, 51, 70, 75, 9, -58, 3, 43, 31, 0, 38, 50, 25, 26, 73, 88, 31, 23, 45, 29, 52, 37, 32, 0, 69, 43, -17, 59, 94, 98, 55, 9, 3, 49, 28, 84, 44, 0, 33, 74, 14, 7, 4, 81, 69, 73, 17, 98, 47, 92, -92, 87, 28, 88, 45, 23, 82],
[85, -41, 73, 33, 39, 60, 24, 74, 50, 12, 85, 0, 44, 28, 13, -6, 94, 52, 72, 87, 13, 93, 87, 69, 0, 26, 62, 0, 29, 90, 21, -35, 0, 60, 0, 13, 21, 19, 64, 0, 50, 96, 27, 87, 32, 16, 11, 6, 0, 21, -4, 55, -81, 10, 7, 49, 23, 31, 19, 71]]
[603, 1489, 409, 383, 274, 1302, 1379, 1086, 1426, 1680, 746, 782, 1280, 1240, 110, 468, 1543, 183, 910, 1902, 616, 1813, 1265, 982, 1727, 1692, 1686, 1913, 749, 222]
