3
60
30
[[48, 10, 76, 37, 83, 0, 44, 47, 63, 74, -66, 71, 77, 92, 4, 37, 6, 76, -7, 95, 49, -77, -83, 2, -90, 69, 52, 77, 52, 90, 71, 8, 75, -41, 98, 44, 50, 39, 39, 47, 17, 95, 56, 98, 39, -36, 13, 88, -44, 56, 1, 0, 69, 17, 80, 57, -20, 66, 23, 44],
[49, 74, 82, 50, 8, 93, 5, -40, 31, 82, 42, 8, 92, 59, 36, 79, -89, 48, -87, -69, 3, 33, 16, -17, 72, 59, 5, 37, -60, -88, 99, -38, 43, 2, 8, 80, 57, 22, 6, 20, 72, 93, 46, 74, -76, -38, 77, 32, 35, 77, 69, 56, 69, 100, 84, 53, 99, 33, 74, 30],
[-7, -80, 17, 90, 89, 96, 22, 84, -70, -35, 2, 70, 63, 45, 9, 35, 68, 72, -91, 37, -72, 55, 86, 41, 20, 29, 25, -77, -100, 26, 45, 12, 17, -3, 46, 25, 68, 24, 18, 69, 73, -39, -4, -13, -46, 7, -26, 11, -97, 19, 44, 23, 25, 66, 12, 82, -68, 84, 27, 27]]
[[0, 0, 20, 46, -52, 100, 94, 85, 44, 23, 17, -57, 25, 0, 41, 65, 55, 86, 0, -73, 12, 8, 0, -99, 90, 10, 94, 66, -70, -72, 94, 23, 40, 42, 97, 53, 56, 71, 35, 32, 43, 74, 28, 41, 41, 99, 38, 92, 99, 2, 77, 58, 84, 98, 0, 30, 41, 15, 99, 17],
[86, 28, 77, 0, 75, 2, 29, 27, 39, 59, 52, 98, 59, 0, 57, 86, 0, 72, 89, 44, -6, 0, 96, 88, 15, 91, 8, 20, 45, 0, 58, 12, 68, 84, 92, 33, 79, 54, 24, 26, 56, 66, 82, 0, 78, 56, 15, 43, 4, 22, 58, 75, 73, -54, 0, 88, 1, 11, 67, 80],
[38, 2, 1, 91, -90, 0, 68, -79, 79, 7, 49, 25, 37, 16, -73, 13, 33, 99, 78, 76, 53, 28, 93, 81, 73, 60, 82, 71, 0, 0, 22, 82, 45, 0, 0, 100, 85, 71, 62, 58, 48, 26, 0, 85, 8, 12, 89, 48, 80, 81, 93, 94, 9, 52, 31, 3, 98, 10, 0, 95],
[64, 100, 67, 88, 30, 40, 92, 4, -98, 46, 5, 18, -12, 19, 22, 28, 45, 36, 0, 24, 4, 96, 84, 29, 32, 29, 89, 82, 66, -92, 0, 85, 13, 74, 40, 73, 52, 92, 48, 5, 52, 60, 0, 37, 67, -96, 21, 61, 47, 42, 29, 68, 41, 16, 0, 36, 9, 10, 3, 6],
[7, -73, 38, 96, 77, 79, -73, 30, 77, 86, 81, -37, 16, 72, -63, 54, 75, 72, 0, 68, 45, -27, 33, 0, 1, 25, 51, -8, 0, 9, 45, -17, 0, 28, 44, 1, 0, 97, 72, 5, -11, 6, 8, 37, 0, 52, 93, 30, -19, 65, -67, -92, 20, 31, 47, -22, 91, 57, 70, 14],
[65, 24, 98, 44, 90, 76, 61, 0, 0, 42, 82, 71, 34, 90, 0, -64, 85, 89, 92, 50, 0, 92, -54, 5, -23, 43, 0, 0, 61, 58, 18, 5, 0, 29, -50, 0, 42, 6, 63, 65, -37, 17, 91, 60, -18, 89, 15, -15, 0, 69, 30, 0, 86, 33, 20, 88, 5, 53, 93, 79],
[62, 36, -13, 86, -33, 55, 75, 0, 36, 74, 48, 40, 13, 73, -66, 57, 13, 18, 0, 0, 99, 27, 78, 28, 7, 49, 20, 41, 49, 51, 58, 73, 0, 86, 85, 60, 98, 72, 61, 79, 2, 7, 63, -79, 51, 73, 33, 44, 26, 89, -73, 55, 32, 76, 20, 51, 97, 3, 59, 81],
[53, 32, 0, 77, 54, 46, 15, 6, 25, 39, 35, 66, 45, 91, -9, 13, 24, 23, 18, 70, 65, 0, 79, 0, 25, 38, 82, 51, 4, 15, 99, -36, 0, 88, -81, 22, 0, 93, 5, 63, 0, -14, 40, 38, 0, 85, 0, 100, -8, -29, -96, 9, 81, 44, 23, 76, 89, 70, 50, -76],
[0, 73, 20, 41, 0, 13, 0, 73, 8, 54, 25, 78, -57, 95, 0, 45, 67, 41, 4, 11, 15, 55, 38, 100, 46, 16, 79, 74, 36, 74, 82, 0, 49, 11, 53, 50, 99, 83, 10, 26, 66, 87, 58, 35, 14, 10, 56, 32, -25, 44, 26, 57, 66, 50, 60, 47, 55, 87, 0, 0],
[26, 57, 51, 20, 59, 99, 87, 44, 0, 83, 33, 37, 68, 12, 3, 76, 49, 7, 21, 55, 49, 0, 36, -35, 14, 62, 55, -90, 72, -56, 4, 2, 16, 61, 93, 7, 100, 42, 26, -88, 30, 14, 78, 18, 26, 76, 31, 84, 48, 99, 95, -93, 27, 29, 57, 91, 15, -30, 29, 42],
[18, 83, 67, 42, 0, 82, -69, 99, 39, 10, 68, -20, 5, 76, 40, 0, 92, 71, 28, 3, 48, 52, 61, 52, 0, 79, 74, 29, 29, 6, -35, 21, 37, 23, -18, 12, 7, 4, 2, 11, 24, 49, 36, 51, 10, 68, 2, 27, 44, 48, 8, 79, 0, -18, 3, 85, 50, 72, 10, 97],
[53, 33, 29, 92, 8, 99, 0, 77, 99, 4, -15, 24, 63, 81, 44, 45, -71, 34, 14, 75, 100, 0, 15, 0, 45, -81, 11, -64, 39, 29, 0, 72, 14, 25, 7, -89, 84, 99, 82, 0, -59, 19, 5, 66, 62, -61, 23, -38, 0, 36, 20, 51, 41, 29, 31, -49, 52, -43, 0, 0],
[55, 81, 38, -99, 22, 36, 43, 15, 18, 3, 80, 0, -82, 16, 76, 63, 84, 0, 77, 37, 48, 2, 22, 60, 19, 85, 34, 34, 84, 58, 72, 23, 70, 58, 81, 24, 52, 12, 69, 10, 49, 8, 59, 24, 38, 2, -34, 33, 57, 82, 85, -36, 30, 9, 48, 0, 96, 0, 78, 34],
[0, 82, 0, 48, 13, 96, -35, 88, 97, 1, 32, 20, 85, 0, 79, 33, 0, 46, 76, 64, 99, 8, 80, 26, 45, 90, 95, 45, 0, 30, 32, -77, 20, 0, -98, 70, 18, 43, 63, 99, 89, 11, 89, -2, 21, 63, 1, 76, 90, 74, 87, 59, -88, -72, 23, 64, 0, 75, 59, 87],
[-46, 53, 24, 20, 0, 94, -94, 65, 0, 66, 24, 68, 99, 62, 96, 74, 43, 40, 83, 22, -23, 95, 49, 49, 81, 0, 4, -35, 2, -48, 98, 62, 36, 25, 72, 51, 65, 69, 41, 97, 80, 0, 84, 0, 75, 0, 27, -36, 66, 56, 73, 26, 37, 26, 68, 69, 71, 48, 66, 96],
[-89, 33, 0, 54, 9, -66, 95, 42, 60, 61, 41, 95, 0, 42, 64, 88, 79, 89, 0, 0, 65, 58, 28, 69, 81, 47, 60, 87, 68, 86, -11, 83, 42, 75, 73, 79, 82, 12, -26, 97, 80, 2, 16, 28, 86, 0, 75, 76, 3, 26, 10, 0, 0, 96, 59, -80, 1, 18, 76, 59],
[42, 97, 23, 10, 61, 100, 56, 0, -98, -50, 13, 99, 0, 16, 22, 14, 55, 34, 91, 9, 31, 46, 63, -58, 4, 18, 64, 63, 34, 32, 49, 40, -99, 55, 30, 92, 33, 89, 39, 63, 83, 6, 68, 23, -56, 56, 1, 98, -33, 95, 16, 56, 24, 44, 77, -96, 87, -96, 78, 56],
[12, 0, 6, 0, 73, 79, 81, 25, 89, 74, 46, 55, -34, 10, 42, 78, 18, 80, 94, 84, 59, 36, 27, 69, 0, 43, 76, 20, 89, 90, 0, 26, 89, 76, 44, 62, 36, 90, 60, 0, 29, 62, 95, 93, 0, 0, 98, -9, 33, 12, 55, 20, 42, 60, 36, 22, 63, 81, 22, 61],
[79, 88, 88, 0, 0, 23, 22, -87, 45, 6, -5, 28, 99, 28, 100, -18, 0, 61, 0, 46, 92, 66, 0, 87, 0, 32, 31, 68, 74, 74, 74, -7, 4, 89, 38, 78, 98, 47, 84, -51, -25, 63, -82, 33, 27, -38, 7, 74, 0, 63, -31, 85, 59, 100, 38, -30, 79, 2, 70, 17],
[23, 58, 80, 39, 0, 46, 55, 35, 0, 34, 21, 6, 16, 61, 27, 17, 50, 10, -34, 40, -99, 51, 88, 18, -37, 36, 88, 43, -3, -98, 95, 0, 0, 57, 53, 10, 30, 0, 80, 13, 12, 0, 62, 8, 90, 52, 54, 11, 73, 93, 41, 53, 37, 62, 62, 73, 67, 45, 35, 78],
[-71, 0, 84, 5, 44, 86, 43, 35, 21, 39, 51, 0, -84, 49, 32, -79, 4, 69, 35, 65, 35, 76, 0, -87, 83, 49, 16, 33, 0, 0, 67, 60, 81, 0, 32, 31, 76, 57, -43, 28, 45, 45, 29, 94, 98, 0, 27, 2, 47, 3, 0, 0, 49, 62, 37, 2, 99, 13, 8, 9],
[36, 98, 99, 79, 23, 87, 75, 89, 35, 91, -67, 4, 71, 5, 92, 47, 51, 5, 21, 33, 43, 0, 17, 72, 27, -40, 38, 0, 34, 19, 52, -84, 37, 43, 15, 23, 6, 67, 83, 62, 85, 14, 0, -68, 36, 69, 73, 91, 15, 13, 71, 77, 0, 43, 71, 43, 78, 97, 43, 24],
[46, 9, 0, 99, 54, 2, -75, 85, 58, 29, 52, 60, 98, 20, 56, 34, 90, 99, -66, 96, 53, 96, 74, 23, 8, 59, 21, 0, 19, 7, 31, 91, 40, 20, 20, 0, 8, 40, -53, 0, 70, 91, 0, -51, 21, 59, 44, 0, 94, -54, 93, 81, 0, 23, 53, 24, 76, -32, 0, 89],
[29, 84, 39, 3, 21, -89, 3, 34, 0, 57, 13, 0, 13, 68, 15, 70, 14, 80, 84, 0, 87, 44, 95, 99, 32, 0, 89, 47, -91, 3, 40, 0, 9, 57, -68, 91, 77, 34, 73, 19, 2, 86, 38, 83, 45, 48, 82, 64, 18, 97, 74, 1, 63, 71, 64, 7, 39, 1, 27, 22],
[70, 6, 57, 52, 92, -51, 3, -60, 71, 2, 82, 99, 68, 1, 97, 75, 64, 100, 76, 97, 53, 44, 47, 92, 0, 94, 41, 76, 0, 51, 0, 48, 53, 0, 33, 0, 8, 68, 16, 0, 0, 62, -38, 61, 57, -85, 17, 83, 20, 18, 43, 4, 40, 0, 0, -16, 22, -95, 4, 63],
[19, 39, 82, 34, 0, -37, 72, -2, 62, 87, 45, 16, 74, 50, 89, 0, 12, 8, 82, 31, 0, -69, 32, -15, 79, 69, 28, 0, 44, 10, 30, 53, 29, 73, 15, 25, 70, 77, 58, 35, 58, 57, 10, 59, 49, 17, 56, 19, 34, 21, 45, 94, 0, 71, 29, 98, 0, -21, 31, 42],
[90, 58, 15, 86, 59, 19, -80, 1, 35, 98, 22, 79, 75, 60, 93, 4, 8, 49, 87, 21, 10, 53, 4, 65, 24, 100, 57, 75, 30, 94, 84, 4, 57, 13, 87, 89, 74, 27, 94, 14, 0, 14, 9, 37, 21, 32, 54, 47, 85, 58, 87, 16, 65, 9, 50, 55, 51, 28, 60, 98],
[29, 87, 70, 42, 89, 55, 86, 44, 46, 91, 40, 95, -16, 67, 50, 83, 71, 36, 1, 9, 47, 68, 2, 0, 47, 64, 35, 86, 5, 9, 88, 36, 26, -98, 6, 75, 27, 62, 40, 33, 67, 78, -84, 43, 1, 75, 7, 0, 33, 0, 98, 37, 15, 11, 22, 48, 37, 0, 14, 0],
[58, 77, -38, 14, 20, 89, 44, -88, 0, 75, 99, 78, 50, 0, 99, 75, 4, 53, 40, 0, 53, 65, 77, 42, 53, 10, 85, -77, 54, 76, 0, 3, 36, -80, 87, 3, 13, 97, 0, 38, 53, 10, 18, 70, 56, 13, 38, 35, 20, 47, -73, -91, 18, -45, 68, 81, 84, 83, -16, 42],
[55, 14, 6, 58, 86, 74, 74, 10, 88, 41, 19, 64, -57, 94, 6, 71, 6, 98, 0, 55, 10, 0, 1, 64, 0, 51, 7, 67, 95, 11, 70, -36, -24, 9, 23, 85, 79, 96, -6, 73, -47, 54, 55, 28, 96, 9, 45, 69, 98, 83, 0, 68, 76, 93, 57, 57, 35, 16, 34, 22]]
[1262, 339, 1475, 2018, 1245, 1165, 314, 1600, 583, 1140, 1467, 1184, 119, 2121, 812, 1619, 490, 490, 1308, 575, 1275, 2207, 538, 1600, 1310, 1960, 2280, 1512, 827, 2069]
