3
90
45
[[19, 19, -66, 61, 89, 85, 74, 21, 6, 23, 32, 55, -89, -82, 60, -74, 34, 77, 85, 69, 41, 24, 58, 69, 95, -71, 37, -86, 83, 5, 20, 22, 78, -78, 37, -65, 46, 93, 6, 69, 54, -72, -17, 40, 75, 9, -22, 49, 32, 19, 64, 46, 15, 14, 0, -78, 82, 47, 93, -69, 33, 63, 75, 68, 84, -26, 42, 57, 60, 78, 55, -85, 50, 2, 50, 10, -25, 95, 86, 56, 50, 17, -49, 48, 46, 72, 26, -64, 51, 19],
[73, 83, 3, 99, -60, 59, -16, 81, 50, 47, -45, 97, -93, 57, 72, 58, 6, 94, 18, -100, 47, 49, 35, 68, -42, 82, 34, 95, 11, 100, -71, 28, 99, 46, 14, 76, 6, 93, 54, 27, 75, 26, 88, 51, -27, 83, 7, 38, 32, -78, 31, -93, 22, -21, 60, 89, 16, 44, 36, -97, 45, -88, 97, 58, 36, -25, 79, -95, 83, -25, 92, 77, 79, 12, 16, 24, 1, 15, -13, 27, 54, 92, 86, -68, 82, 10, 73, -19, 9, -35],
[8, -13, 27, 7, 77, 39, 37, 63, 27, -10, 3, 82, 89, 27, -45, -77, 84, 74, 14, -75, -85, 21, 95, -26, 80, 30, -33, 59, 75, -46, 80, 95, 90, 73, 50, -5, 62, 17, 1, -23, -42, 64, 19, 82, -92, 24, -87, 51, 88, 7, 22, 2, -81, 41, 12, 1, 26, 96, 87, 39, -87, 84, 83, 31, 59, 8, -60, 67, 31, 81, 27, -87, 47, 100, 87, 29, -98, 27, -52, 55, 96, 90, 74, 98, 65, 48, -40, 45, 70, 42]]
[[17, 44, 0, 0, 0, 67, 74, 64, 0, 27, 14, 32, 51, 58, 24, 0, 53, 41, 84, 41, 85, 28, 17, -91, 12, 7, 93, 81, 87, 99, 88, 0, 41, 99, 62, 78, 52, 87, -49, 12, 100, 39, 84, 28, 61, 24, 80, 95, 0, 0, 57, 60, 32, 0, 18, 0, 0, -76, 5, 0, 52, 63, 25, 71, 60, 83, 70, 47, 67, -41, 17, 16, 48, 55, 26, 87, 71, 57, 73, 44, 78, 87, 20, 73, 39, 84, 60, 85, -80, 5],
[-9, 81, 80, 14, -82, 85, 33, 65, 4, 3, 35, 96, 44, -46, 8, -8, 24, 40, -53, 10, 100, 12, 25, 96, 27, 64, 57, 95, 63, 83, 50, 68, 47, -25, 61, 61, 79, 91, -53, 32, 85, 36, 56, 42, 0, 24, 30, 55, -56, 78, 22, 99, 42, 72, 19, 77, 42, 29, 27, 25, 40, 31, 46, 71, 46, 28, 12, 49, 97, 98, 0, 75, -81, 36, -27, 27, 0, 74, 2, 0, 73, -23, 36, 32, 95, 58, 0, 72, 57, 12],
[0, 0, 9, 93, 13, 44, 73, 0, 51, 75, 69, 91, 93, -66, 97, 43, -6, 21, 64, 64, -27, -51, -24, 44, 3, 0, 71, 13, 47, 0, 11, 0, 53, 44, -57, 0, 4, 79, 81, 82, 94, 84, 43, -35, 19, 43, 47, 52, 6, 39, 0, 0, 87, 30, 97, 0, 78, 86, -49, 46, 47, 77, 84, 0, 37, 77, 38, 0, 55, 43, 97, -29, -1, 76, 53, 67, 84, 0, 60, 23, 31, 37, -100, 22, 30, 99, -15, -24, 5, 69],
[95, 76, 70, 0, 18, 11, 96, 55, 23, 53, 65, 57, 58, 44, 59, 0, 37, -93, 0, 77, 24, 63, 42, 82, 55, -29, -45, 59, 0, 16, 32, 3, 30, 51, 50, 14, 59, -63, 49, 74, 51, 17, 32, 17, 41, 88, 10, 15, 28, 76, 1, 54, 96, 53, 87, 90, 3, -7, 60, 0, 100, 65, 52, 86, 82, 67, 52, 13, 0, 4, 97, 90, 27, 93, 26, 31, -49, 68, 25, 9, 0, -41, 63, 0, 76, 90, 86, 70, 72, 67],
[0, 16, 95, 21, 90, 83, 61, 58, 50, 81, 91, 4, 56, 52, 70, 0, 87, -95, 3, 55, 63, -53, 62, 18, -18, 86, -24, 12, 11, 4, 54, 27, 29, 75, 5, 96, 30, 28, 77, 96, 32, 67, -65, 60, 63, 83, 0, 9, 12, 32, 46, 39, 0, 82, 82, 86, 17, 0, 84, 92, 83, 24, 20, 29, 97, 70, 83, 0, 22, 79, -33, 62, 36, 70, 62, 84, 76, 47, 41, 49, 82, 38, -29, 97, 80, 97, 35, 99, 37, 62],
[45, 37, 68, 6, 6, 35, 11, 65, 41, 42, 0, 89, 13, 20, 55, 47, 0, 68, 91, 9, 89, 0, 23, -21, 73, 7, 84, 85, 72, 59, 46, 0, 93, 96, 81, 96, 81, 3, 7, 0, 73, 71, 14, 2, 27, 96, 65, 99, 34, 31, 9, 0, 99, 74, -53, 12, 54, 48, 9, -66, -72, -99, 0, 44, 0, -24, 39, 49, 62, 54, 49, -85, 77, 55, 3, 26, 69, 46, 68, 0, 0, 26, 20, 63, 20, 16, 59, 74, 23, 44],
[46, 1, 9, 28, 23, 94, -29, 21, 47, 56, 4, 30, 3, -11, 48, 29, 7, 76, 0, 4, 6, 88, -80, 28, 19, 0, 0, 21, 18, 45, 78, 70, 27, 52, 38, 40, 62, 91, 52, 0, 80, 40, 81, 18, 47, -33, 83, 38, 92, 79, 38, 87, 7, 70, 84, 77, 49, 0, 30, 77, 91, 20, 64, 97, 77, 70, 33, 0, 0, 0, 42, 76, 61, 88, -32, 39, 0, 91, -95, -38, 95, 60, 55, 96, 44, -1, 48, 40, 41, 61],
[8, 74, 80, 37, 40, -17, 66, 54, 50, 38, 42, -98, 42, 62, 35, 0, 43, 67, 79, 11, 84, 0, 83, 6, 75, 79, 0, 0, 0, 0, 0, 55, 2, 24, 0, 66, 0, 40, 93, 59, 66, -42, 15, 21, 74, 81, 47, 33, -18, 89, -54, 71, 19, -52, 0, 7, 25, 0, 71, 41, 2, 0, 82, -30, 40, 58, 60, 21, 34, 48, 28, 3, 46, 51, 99, 31, 83, 15, 52, 40, 56, 65, 0, 85, 95, 93, 91, 41, 97, 76],
[57, 0, 39, 72, -86, 43, -89, 70, 1, 72, 19, 33, -85, 34, 0, 9, 10, 19, 4, 39, -5, 48, -94, 71, 89, 6, 44, 18, 85, 87, 34, 97, 61, 0, -37, 48, 93, 17, 49, -36, 94, 88, 33, 96, 42, 72, 19, 36, 28, 71, 48, 0, 41, 77, 8, 98, 76, 78, 21, 49, -25, 78, 0, 45, 15, 1, 63, 3, 89, 100, 71, 20, 57, -63, 0, 72, 32, 94, -40, 54, -38, 10, 88, 51, -55, 0, -33, 90, 44, 94],
[20, 17, 99, 0, 59, 15, 20, 78, 27, 17, 82, 46, 13, 37, 82, 37, 50, 56, -14, 63, 23, 13, 16, 9, 26, 79, -46, 57, 59, 24, 22, 80, 49, 73, 100, 80, 11, 65, 83, 69, -3, 16, 72, 21, 65, 72, 4, 58, 86, 88, 65, 9, 60, 2, 45, 51, 18, 96, 39, 0, 0, -42, 91, 42, 15, 79, -88, 69, 18, 93, 0, 38, 21, 7, 76, 27, 16, 49, -80, 0, 70, 75, 27, 91, 9, -77, -74, 39, 0, 0],
[3, 18, 85, 60, 39, 45, 49, 61, 97, 87, 57, 16, 22, -4, 24, 0, 27, 0, 55, 10, 0, 49, 74, 43, 96, 40, 26, 1, 0, 59, 56, 78, 72, 6, 13, 77, 75, -31, 79, -90, 100, 61, 75, 44, 39, -65, 58, 0, 29, 79, -39, 87, 14, 54, 71, 92, 58, 52, -84, 45, 0, 46, 75, -41, 32, -74, 71, 28, 79, 0, -41, 67, 81, 93, 25, -25, 21, 15, 32, 0, 80, 35, -11, -30, 0, 50, 68, -75, 61, -43],
[82, 14, 84, 65, 2, 76, 30, 0, 20, 0, 36, 7, 43, 0, 77, 4, 31, 15, 56, 77, 29, 28, 0, -92, 13, 59, 52, 3, 67, 75, 21, 68, 82, -32, 66, 53, 63, 19, 81, 13, 21, 21, 66, 31, 67, -4, 56, 42, 75, 0, 0, 44, 31, -56, 79, 76, 18, 63, 70, 60, 60, 5, 14, 21, 99, 65, 0, 9, 65, 0, 15, 46, 85, 88, 1, 75, 57, 87, 91, 22, 0, 20, -82, 40, 9, -59, 20, 76, -81, 97],
[53, 1, -26, 70, 87, 77, 11, 60, 22, 51, 29, 46, 56, 83, 51, 34, -12, 13, 21, 28, -28, -52, 86, -74, -5, 34, 57, 87, 0, 69, -16, 0, 88, -28, -33, 83, 2, 99, 39, 59, 91, 42, 77, 3, 10, 33, 0, 50, 9, 28, -77, 92, 0, 47, 0, 86, -71, 92, 92, 0, 90, 0, 99, 57, 0, 6, 85, 96, 85, 0, 3, 31, 0, -85, 39, 13, 58, 83, 48, -55, -38, 79, 28, 29, 58, 0, 43, 0, 73, 86],
[25, 69, 12, 29, 46, 5, 97, 27, 93, 94, 0, 7, 90, 31, 58, 0, 14, 6, 87, 0, 16, 26, 82, 47, 1, 0, 92, -47, 11, -71, 38, 91, 44, -8, 88, 67, 95, 94, 25, 92, 69, -92, 6, 100, 0, 29, 6, 40, 64, 51, 0, 31, 1, 24, 70, 62, 19, 63, 91, 88, 86, 20, 61, 75, 0, -81, 17, 100, 52, 21, 96, 8, 87, 19, 0, 88, -81, 57, 8, 0, 82, 82, -95, 52, -5, -70, 0, 26, 55, 71],
[-17, 89, 41, 42, 68, 57, 96, 51, -64, -93, 5, 48, 65, 8, 2, 48, 22, 70, 97, 0, 64, 97, 0, 35, 69, 66, 4, 15, 23, 82, 26, 30, 68, 8, 12, -52, 69, 0, 82, 84, 53, 11, 58, 43, -98, 90, 47, 62, 0, 12, 77, 32, 75, 43, 81, 7, 81, 37, -81, 0, 28, 0, 17, 20, 14, 29, 67, -53, 29, 98, 46, 99, 5, 13, 88, 58, 60, 12, 29, 65, 71, 67, 98, 0, 27, 32, 81, -4, 14, 45],
[77, 0, -65, 13, 0, 0, 77, 14, 26, 68, 85, 75, 0, 56, 88, 40, 33, 25, -95, 44, 37, 12, 32, 94, -5, 69, 29, 10, 53, 70, 53, -98, 4, 93, -50, 2, 92, 0, 23, 62, 80, -9, 0, 54, 78, -11, 46, 58, 26, 74, 0, 25, 71, 0, 84, 70, 43, 47, 85, 82, 85, 44, 8, 16, 37, 25, 0, 94, 15, 49, 48, 31, 0, 24, 21, -79, -56, -38, 81, 78, 35, 0, 60, 97, 61, 0, 0, -28, 40, -22],
[40, 34, 35, 69, 67, 66, 45, -43, 60, 78, 0, 89, 53, 94, 65, 4, 13, 25, 70, -58, 69, 32, 0, 33, 16, 52, 4, 81, 48, 26, 6, 44, 10, 21, 49, 26, 0, 17, 5, 79, 67, 26, 74, 40, -32, 32, -13, 52, 39, 5, 78, 48, 20, 38, 15, 0, 82, 23, 59, 80, 12, 95, 0, 24, 31, 1, 85, 63, 70, 96, -95, 0, 4, 9, 32, 70, 0, 82, 26, -83, 72, 12, 84, 51, 28, 29, 28, 35, 38, 60],
[27, 68, 14, 83, 0, 32, 5, 59, 39, -65, 30, 90, 98, 9, 51, 98, -6, 76, 44, 0, 59, 67, 76, -98, 49, 0, 15, 63, -3, 29, -6, 75, 87, 23, 21, 76, 25, 22, 21, 71, 80, 84, 23, 100, 0, -72, 100, -1, 94, 15, 89, 32, 5, 67, 98, 45, 78, 65, 49, -29, 15, 94, 0, -8, -100, 20, 50, -13, 6, 61, 62, 23, 35, 8, -3, 0, 66, 78, 46, 52, 86, 0, 43, 72, 56, 95, 0, 56, 79, 9],
[-85, 23, 90, 72, 1, 100, 43, 0, 85, 96, 0, 73, -55, 65, 0, -37, 35, 44, 92, 49, 9, 48, 97, 8, -77, 81, 0, -91, 18, 21, 75, 46, -39, 0, 20, -18, 53, 66, -44, 100, 69, 58, 44, 60, 83, 0, 65, 83, -10, 24, 64, 18, 82, -3, 66, 82, 28, -14, 49, 37, 35, 41, 41, 8, 68, 67, 60, 64, 94, 24, 20, -12, 11, 25, 28, 44, 14, 61, 7, 85, 99, 6, 37, 1, 30, 90, 29, 97, 54, 100],
[43, 96, 5, 34, 35, -29, 13, 23, 31, 11, 43, 83, 56, 74, 22, 59, 99, 91, -97, 76, 33, 24, 77, 26, -1, 61, 96, 63, 66, 28, 92, 51, 40, 94, 66, 82, 16, -58, 52, 100, 5, 94, -97, 52, 92, 56, 65, -28, -54, 48, 0, 29, 0, 35, 44, 22, 38, 4, 27, -14, 77, 57, 61, 38, 26, 99, 97, 3, -16, 60, 23, 71, 8, 91, 82, 13, 56, 90, 0, 27, 17, 0, 90, -19, 14, 29, 93, 55, 12, 38],
[19, 10, 36, 66, 70, 1, 3, 75, -71, 23, 96, 89, 51, 58, 0, 60, 0, -61, 84, 100, 26, 42, 54, 74, 54, -5, 99, 72, 38, 39, 37, 55, 36, 68, 0, 67, 94, 10, 0, 54, 18, -4, 0, 96, -46, 42, 22, 14, 92, 85, 29, -46, 72, 31, 67, 0, 60, 43, 49, 51, 80, 94, 55, 72, -78, 88, -40, 63, 62, 0, 43, 5, 38, 20, 90, 44, 25, 36, 32, 53, 89, 23, 46, 0, 2, 70, 18, 94, 85, 16],
[61, 65, 98, 67, 65, 0, 53, -14, 50, 9, 75, 40, 26, 89, 0, 4, 89, 9, 49, -48, 0, 17, 99, 38, 19, 85, 38, 6, 53, 10, 42, 46, 65, -63, 0, 44, 73, 87, -24, 43, 75, 47, -34, -93, 60, 54, -21, 46, -7, 47, 0, 0, 81, 68, 90, 23, 7, 62, 100, 61, -28, 45, 21, 56, 34, 22, 61, 70, 19, 8, -19, 41, 29, -59, 32, -66, -78, 31, 4, 10, 35, 17, 66, 37, 23, 92, -26, 93, -66, 31],
[65, 59, 100, -53, 12, 20, 1, 0, -14, 92, -6, 13, 15, -28, 39, -86, 69, 34, 0, 36, 68, 44, 91, 2, 31, 90, 48, 52, 0, 56, 36, 94, 70, 34, -27, 0, 34, 87, 70, 22, 75, 25, 92, 38, 90, 99, 61, 74, 0, 36, 66, -41, -58, 91, 13, 42, 42, 9, -15, 45, 72, 27, 30, 0, 41, 60, 49, 45, 13, 43, 99, -26, 52, 92, 54, 3, 44, 9, 2, 20, 12, 28, 49, 13, 59, 93, 65, 41, 0, 32],
[5, 72, 50, 43, 10, 94, 42, 81, 93, 52, 48, 9, 0, 0, 29, 81, -65, 81, -68, 88, 81, 38, 18, 95, 71, 90, 39, 66, 50, 96, 23, 82, 61, 66, 92, 68, 51, -55, 86, 66, 27, 77, 94, 13, 18, -80, 84, -1, 64, 37, 19, -74, 10, 38, 12, -50, 59, 4, 70, 0, 88, 16, 8, 0, 51, 93, 36, 0, 63, 2, 18, 46, 48, 80, 88, 45, -75, 27, 60, 58, 85, 80, 75, 64, 71, 71, 62, 0, -92, -12],
[20, 90, 62, 0, 22, 44, -66, 88, -44, 70, 49, 65, 96, 46, -20, 89, 54, 0, 100, 75, 100, 29, -41, 0, 66, 74, 61, 71, 59, 6, -30, 39, 55, 78, 0, 56, 77, 11, -37, 16, 36, 34, 44, 42, 15, -27, 0, 61, 37, 0, 14, 42, 13, 0, 23, 90, 39, 29, 82, 66, 41, 52, 9, 25, 28, 83, 75, -83, 22, 69, 59, 37, 7, 20, 65, 26, -81, 54, 47, 97, 40, 51, 0, 69, 11, -74, 63, 92, 91, 81],
[66, -73, 81, 14, 59, 0, -2, 51, 0, 20, 89, 97, 87, 35, 71, 28, 13, 53, 79, 21, 60, 3, 78, 11, 71, 60, 54, 3, 37, 87, -72, 0, 42, -93, 85, 2, 100, 79, 59, 70, 42, 9, -48, 3, 1, 78, -32, 63, -3, 91, 11, 59, 0, 38, 31, -61, 50, 88, 91, 54, 53, 60, 62, 23, 49, 61, 4, 89, 0, 26, 56, 23, 83, 22, 51, 87, 27, 94, 41, 9, 0, 1, 23, -77, 0, 0, 37, -97, 24, 54],
[87, 35, 68, 53, 47, 5, 4, 56, 21, 100, 79, 69, 52, 3, 92, 51, 22, 52, 46, -51, 97, 47, -48, -25, 63, 5, 24, 21, 12, 66, -92, 0, 31, -67, 0, 37, 38, 24, 34, 88, -52, 85, 92, -75, 0, 38, 48, 44, 24, 64, 93, -8, 48, 85, 60, 20, 9, 53, 62, 88, 43, 8, 67, 54, 25, 0, 18, 39, 74, 63, -77, 25, 32, 45, 56, -20, 49, -64, 72, 92, 13, -94, 35, 8, -91, 13, 94, 26, 31, 19],
[99, 0, 5, 63, 40, 37, 62, 82, 89, 4, 60, 0, 53, 57, 83, 96, 3, 84, 99, 89, 75, 12, 4, 9, -57, 4, 57, 0, 10, 31, 54, 84, 61, 6, 77, 76, 17, 0, 44, 19, 22, 49, 5, -56, 16, 0, -98, 67, 93, 65, 14, 40, 93, 7, 100, 75, 50, 100, 43, -82, 21, 30, 5, 9, 24, 96, 14, 27, -10, 63, 61, 41, -26, 85, 0, 3, 66, 67, 43, 97, 87, 35, 84, 51, 61, 53, 45, 92, 66, 39],
[42, 0, 79, 32, 50, 61, 98, 61, 66, 0, 26, 24, 39, 0, 94, 100, 62, 73, 20, 68, 73, 0, 34, 77, 14, 94, 29, 0, 0, 96, 67, 51, 63, 8, 54, 59, -45, -23, 89, 0, 65, 39, 33, 51, 82, -53, 70, 0, 16, 71, 13, 11, 30, 82, -62, 17, 34, 3, 89, 7, 47, -13, 79, 75, 71, 16, 70, 56, 92, 6, 6, 94, 78, 96, 61, -95, -90, 93, 91, 82, 12, 45, 24, 80, 0, 85, 42, -62, 84, 77],
[78, 2, 48, 77, 60, 99, 56, 52, 43, 95, 15, 21, 78, -96, 0, 55, -45, -94, 58, 21, 59, 95, 35, 81, 0, 11, -42, 47, 46, 81, 36, 4, 14, 0, 58, 46, 66, -44, 34, 97, 0, -24, 12, 50, 14, 82, 45, 0, 49, 66, 4, 32, 2, 54, 58, 49, 2, 32, 63, 76, 81, 3, 16, 0, 64, 92, 81, 0, 30, 0, 83, 13, 23, 72, 98, 37, 75, 45, 60, 0, 80, 24, 36, 37, 7, 68, 49, 74, 0, 40],
[38, 74, -38, 46, -10, 68, 8, 27, 41, 94, 29, 8, 3, 96, 21, 3, 75, 59, 8, -56, 68, 0, 75, -5, 0, 59, 0, 88, 97, 76, 61, 98, 44, 22, 0, 0, 27, 0, -76, 16, 61, 0, 79, 46, 52, 63, 98, 26, 79, 6, 80, 41, 87, 13, 92, 6, 59, 73, 87, 0, 39, 89, 50, 13, -96, 14, 16, 68, -74, 22, 0, 20, 12, 47, 14, 2, 71, 29, 3, 70, 0, 6, 86, 65, 31, 88, 8, 0, 30, 49],
[-39, -90, -21, 31, 66, 8, 46, 0, 32, 64, 66, 72, 0, 86, 92, 0, 68, 0, 76, 100, 92, 94, 16, -67, 14, 93, 97, 14, 48, 13, 18, -58, 71, 52, 90, 3, 82, 39, 96, 59, -96, 58, -73, 52, 1, 8, 0, 50, 39, 0, 85, -25, 82, 84, 0, 80, 13, 96, 46, 92, 0, 66, 0, 0, 36, 23, -83, 32, -67, -11, 0, 73, 18, 26, 40, 95, 17, 2, 51, 0, 24, 54, 63, 80, 73, 0, -39, 65, 62, 86],
[0, 8, -89, 92, 0, 43, 63, 87, 0, 0, 87, 43, 5, 21, 8, 95, 41, 2, 90, -23, 0, 91, -59, 65, -91, 21, 68, 0, -74, 0, 48, 52, -57, 44, 43, -86, 88, 50, 30, 1, 99, 0, 20, 42, 70, 50, 0, 0, 66, 0, 7, 69, 70, 100, 11, 35, 41, 35, 46, -42, 0, 91, 17, 98, 39, 48, 70, -51, 0, 33, 0, 43, 68, 9, -83, 49, 7, 75, 46, 38, 22, 6, 57, 77, -6, 39, 0, 82, 54, 92],
[40, -93, 67, 44, 0, 81, 94, 60, 14, 40, 0, 92, 43, 40, 32, -85, 86, 93, 2, 75, 71, 26, 42, 84, -6, 0, 15, 36, 90, 0, 0, 0, 16, 34, -15, 94, 85, 32, 17, 80, 39, 63, 82, -53, 41, 0, 0, 31, 100, 63, 47, 59, 34, 10, 98, 22, 84, 40, 93, 52, 50, 60, 47, 1, 36, 79, 11, 23, 80, 10, 58, 54, 90, 87, 15, 23, 30, 33, 72, 22, -5, 89, -64, 0, 17, 60, 1, 48, 81, 28],
[65, 21, 66, 70, 86, 44, 91, 89, 44, 43, 99, 88, 84, 70, 56, 80, 17, -86, 54, 19, 76, 21, 96, -8, 48, 26, 71, 0, 54, 4, 97, 58, 0, 58, 34, 0, 0, 51, 16, 59, 0, 51, 28, 75, 57, 9, 0, 13, 26, 46, 100, -25, 15, 86, 86, -65, 11, 0, 60, 80, 16, 23, 47, 37, 78, 80, 84, 97, 0, 90, -37, 3, 19, 0, 0, 0, 58, 7, 29, 98, 81, 9, 18, 79, -29, 17, 65, 0, 39, 33],
[48, 8, -37, 0, 92, 75, 24, -26, 25, 59, 35, 43, -3, 40, 83, 94, 0, 0, 25, 28, 1, 0, 75, 5, 60, 8, 45, 58, 75, 75, 2, 0, 0, 6, 93, 60, 0, 98, 0, 0, 92, -17, 61, 81, 13, 0, 91, 4, 24, -24, 79, 78, 52, 87, 35, -35, 0, 67, 69, 66, 11, 63, 69, 55, 75, 10, 0, 92, 8, 32, 92, 99, 80, 23, 62, 43, 0, 21, 12, 24, 22, 25, 15, 23, -31, 40, 58, -38, 0, 56],
[18, 5, 48, 2, 13, 25, 23, 67, 11, 46, 55, 45, 0, 8, 76, 62, 80, 43, -5, 10, 80, 80, 0, 29, 95, 69, 20, 25, 35, 0, 60, 35, 29, 0, 71, 65, 31, 0, 0, 99, 23, 10, 0, 79, 86, -19, 36, 22, 87, 16, 0, 85, 91, 24, 68, 88, 70, -8, 27, 58, 45, 65, 95, 16, 48, 5, 41, 50, 39, 54, -89, 73, 51, 61, 24, 0, 69, 26, 71, 78, 35, 65, 89, 47, 0, 20, 98, 13, 13, 35],
[59, 1, 67, 90, 14, 98, 16, 45, -85, 24, -89, 5, 10, 55, 10, 13, 18, 0, 85, 85, 53, 20, -34, 46, 98, 95, -53, 10, 1, 45, 95, 85, 89, 58, 39, 95, 95, 0, 61, 37, 93, 27, 22, 0, -89, 0, 56, 86, 75, 16, 6, 12, 83, -58, 94, -8, 36, 3, 83, 79, 35, 82, 86, 18, 15, 33, 22, 69, -55, 0, -62, 0, 69, 78, 12, 94, 51, 85, 19, 99, 30, 0, 63, 90, -98, 52, 0, 91, 87, 79],
[91, 24, 77, 65, -30, 7, -36, 0, 27, 66, 57, 85, 54, 100, 34, 6, 69, 87, 7, 13, 0, -53, 16, 0, 91, 95, 71, 16, 22, 29, 10, 100, 0, 69, 13, 0, 51, 68, 78, 75, 30, 27, 22, 75, 51, 7, 18, 0, 17, 68, 77, 3, 31, 97, 10, 64, 14, 25, 51, 13, 72, -5, 26, 0, 43, 62, 21, 31, 72, 47, 73, 25, 45, 96, 5, 0, 94, 3, 41, 2, 70, 97, 66, 28, 0, -10, 72, 92, 34, 51],
[0, 47, 0, 37, 0, 77, 39, 0, 0, 8, -52, 36, 56, 25, 89, 0, 23, 73, 70, 100, 77, 96, 0, 0, 53, 49, 32, 85, 94, 32, 0, 59, -13, 32, 54, 9, 84, 57, 0, 71, 24, 55, 60, 30, 63, 92, 43, 53, 51, 83, 86, 99, 50, 24, 76, 99, 17, 73, 39, -81, -75, 0, 69, 48, 0, 80, -86, 68, 0, 17, -45, 79, 84, 66, 51, 76, 62, 78, 72, 47, 0, 72, 67, 65, 1, 52, -49, 82, -81, 67],
[-92, 63, 9, 42, 86, 100, 60, 18, 62, 46, 4, 10, 31, -41, 76, 0, -17, 63, 57, -5, 88, 36, 44, 56, 96, -65, 12, 63, 16, 12, -53, 7, 75, 86, 72, 68, 65, -3, -65, 97, 62, 85, 17, 26, 20, 38, 65, 99, 13, 71, 65, 43, 41, 37, 94, 8, 66, 29, 39, 14, 92, 25, 95, 96, -94, 90, 4, 1, 73, 20, 71, 22, 19, 19, 5, 15, 83, 53, 62, 83, 14, 40, 0, -60, 77, 80, 48, -36, 25, 0],
[20, 95, 0, 0, 68, 95, 0, 64, 48, -55, 44, -72, 86, 68, 36, 16, 54, 69, 91, 3, 52, 19, 70, 97, 0, 43, 28, 97, 34, 16, 3, 40, 21, 21, -75, -92, 57, -33, 73, 21, 33, 57, 11, 9, 20, 68, 92, -27, 0, 94, 0, 99, 19, 30, 79, -66, 91, 61, 28, 99, 15, 0, 83, 52, 14, 34, -19, -95, -80, 38, -62, 41, 30, -3, 36, 75, 83, 32, 32, 55, 46, 52, 91, 35, 0, 0, 18, 12, 92, 67],
[0, -44, 74, 83, -96, 0, 60, 34, 11, 38, 95, 85, 66, 79, 32, 0, 21, 92, 27, 17, -30, 25, 81, 92, 94, 66, 46, 0, 12, 87, 4, 0, -8, 46, 17, 50, 83, 0, 7, 34, 69, 84, 0, 46, 41, 77, 0, 67, 96, 16, 23, 51, 50, 77, 38, 47, 74, 0, 57, 59, -1, 94, 19, 44, 67, 0, 2, 56, 37, -65, 0, 73, 22, 70, 77, 72, 29, 35, 48, 93, 94, 11, 61, 6, 0, 11, 2, 21, 6, 69],
[95, 0, 23, 10, 31, 37, 56, 32, -44, 11, 72, 18, 6, 72, 0, -61, 44, 67, 0, 51, 1, 92, 3, 34, 53, 18, 59, 84, 62, 15, 2, 0, 55, 6, 81, 73, -37, 1, -43, 35, 1, 9, 83, 48, 60, 73, 39, 65, 51, 15, 34, 40, 42, 98, 89, 91, 56, 53, 98, -4, 38, 50, 60, 0, 10, 84, 18, 80, 0, 0, 0, 0, 0, -57, -2, 1, 38, 52, 55, 4, -36, 17, 73, -85, 0, 0, 92, 99, 0, 10],
[11, 0, 12, 26, -80, 63, -36, 74, 83, -1, 22, 0, -92, -66, -85, 17, 67, 55, 39, 80, 46, 10, 4, 29, 59, 31, 57, 44, 47, 72, 57, 99, 16, 77, 78, 2, 95, 0, 98, 6, 46, 59, 97, -69, 47, -69, -35, 0, -12, 61, 89, 20, 61, 0, -62, 0, 44, 34, 98, 81, 53, 46, 73, 28, 62, 0, 22, 16, 100, -80, 0, -42, 96, -36, 87, 51, 61, -94, -36, 61, 71, 8, 44, 14, -13, 0, 1, 82, 22, 90]]
[1723, 193, 2710, 2325, 3906, 2435, 1748, 2932, 2382, 684, 1587, 2069, 2526, 2903, 1780, 406, 2004, 984, 2688, 168, 2747, 1775, 2395, 2972, 2567, 2511, 2321, 2990, 1856, 2992, 2351, 2543, 1476, 2206, 2090, 1210, 2591, 2120, 1112, 2011, 150, 2493, 1492, 644, 1279]
