3
50
25
[[75, 78, 28, -21, 80, 28, 60, 1, 25, 59, 32, 72, 56, 34, 87, -71, 39, 77, 98, 82, 1, 81, 44, -18, 87, 39, 2, 26, 80, 76, 41, 27, 12, 47, 62, 87, 38, 24, -51, 52, 47, -45, 2, -92, -59, -51, -12, 62, 82, 10],
[38, -94, 65, 59, 36, 51, -99, 32, 88, 87, 24, 12, 12, 14, -17, 37, 22, 99, -27, 1, 67, 92, 58, 73, 65, 76, -5, -98, 63, 2, 41, 69, 84, 50, 24, 66, -96, 59, 83, 8, 91, -64, -27, 95, 54, -17, -64, 58, 19, 77],
[61, 34, 1, -73, -75, 30, 21, 2, -96, -69, 94, 54, 68, 49, -80, 31, -32, 46, 59, 53, -91, -100, 50, 25, 100, 14, -29, 22, 80, 27, 98, 82, 23, 35, -99, -35, 72, 42, 69, 77, 24, -39, -42, -65, 55, 39, 20, 18, 50, 24]]
[[59, -63, 44, 66, 28, 8, -3, 8, 63, 1, -91, 55, 40, 46, 85, 39, 32, 31, 71, 51, 85, 2, 4, -79, 80, 73, 83, 78, 65, 13, 46, 92, 26, 52, 18, -6, -41, 84, 4, -72, 27, -29, -72, 32, 74, 43, 0, 35, 20, 46],
[48, -24, -96, 69, -36, 92, 99, 1, 13, 21, 76, 5, 98, 89, 45, -72, 14, -3, 0, 67, 30, 17, 63, 21, 93, 11, 28, 83, 71, 86, 26, 54, 0, -42, 0, 0, 82, 53, 63, 8, 94, 36, 8, 0, 81, 71, 78, 77, -56, 21],
[36, 12, 0, 0, 64, 36, 17, 69, 75, 66, 56, 19, -61, 84, 19, 0, 66, -2, 14, 0, 77, 17, 0, 34, 19, 17, 51, 50, 0, 57, 59, 94, 55, 43, 55, 70, 17, 50, 58, 67, 18, 16, 0, -20, 16, 17, 24, 60, -89, 0],
[71, 0, 41, 83, 66, 90, 40, -16, 17, 37, 4, -7, 25, 30, 63, 68, 17, 68, 17, 48, 92, 15, 43, 87, 88, 37, 25, 61, 82, 74, 36, 76, 26, 9, 94, 24, 93, 16, 38, -7, 25, 16, 60, 98, 65, 86, 13, 52, 3, 79],
[0, -20, -60, 43, 98, 3, 66, 0, 25, 69, 58, 51, 52, 0, -11, 0, 68, -16, 91, 11, 35, 84, 91, -66, -23, 2, 26, 87, 17, 87, 28, -6, 11, 66, -29, 88, -37, 75, 78, -38, 70, 2, 23, 72, 27, 65, 59, 50, 39, 0],
[-10, 15, 29, 9, -1, 61, 35, 64, 51, 96, 93, 30, 20, 21, 94, 67, 48, 39, 70, 82, 19, 38, 5, -91, 37, -69, 66, 80, 41, 42, 91, -83, 89, 14, 3, 28, 39, 74, 68, 99, -12, 32, 91, 0, 32, 0, 65, -12, 40, 38],
[40, 64, 87, 34, 97, 0, 100, -42, 58, 43, 81, 77, 56, 27, 42, 47, 5, 42, 83, 98, 0, 14, 67, 0, 99, 49, 72, 95, 74, 13, -56, 65, 33, 87, 33, 45, 81, 0, 22, 62, 77, 69, 0, -4, 0, 71, 71, 7, 35, 58],
[32, 52, 66, 88, -47, 71, 44, -59, 18, 74, 9, 45, 42, 14, 27, 0, 58, 75, 18, -79, 61, 98, 32, -24, 23, 0, 97, 3, 3, 11, 0, 37, 7, 85, 27, -13, 28, 37, 83, 31, 62, 74, 50, 32, 100, 1, 0, 37, 67, 32],
[34, 6, 83, 87, 10, 0, 72, 97, 19, 32, -8, -91, -32, 55, 77, 83, 20, 0, 81, -19, 66, 84, 63, 85, 73, 94, 70, -10, 71, 33, -88, 0, 47, 7, 20, -33, 73, 71, 21, 47, 96, 77, 95, 68, 49, -97, 17, 43, 61, 50],
[18, 29, 37, 96, 37, 56, 55, 55, 100, 81, -71, 20, 78, 12, 34, 82, 58, 0, 94, -79, 38, 8, 55, 53, 40, 68, 9, -38, 80, 72, -21, 88, 21, 56, 0, 78, 36, 75, 32, 0, 18, 65, 96, 88, 32, 4, -29, 67, 13, 58],
[-45, 68, 22, 24, 58, -30, 0, 56, -54, 65, 10, 82, 52, 41, 36, 33, 54, 4, 100, 68, 4, 23, 0, 79, 99, 87, 32, 59, 0, -93, 72, 53, -22, -19, 50, 29, 0, 32, 56, 48, 69, 56, 23, 10, 2, 0, 56, 31, -8, -87],
[64, 20, 86, 77, 98, 75, 70, 21, 19, 73, 0, 61, 36, 83, 100, 1, 61, 10, 40, 19, 59, 56, 12, 45, -96, 77, 22, 100, 28, 86, 80, 18, 40, 81, 88, 61, 42, 0, 54, -86, 8, 34, 11, 31, 98, 0, 26, 39, 32, 71],
[59, 0, 0, -47, 75, -64, 65, 77, 76, 69, -45, 20, -10, 0, 34, 27, -45, 63, 4, 22, 41, 74, 95, 0, -8, 93, 99, 27, 0, 18, 4, 74, 56, 15, 0, 18, 20, 24, 29, 43, 58, 40, 96, 99, 57, 40, 59, 61, 47, 4],
[22, 8, 71, 6, 99, 81, 91, 30, 30, 86, 91, 44, 34, 28, 36, 13, 39, 0, 9, 39, 75, 12, -19, 38, 0, 89, 56, 69, 62, -69, 26, 81, 25, 0, 58, 33, 59, -14, 16, 14, 79, 42, 41, 42, 82, 72, 69, 51, -38, 63],
[95, 0, 3, -75, 0, 39, 51, 12, 65, 66, -87, -25, 78, 0, 83, 4, 98, -61, 0, 42, 0, 60, 20, 42, 41, 7, 32, 0, 41, 70, 0, 5, -24, -56, 10, 89, 27, -56, 99, 15, 8, 6, 0, 38, 13, 11, 96, 0, 96, 97],
[6, 48, 52, 15, 54, 52, 86, -1, 33, 25, 15, 28, 0, 16, -69, 0, 92, 0, 39, 24, 1, 48, 12, 65, 0, 65, 77, 96, 24, 2, 40, -100, 56, 68, 31, 52, 54, 0, 33, 13, 41, 62, 30, 87, 74, -78, 49, 44, 87, 67],
[20, 91, 77, 7, 76, -61, 65, 58, 0, 0, 88, 1, 75, 73, 18, -60, 73, 96, 34, 26, 72, -58, 0, 8, 86, 57, 8, 64, 57, 10, 13, 0, 44, 31, 54, 12, 5, 80, 93, -46, 94, 90, 84, 20, 28, 0, 58, 48, 71, 60],
[24, 71, 4, 77, 58, 29, 7, 0, -10, 28, 0, 0, 42, 69, 3, 28, 49, 0, 70, 15, 40, 69, 22, 49, 16, 19, -16, 22, 71, 96, 99, 88, 83, -55, 97, 25, 52, 34, 91, 2, -62, 11, 50, 50, 28, 82, 79, 86, 77, 14],
[39, -57, 43, 0, 25, 0, 64, 38, 89, 36, -4, 91, 59, 8, 0, 39, 9, 72, 0, 2, 91, 84, -51, 49, 34, 56, 47, 48, 74, -2, 26, 20, 44, 30, 25, 20, 0, 4, 5, 73, 84, -54, 57, 1, 72, -8, 32, 72, 71, 21],
[52, 62, -46, 12, -41, -11, 50, 26, 42, 20, 14, 81, 44, 11, 91, 12, 92, 50, 61, 52, 0, 41, 12, 15, 24, 79, 49, 52, 94, 100, 13, 71, 33, 5, 5, 30, 28, 13, 52, 99, 62, 47, -73, 99, 21, 80, 39, 89, 95, 50],
[80, 86, 37, 1, 23, 25, 23, 27, 33, 42, 27, 69, 64, 72, 89, 15, 96, -84, 25, 0, 47, 19, 17, 73, 85, 0, 15, 54, 24, 0, 95, 11, 88, 62, 95, 12, 0, 59, -94, -77, 78, 43, 40, 44, 40, 10, 62, 72, 70, 90],
[83, 58, 28, 77, 88, 11, 78, -12, 52, 76, 0, 37, 73, -94, 58, 100, -22, 60, 96, 27, 12, 39, 40, 49, 98, 50, 0, 87, 94, 1, 53, 35, 76, -86, 99, 51, 50, 0, 10, 13, 26, 0, 75, 9, 20, -45, 0, 8, 0, 63],
[78, 0, 16, 2, 79, 74, 81, 55, 20, 17, 91, 31, 56, 54, 43, 0, 19, 78, 9, 95, 23, 47, 43, 8, 98, 50, 28, 57, 41, 27, 0, 44, 86, 53, 46, 73, 0, 0, 66, 79, 79, 0, 16, 67, 48, 16, 49, 1, 0, 75],
[27, 69, 53, 43, 53, 0, 97, 78, 8, 5, 87, 67, 76, -26, 96, 94, 0, 74, 99, 75, 15, 55, 25, 59, 55, 66, -16, 72, 69, 35, 76, 54, 60, 82, 53, 99, 84, 48, -1, -31, 4, 60, 29, 48, 12, 57, 67, 0, 26, 63],
[19, 56, -67, -90, 9, 87, 0, 0, 1, 78, 42, 31, 78, 9, 23, 22, -66, 88, 44, 94, 54, -66, 14, 87, 0, 64, 37, 93, 31, 43, 13, 12, 0, 52, -89, 27, -51, 7, 20, 0, 6, 31, 97, 24, 2, 80, 44, 31, 11, 7]]
[293, 823, 700, 2186, 1089, 984, 162, 826, 1502, 1361, 1039, 353, 1092, 490, 537, 307, 269, 1394, 553, 1993, 1116, 1649, 131, 2014, 261]
