893089.930820 773745.000958 1 
893251.862746 773013.902006 0 
893264.332564 772014.770904 1 
893289.400000 771582.800000 1 
893732.873729 770613.638511 0 
893745.337374 767976.388017 1 
893907.289142 767245.344321 0 
893919.739118 766246.157964 1 
894262.256197 765120.535521 0 
894274.700000 752532.930000 1 
894533.449772 749700.862157 0 
894543.145352 748029.720537 1 
894705.180414 747298.614856 0 
894717.547096 746299.490484 1 
895188.856163 743313.891188 1 
895223.600000 741829.470000 1 
895360.606810 741530.057171 1 
895596.000000 739257.630000 1 
896677.900000 736177.530000 1 
897648.766995 734988.895571 1 
898277.283364 729768.736311 1 
898919.691326 724326.075427 1 
900489.900000 719341.030000 1 
901580.800000 717533.230000 1 
901851.817351 717171.666889 1 
901954.800000 715979.670000 1 
902196.125437 715667.054234 1 
902610.200000 710211.170000 1 
903192.100000 709457.370000 1 
903505.552856 709176.595044 1 
903757.500000 706721.770000 1 
904362.864280 705958.115939 1 
905866.631255 705396.619286 1 
906978.528856 702996.143630 1 
907044.200000 702476.170000 1 
907945.207105 701344.159043 1 
908498.200000 696835.170000 1 
909080.100000 696081.370000 1 
910607.611911 695509.920313 1 
911670.300000 693317.470000 1 
912203.022884 692627.374606 1 
912645.221293 692418.753572 0 
912673.126650 691677.796346 1 
912932.200000 689100.170000 1 
913514.100000 688346.370000 1 
915058.838082 687783.136327 1 
916104.300000 685582.470000 1 
916686.200000 684828.670000 1 
918231.034090 684404.701112 1 
920802.054326 684191.341855 0 
920995.209870 682543.362270 1 
921079.800000 681697.370000 1 
921661.700000 680943.570000 1 
923242.100000 680163.570000 1 
924251.900000 678179.670000 1 
924966.152853 677369.514054 1 
925826.658933 677003.109908 1 
926692.537781 675989.377033 1 
927590.175699 675666.796610 0 
929421.883182 675499.880102 1 
929484.800000 675027.370000 1 
930066.700000 674273.570000 1 
931196.029293 673792.700724 1 
931291.280000 673028.950000 1 
931895.766907 672265.532478 1 
932340.284645 672076.256485 1 
933238.800000 670755.870000 1 
933693.916057 670562.081235 1 
934105.080000 669396.850000 1 
934686.980000 668643.050000 1 
937099.321590 667684.316786 0 
939611.876035 667201.734212 1 
939696.280000 666358.950000 1 
940278.180000 665605.150000 1 
941839.432441 664941.535947 1 
942510.080000 662726.850000 1 
943091.980000 661973.050000 1 
945550.064607 661008.069766 0 
950601.505930 660751.520459 1 
950733.080000 659776.150000 1 
952755.461370 658939.921862 1 
953546.880000 656144.050000 1 
955897.980000 655199.450000 1 
957661.539024 655085.504387 1 
961788.380000 653227.350000 1 
964444.155959 653168.632583 1 
964693.680000 652364.350000 1 
967553.659421 651294.921557 1 
968198.772711 649168.992060 1 
972243.280000 647398.350000 1 
973494.697428 647303.282978 0 
978686.429882 647292.642718 1 
978896.480000 645884.150000 1 
979243.052661 645736.579096 1 
979391.580000 645310.550000 1 
980985.449033 644616.163803 1 
981710.280000 642252.050000 1 
983071.480000 641672.450000 1 
984323.651158 641577.325719 0 
991741.917646 641566.687129 1 
992857.080000 638472.350000 1 
994468.780000 637787.550000 1 
994994.902761 637747.581772 1 
995758.480000 637422.450000 1 
997011.210608 637327.283219 0 
1004210.201467 637250.582270 1 
1004645.536197 635890.504326 1 
1005323.131062 634931.996037 1 
1005544.080000 634222.350000 1 
1007155.780000 633537.550000 1 
1012087.454736 633193.641883 0 
1016896.168870 633007.813900 1 
1017205.680000 631821.650000 1 
1018001.080000 630685.850000 1 
1019612.780000 630001.050000 1 
1021529.623084 629702.801211 1 
1022231.480000 629403.950000 1 
1023559.680000 629303.050000 0 
1024365.281305 629295.978782 1 
1024977.073919 629249.502442 0 
1030740.013562 629182.887153 1 
1030996.680000 628354.950000 1 
1031625.988276 628086.990041 1 
1031746.780000 627709.050000 1 
1032739.527673 627286.337268 1 
1033327.280000 626447.050000 1 
1034688.480000 625867.450000 1 
1035942.731654 625772.167669 0 
1045755.175078 625727.649931 1 
1046322.880000 624116.150000 1 
1046963.940717 623843.185843 1 
1047072.980000 623470.250000 1 
1049697.380000 622432.950000 1 
1050952.083756 622337.633324 0 
1061037.435658 622308.586130 1 
1061331.780000 620681.650000 1 
1061972.840717 620408.685843 1 
1062081.880000 620035.750000 1 
1063443.080000 619456.150000 1 
1064698.175607 619360.803556 0 
1075898.954110 619313.069290 1 
1075976.780000 619060.650000 1 
1076617.840717 618787.685843 1 
1077648.181454 617932.350762 1 
1077758.080000 617605.950000 1 
1079304.683865 617012.265337 1 
1080374.695455 616930.979258 0 
1091654.473945 616893.759947 1 
1091823.480000 616511.350000 1 
1092307.693564 616305.171480 1 
1092403.080000 615984.950000 1 
1094450.275779 615255.656969 1 
1106724.406016 615084.902921 1 
1107541.980000 614228.850000 1 
1108903.180000 613649.250000 1 
1110903.458614 613412.444073 0 
1122058.879295 613374.395154 1 
1122931.380000 612466.450000 1 
1124527.406675 611869.010810 1 
1126234.774864 611769.627645 0 
1138079.803616 611683.807017 1 
1138566.709882 610971.183542 1 
1139312.974877 610641.552651 1 
1139623.680000 610244.050000 1 
1140879.988245 610148.611435 0 
1154048.346494 610136.943290 1 
1154728.577730 609843.537038 1 
1155111.680000 608819.850000 1 
1155468.880000 608647.550000 1 
1156861.652429 608547.628212 0 
1170283.583694 608494.322125 1 
1170449.980000 608054.750000 1 
1171877.130000 607387.180000 1 
1173205.330000 607286.280000 0 
1186494.993709 607232.332402 1 
1188026.061898 606439.044909 1 
1202793.332893 606298.964097 1 
1203028.230000 605699.480000 1 
1204457.680000 605430.960000 0 
1218942.035452 605422.505697 1 
1219296.530000 604956.480000 1 
1219676.362373 604881.693838 1 
1219795.980000 604665.860000 1 
1220188.580000 604588.560000 0 
1235498.208169 604560.221414 1 
1236064.280000 603922.860000 1 
1236456.880000 603845.560000 0 
1251766.666734 603816.935305 1 
1252209.123915 603600.395954 0 
1252601.037958 603543.817858 1 
1252763.670000 603230.000000 1 
1253156.270000 603152.700000 0 
1268466.219888 603123.780916 1 
1268908.549105 602907.529025 1 
1269531.248621 602851.383710 1 
1270021.270000 602598.300000 0 
1285331.385465 602569.082154 1 
1285704.951818 602366.635317 1 
1286468.005720 602303.262441 1 
1286607.770000 602117.400000 0 
1301962.662557 602108.815373 1 
1302390.670000 601866.200000 0 
1303067.091042 601846.022591 1 
1304687.020000 601676.370000 0 
1318796.248860 601653.217775 1 
1321175.720000 601373.070000 0 
1335502.537085 601326.015678 1 
1336958.620000 601121.870000 0 
1338174.849584 601112.661981 1 
1352487.358121 601061.856890 1 
1354075.760000 600833.270000 0 
1369714.398329 600822.178800 1 
1371052.060000 600578.370000 0 
1387467.526314 600569.049660 1 
1388433.560000 600338.270000 0 
1405667.335451 600328.908583 1 
1405818.606179 600292.770010 0 
