928949.189409 849359.807021 1 
929446.719236 848368.022888 0 
929460.300000 821200.800000 1 
930016.122743 820493.077921 0 
930032.800245 819911.429048 1 
930104.081185 819659.339134 0 
930115.700000 815432.300000 1 
930541.867809 814868.779725 0 
930558.500000 813806.420000 1 
931131.400000 811780.320000 1 
934281.800000 804576.220000 1 
935940.878361 801299.546329 0 
935955.459471 790295.681146 1 
936104.035370 790046.506989 0 
936120.500000 788581.500000 1 
936594.415207 787964.875221 0 
936610.866025 784527.169929 1 
936759.480681 784277.956594 0 
936775.900000 782813.000000 1 
937202.294494 782249.227607 0 
937218.700000 781187.120000 1 
937791.600000 779161.020000 1 
940942.000000 771956.920000 1 
942511.115492 768851.160062 0 
942524.425160 766001.482316 1 
942685.898135 765278.824667 0 
942698.826904 764271.252263 1 
943166.909118 762878.561172 0 
943179.831714 760232.869376 1 
943341.324531 759510.266982 0 
943354.233458 758502.639322 1 
943378.800000 758079.300000 1 
944154.788151 756376.607596 1 
944505.100000 752888.330000 1 
945198.580226 750579.678888 1 
947892.297039 744605.716989 1 
948242.332238 741681.342615 1 
949260.800000 740023.530000 1 
951641.341777 738511.186727 1 
951941.336678 737353.871310 1 
952157.600000 734094.470000 1 
952530.000000 731522.630000 1 
953102.900000 729496.530000 1 
954193.800000 727688.730000 1 
955021.714309 727155.576459 1 
955278.200000 725845.830000 1 
956369.100000 724038.030000 1 
961651.850078 721185.751795 0 
962584.023679 721172.492521 1 
963203.700000 717121.530000 1 
963850.815736 714941.749479 1 
964923.900000 711606.030000 1 
966014.800000 709798.230000 1 
966831.424817 709272.169130 1 
967099.200000 707955.330000 1 
968190.100000 706147.530000 1 
972359.698869 703708.311274 1 
973473.625304 703295.072890 0 
974471.334628 703120.117097 1 
974544.200000 702476.170000 1 
975126.100000 701722.370000 1 
975411.490641 701604.304979 1 
975691.500000 698986.770000 1 
976273.400000 698232.970000 1 
977724.911067 697732.333686 1 
978863.600000 695469.070000 1 
979445.500000 694715.270000 1 
980658.058470 694318.875411 1 
984133.497844 694065.951876 1 
985714.753707 693408.374024 0 
987673.876650 691664.872081 1 
987932.200000 689100.170000 1 
988514.100000 688346.370000 1 
989966.801458 687845.634900 1 
991104.300000 685582.470000 1 
991686.200000 684828.670000 1 
992787.162614 684441.536329 1 
995884.500000 684184.500000 0 
998706.858521 684176.829363 1 
999101.960026 684144.041382 0 
1003496.034870 682529.145578 1 
1003579.800000 681697.370000 1 
1004161.700000 680943.570000 1 
1005706.753633 680286.758813 1 
1006751.900000 678179.670000 1 
1007333.800000 677425.870000 1 
1008342.558316 676996.339924 1 
1009149.891487 676005.101750 1 
1010029.280000 675680.850000 1 
1013390.077749 675619.496137 0 
1019425.528047 675442.471907 1 
1019484.800000 675027.370000 1 
1020178.522640 674225.955834 1 
1021196.029825 673792.700498 1 
1021270.388058 673175.263466 1 
1021950.458475 672242.244766 1 
1022356.068321 672069.535770 1 
1023418.681573 670679.276289 1 
1023709.664172 670555.375662 1 
1024105.080000 669396.850000 1 
1024686.980000 668643.050000 1 
1027099.321590 667684.316786 0 
1037112.851035 667184.932668 1 
1037196.280000 666358.950000 1 
1037803.908292 665594.194874 1 
1039323.598865 664948.185431 1 
1040010.080000 662726.850000 1 
1040591.980000 661973.050000 1 
1042943.080000 661028.450000 1 
1048288.232572 660998.956272 1 
1050883.380000 659897.350000 1 
1055708.342252 659846.512359 1 
1057755.461370 658939.921862 1 
1058546.880000 656144.050000 1 
1060897.980000 655199.450000 1 
1062662.589024 655084.144205 1 
1066788.380000 653227.350000 1 
1076945.276917 653164.920134 1 
1077193.680000 652364.350000 1 
1080053.659421 651294.921557 1 
1080744.780000 649090.250000 1 
1084743.280000 647398.350000 1 
1085994.697428 647303.282978 0 
1098687.629882 647292.131757 1 
1098896.480000 645884.150000 1 
1099243.052661 645736.579096 1 
1099391.580000 645310.550000 1 
1100880.702114 644677.227819 1 
1101710.280000 642252.050000 1 
1103071.480000 641672.450000 1 
1104323.651158 641577.325719 0 
1119243.192646 641566.144233 1 
1120357.080000 638472.350000 1 
1121968.780000 637787.550000 1 
1122494.902761 637747.581772 1 
1123258.480000 637422.450000 1 
1124511.210608 637327.283219 0 
1139211.551467 637241.127755 1 
1139657.795683 635872.998262 1 
1140323.131062 634931.996037 1 
1140544.080000 634222.350000 1 
1142155.780000 633537.550000 1 
1147087.454736 633193.641883 0 
1159397.593870 632997.834135 1 
1159705.680000 631821.650000 1 
1160501.080000 630685.850000 1 
1162112.780000 630001.050000 1 
1164030.335591 629702.497825 1 
1164731.480000 629403.950000 1 
1167477.073919 629249.502442 0 
1180741.513562 629177.919373 1 
1180996.680000 628354.950000 1 
1181625.988276 628086.990041 1 
1181746.780000 627709.050000 1 
1182739.527673 627286.337268 1 
1183327.280000 626447.050000 1 
1184688.480000 625867.450000 1 
1185942.731654 625772.167669 0 
1203256.750078 625722.433762 1 
1203822.880000 624116.150000 1 
1204463.940717 623843.185843 1 
1204572.980000 623470.250000 1 
1207320.783206 622423.575370 1 
1208452.083756 622337.633324 0 
1226039.085658 622305.036810 1 
1226331.780000 620681.650000 1 
1226972.840717 620408.685843 1 
1227081.880000 620035.750000 1 
1228702.232414 619436.462846 1 
1229698.175607 619360.803556 0 
1248400.679110 619306.408974 1 
1248476.780000 619060.650000 1 
1249117.840717 618787.685843 1 
1250148.181454 617932.350762 1 
1250258.080000 617605.950000 1 
1251619.280000 617026.350000 1 
1253009.642324 616925.640707 0 
1271658.150854 616883.301599 1 
1272403.080000 615984.950000 1 
1274258.180000 615270.250000 1 
1275650.692618 615170.243318 1 
1294226.281016 615071.771650 1 
1295041.980000 614228.850000 1 
1296403.180000 613649.250000 1 
1298475.780000 613406.950000 0 
1317062.760881 613363.354634 1 
1317931.380000 612466.450000 1 
1319292.580000 611886.850000 1 
1321113.658847 611778.828523 1 
1340581.828616 611669.625244 1 
1341080.816487 610964.379041 1 
1341812.974857 610641.552660 1 
1342123.680000 610244.050000 1 
1343451.880000 610143.150000 0 
1364061.768750 610130.468893 1 
1364728.577709 609843.537047 1 
1365111.680000 608819.850000 1 
1365468.880000 608647.550000 1 
1366797.080000 608546.650000 0 
1387786.001125 608484.567772 1 
1387874.480000 608183.850000 1 
1389377.130000 607387.180000 1 
1390705.330000 607286.280000 0 
1411497.243709 607223.305678 1 
1413037.021367 606438.212345 1 
1435295.657893 606289.582704 1 
1435528.230000 605699.480000 1 
1436957.680000 605430.960000 0 
1458944.435452 605422.033155 1 
1459296.530000 604956.480000 1 
1459676.362373 604881.693838 1 
1459795.980000 604665.860000 1 
1460188.580000 604588.560000 0 
1483000.683169 604555.755611 1 
1483564.280000 603922.860000 1 
1483956.880000 603845.560000 0 
1506769.216734 603812.334175 1 
1507209.123915 603600.395954 0 
1507603.587958 603533.528588 1 
1507763.670000 603230.000000 1 
1508156.270000 603152.700000 0 
1530968.844888 603119.044458 1 
1531408.549105 602907.529025 1 
1531895.677736 602898.483780 1 
1532521.270000 602598.300000 0 
1555334.085465 602564.210369 1 
1555773.577262 602353.123481 1 
1556468.005720 602303.262441 1 
1556607.770000 602117.400000 0 
1579465.437557 602108.268996 1 
1579890.670000 601866.200000 0 
1580569.866042 601843.007331 1 
1582187.020000 601676.370000 0 
1603799.098860 601650.121022 1 
1604101.880000 601533.650000 0 
1604781.315093 601510.197583 1 
1606175.720000 601373.070000 0 
1628005.462085 601322.837431 1 
1629458.620000 601121.870000 0 
1630677.774584 601111.963216 1 
1652490.358121 601058.597150 1 
1654050.609337 600839.278343 0 
1677211.253029 600823.345996 1 
1678552.060000 600578.370000 0 
1702470.676314 600568.297144 1 
1703433.560000 600338.270000 0 
1728170.560451 600328.138150 1 
