932617.806095 882182.106833 1 
933036.480000 877977.760000 1 
934635.780319 868460.352875 1 
935241.775393 867576.236919 1 
935491.280000 866013.760000 1 
935719.134339 865754.878679 1 
936122.580000 863267.760000 1 
936624.680000 861765.060000 1 
936969.232810 861374.487342 1 
937904.380000 858618.460000 1 
938912.743728 857576.657188 1 
939192.480000 855824.860000 1 
939694.580000 854322.160000 1 
940031.565683 853940.126678 1 
940647.380000 851764.160000 1 
942169.300000 850007.640000 1 
944291.932218 848631.342648 1 
945142.200000 847446.940000 1 
993506.228803 816039.611293 1 
995334.200000 814173.240000 1 
997822.644587 813240.882655 1 
1001102.200000 811235.940000 1 
1004542.049926 810188.480487 1 
1006559.749127 809992.639855 0 
1007328.667193 809981.268342 1 
1011081.900000 808887.740000 1 
1013757.025605 808707.775375 0 
1014484.017730 808696.071394 1 
1017334.399862 808446.540010 0 
