977801.557928 912802.917638 1 
978851.423346 906682.110765 0 
978868.780000 893563.660000 1 
979916.780000 887396.160000 1 
981539.100000 885776.240000 1 
982594.829454 885091.713665 0 
982618.306095 882177.085805 1 
983036.480000 877977.760000 1 
984538.480000 868571.760000 1 
985425.227207 867634.804190 1 
986122.580000 863267.760000 1 
986624.680000 861765.060000 1 
987819.700000 860597.140000 1 
994065.227968 856547.590798 1 
994694.580000 854322.160000 1 
996709.642413 852622.531213 1 
1028493.609254 832014.067333 1 
1032848.100000 827515.140000 1 
1034355.572717 827025.542316 1 
1040600.700000 820240.840000 1 
1045187.616021 818809.467398 1 
1047197.700000 816925.640000 1 
1050537.000000 815887.940000 1 
1054054.841225 815426.243995 1 
1056093.300000 813802.540000 1 
1059432.600000 812764.840000 1 
1061550.584696 812559.265521 0 
1063897.058052 812544.241760 1 
1066102.200000 811235.940000 1 
1070041.085931 810140.043373 1 
1071559.749127 809992.639855 0 
1077329.367193 809981.040995 1 
1081081.900000 808887.740000 1 
1083693.600000 808698.640000 0 
1089516.708457 808687.794507 1 
1092334.399657 808446.540010 0 
