1010644.986359 1007340.162215 1 
1010790.066213 1005529.703046 0 
1010800.980000 968350.980000 1 
1011210.497431 967708.725003 0 
1011226.780000 947070.660000 1 
1012274.780000 940903.160000 1 
1014085.798634 938062.900515 0 
1014101.920928 929824.766324 1 
1015139.780000 923720.160000 1 
1016951.028198 920879.540485 1 
1017017.009703 917171.904788 1 
1017651.245681 916412.062511 1 
1017780.877104 915045.642148 0 
1017791.780000 912863.560000 1 
1019099.863129 906384.469104 1 
1020381.947247 904848.476587 1 
1020436.100000 904074.390000 1 
1020649.355841 903818.900231 1 
1020703.500000 900163.990000 1 
1023206.111373 897165.752766 1 
1023260.200000 895773.890000 1 
1023861.309002 895053.735281 0 
1023879.018698 893500.159958 1 
1025140.383284 887142.075889 1 
1026454.676516 885839.491781 1 
1026513.100000 884774.490000 1 
1026720.256413 884640.171478 0 
1026744.167349 881067.350131 1 
1027869.300000 879817.790000 1 
1029277.044864 878905.019755 1 
1029337.200000 876473.990000 1 
1030861.203385 875110.539560 0 
1030885.008757 871373.018477 1 
1032275.484321 869951.616979 1 
1035413.646699 867643.480558 1 
1036122.580000 863267.760000 1 
1036624.680000 861765.060000 1 
1037819.700000 860597.140000 1 
1061896.745393 844985.780873 1 
1077858.754772 827511.679538 1 
1081825.400000 826280.740000 1 
1083941.992185 826075.300680 0 
1085241.802517 826054.906656 1 
1090918.000000 820072.240000 1 
1094997.398700 818827.930161 1 
1097012.659009 818632.326251 0 
1100364.381512 818611.837583 1 
1102197.700000 816925.640000 1 
1105670.692622 815868.535593 1 
1110155.700329 815319.393122 0 
1114168.845592 815298.783246 1 
1116093.300000 813802.540000 1 
1119568.404905 812751.658591 1 
1121550.584696 812559.265521 0 
1128897.708052 812543.820305 1 
1131102.200000 811235.940000 1 
1134441.500000 810198.240000 1 
1136643.200000 809984.540000 0 
1147355.006671 809972.713794 1 
1151081.900000 808887.740000 1 
1153693.600000 808698.640000 0 
1164517.458457 808687.604617 1 
1167334.399459 808446.540010 0 
