1034982.949736 992222.455098 1 
1035521.600000 985500.610000 1 
1041436.900000 981369.610000 1 
1042590.235460 981071.294744 0 
1042638.700000 953236.310000 1 
1048554.000000 949105.310000 1 
1051555.131182 948330.419671 0 
1051602.415929 934572.959470 1 
1056238.500000 928860.090000 1 
1057712.800000 928041.090000 1 
1060638.695411 927160.377903 1 
1061229.680000 924542.960000 1 
1061949.190051 923680.955676 0 
1061967.519579 917389.379608 1 
1066603.500000 911677.090000 1 
1071144.301159 909383.517527 1 
1071594.680000 907359.960000 1 
1072871.210246 905830.621264 1 
1072936.100000 904074.390000 1 
1073138.624256 903831.757135 1 
1073312.048304 900033.944413 1 
1078892.300000 893606.690000 1 
1082470.500000 891927.390000 1 
1084048.478849 891520.404856 1 
1084568.078662 890939.474618 1 
1085277.900000 887938.440000 1 
1086454.544009 887175.513658 1 
1086503.117205 884830.337955 1 
1086709.389058 884647.217782 0 
1086733.900000 881124.790000 1 
1087869.300000 879817.790000 1 
1094091.782835 875783.183058 1 
1120080.400000 846904.390000 1 
1122505.700000 845552.690000 1 
1124376.736910 845155.386654 1 
1131240.300000 837570.590000 1 
1133195.500000 836391.290000 1 
1134986.400000 835866.990000 1 
1137747.644038 835649.192910 1 
1145348.100000 827515.140000 1 
1149325.400000 826280.740000 1 
1151441.992185 826075.300680 0 
1160242.552517 826054.068131 1 
1165918.000000 820072.240000 1 
1170049.257440 818822.896681 1 
1172012.659009 818632.326251 0 
1182865.206512 818610.915205 1 
1184697.700000 816925.640000 1 
1188037.000000 815887.940000 1 
1192655.700329 815319.393122 0 
1204169.745592 815297.777016 1 
1206093.300000 813802.540000 1 
1209992.984002 812710.448366 1 
1211550.584696 812559.265521 0 
1226398.683052 812543.188123 1 
1228602.200000 811235.940000 1 
1231941.500000 810198.240000 1 
1234143.200000 809984.540000 0 
1252356.056671 809972.372774 1 
1256081.900000 808887.740000 1 
1258693.600000 808698.640000 0 
1277018.583457 808687.319781 1 
1279834.399161 808446.540010 0 
