893792.737848 760713.837113 1 
893995.340424 760355.536881 0 
894012.100000 758990.690000 1 
895435.636724 758218.820806 0 
895465.300000 747817.290000 1 
895730.900000 746760.350000 1 
896755.491613 746170.235046 0 
896777.467695 739094.112310 1 
896980.232913 738735.749708 0 
896996.800000 737371.090000 1 
898420.897360 736599.015538 0 
898450.000000 726197.690000 1 
898715.600000 725140.750000 1 
899912.200000 724451.970000 1 
900987.047943 724055.957045 0 
901015.710077 721965.599436 1 
901433.200000 719845.750000 1 
902127.016586 719416.037336 0 
902150.000000 716304.190000 1 
902515.046489 715169.519867 1 
902970.319732 714607.493998 1 
903798.400000 714062.150000 1 
904697.969699 713076.281263 1 
905135.465277 709950.367787 1 
906281.728596 709045.088084 0 
906299.862918 705798.236138 1 
906556.400000 704781.050000 1 
907946.712984 703723.160645 1 
910859.400000 702343.870000 1 
912460.436631 702102.645842 1 
912735.062545 701372.587737 1 
914034.400000 700387.870000 1 
915551.900000 699524.970000 1 
917073.631349 698980.937858 1 
917439.767299 697496.505810 1 
919300.206369 696057.540748 1 
922148.272995 694765.016931 1 
923319.004357 694543.011950 1 
923817.400000 693881.410000 1 
926764.000000 691965.100000 1 
928750.962733 691306.033667 1 
928977.343955 690522.416733 1 
931385.200000 688635.410000 1 
933907.592245 687528.712434 1 
934495.839777 687521.257346 0 
934899.542130 687420.146678 1 
936112.400000 686175.550000 1 
938381.100000 684801.710000 1 
939953.700000 684208.200000 1 
942817.988256 684184.184464 1 
946078.790905 682514.608282 1 
948355.882983 681053.810394 1 
949665.500000 680571.300000 1 
951497.400000 679582.620000 1 
953243.793887 679053.097081 1 
956148.115477 678897.221536 1 
956593.080000 678308.720000 1 
958958.043612 677421.062819 1 
961209.200000 675945.720000 1 
964449.600000 674807.520000 1 
969655.808371 674457.691629 1 
972006.281259 673563.055376 1 
974279.100000 672087.520000 1 
979458.500000 670287.420000 1 
984590.305038 670011.994962 1 
987037.124399 669042.434605 1 
989288.000000 667567.420000 1 
992528.400000 666429.220000 1 
997867.113251 666142.690156 1 
1001009.690754 665090.670833 1 
1008987.729802 664648.866350 1 
1010161.980000 664216.230000 1 
1011680.114783 664134.751385 1 
1012523.925506 663926.268640 1 
1022339.018714 663434.118228 1 
1022848.980000 663246.230000 1 
1024367.114783 663164.751385 1 
1025297.245683 662951.635818 1 
1037587.904811 662339.472636 1 
1038623.708512 662094.770031 1 
1040625.442419 661987.336551 1 
1041153.880000 661809.630000 1 
1053952.908592 661170.182514 1 
1054607.680000 660945.930000 1 
1072039.680000 660057.830000 1 
1087167.577568 659605.330010 0 
