928949.189409 826469.566888 1 
929432.386838 826113.316284 0 
929460.300000 782613.190000 1 
930656.900000 781924.410000 1 
932495.637050 781251.186302 0 
932526.300000 777923.190000 1 
933722.900000 777234.410000 1 
935915.534485 776431.612506 0 
935946.100000 763680.690000 1 
937142.700000 762991.910000 1 
938981.889284 762318.520724 0 
939012.100000 758990.690000 1 
940208.700000 758301.910000 1 
942980.886719 757286.918871 1 
943011.000000 756303.590000 1 
944878.670455 755320.383011 0 
944908.749003 752465.842603 1 
945164.900000 751450.350000 1 
946400.959280 750747.031770 0 
946430.800000 742061.090000 1 
947627.400000 741372.310000 1 
949467.074920 740698.742916 0 
949496.800000 737371.090000 1 
950693.400000 736682.310000 1 
955114.323804 735063.660573 0 
955393.553850 730845.782699 1 
955649.600000 729830.750000 1 
956846.200000 729141.970000 1 
958356.494212 728622.067854 0 
958459.584510 726155.648211 1 
958715.600000 725140.750000 1 
959912.200000 724451.970000 1 
961296.700000 723941.870000 1 
962589.807858 723841.108349 0 
964579.245706 723797.612477 1 
965859.595958 722981.649754 0 
966593.665850 720951.791419 1 
966977.749223 719837.085015 1 
967401.556852 719299.120298 1 
968191.158774 718845.466308 1 
969637.812538 717384.970570 1 
969915.600000 715247.250000 1 
970463.918281 714611.262052 1 
971257.240538 714155.419408 1 
972724.200000 712682.970000 1 
974869.700000 711833.770000 0 
977974.229280 711815.794510 1 
978216.173785 711588.169235 1 
978490.400000 709471.050000 1 
979731.400000 708501.050000 1 
981278.116709 707616.935600 0 
981300.612918 705794.946315 1 
981556.400000 704781.050000 1 
982797.400000 703811.050000 1 
984784.285650 702739.981109 1 
986663.000000 702145.170000 1 
987839.137298 702134.509013 1 
988539.500000 701876.470000 1 
989572.108905 701863.775031 1 
990434.900000 701376.420000 1 
991238.500000 701177.720000 1 
992537.650944 701166.285526 1 
993104.880843 700913.529075 1 
995841.299372 700898.736228 1 
998051.900000 699524.970000 1 
999573.631341 698980.937860 1 
999939.700000 697496.570000 1 
1001481.400000 696240.410000 1 
1003187.000000 695294.100000 1 
1005375.100000 694585.300000 1 
1006551.219229 694574.645671 1 
1007517.247859 694315.507518 1 
1009190.283066 694302.934008 1 
1010039.000000 693837.390000 0 
1013892.734047 693822.526821 1 
1016764.000000 691965.100000 1 
1018750.962042 691306.033838 1 
1018988.300000 690506.370000 1 
1021385.200000 688635.410000 1 
1023926.200000 687523.600000 0 
1032400.340956 687418.976681 1 
1034962.200000 685306.410000 1 
1037453.700000 684208.200000 1 
1040508.444225 684114.013580 1 
1044304.900000 682401.520000 1 
1051559.405282 682040.194339 1 
1056497.400000 679582.620000 1 
1057881.900000 679072.520000 1 
1061158.276569 678896.676188 1 
1064512.404924 678075.346436 1 
1070504.932665 677683.316143 1 
1071448.454068 677432.272097 1 
1073709.200000 675945.720000 1 
1077648.871824 674769.989938 1 
1083667.176569 674376.576188 1 
1085881.500000 673616.420000 1 
1092310.611755 673271.368245 1 
1094279.100000 672087.520000 1 
1100127.064827 670251.537989 1 
1105962.498442 669938.349061 1 
1106451.400000 669758.220000 1 
1113330.165240 669398.439577 1 
1114543.706144 669034.741162 1 
1116788.000000 667567.420000 1 
1120278.673078 666415.787793 1 
1126639.876778 666074.380687 0 
1133081.926172 666063.545287 1 
1135850.400000 665099.220000 1 
1152169.484585 664397.683168 1 
1152661.980000 664216.230000 1 
1154180.114783 664134.751385 1 
1154698.580000 663943.730000 1 
1174398.630163 663153.139976 1 
1174885.580000 662973.730000 1 
1185577.574498 662407.560956 1 
1198125.442419 661987.336551 1 
1198653.880000 661809.630000 1 
1206038.194295 661429.081003 1 
1219607.680000 660945.930000 1 
1226296.680000 660586.930000 1 
1259667.577568 659605.330010 0 
