-1550.241016 487.865724 1 
-1549.804628 474.873200 1 
-1547.361988 461.848444 1 
-1544.564314 456.813205 1 
-1537.645755 446.077587 1 
-1532.472829 439.353361 1 
-1529.897562 436.480158 1 
-1527.996600 434.620045 1 
-1524.261703 431.498710 0 
-1524.241276 166.876237 1 
-1523.833808 154.046865 1 
-1521.600842 141.393902 1 
-1516.403592 132.342342 1 
-1512.600820 126.372129 1 
-1506.472829 118.353361 1 
-1503.897562 115.480158 1 
-1499.098971 111.101997 1 
-1494.248398 107.064542 1 
-1483.284105 98.671259 1 
-1473.824029 92.150103 1 
-1470.866034 90.401760 1 
-1467.781772 88.907192 1 
-1466.636983 88.851750 0 
-1449.242026 58.906560 1 
-1448.744193 45.513521 1 
-1448.264407 42.658066 1 
-1447.833808 28.046865 1 
-1445.406040 14.939013 1 
-1440.403592 6.342342 1 
-1436.600820 0.372129 1 
-1429.742841 -8.456891 1 
-1424.915250 -13.351913 1 
-1417.048513 -19.866332 0 
-1417.034063 -46.049105 1 
-1416.702527 -57.068699 1 
-1416.256630 -59.722464 0 
-1416.242356 -73.080098 1 
-1415.833808 -85.953135 1 
-1413.400534 -99.072306 1 
-1408.403592 -107.657658 1 
-1403.645755 -114.922413 1 
-1397.742841 -122.456891 1 
-1392.915250 -127.351913 1 
-1385.049982 -133.865192 0 
-1385.034383 -160.036167 1 
-1384.702527 -171.068699 1 
-1382.388559 -183.738226 1 
-1379.304433 -189.603820 1 
-1372.645755 -199.922413 1 
-1367.472829 -206.646639 1 
-1361.915250 -212.351913 1 
-1355.248398 -217.935458 1 
-1344.284105 -226.328741 1 
-1334.824029 -232.849897 1 
-1331.866034 -234.598240 1 
-1328.781772 -236.092808 1 
-1327.685105 -236.146777 0 
-1309.035143 -286.005440 1 
-1308.702527 -297.068699 1 
-1306.388559 -309.738226 1 
-1303.435588 -315.391323 1 
-1297.600820 -324.627871 1 
-1290.742841 -333.456891 1 
-1285.915250 -338.351913 1 
-1279.248398 -343.935458 1 
-1268.284105 -352.328741 1 
-1258.054204 -359.315305 0 
-1258.035653 -391.984820 1 
-1257.702527 -403.068699 1 
-1255.388559 -415.738226 1 
-1252.435588 -421.391323 1 
-1246.096994 -431.310782 1 
-1237.807960 -441.591235 1 
-1233.098971 -445.898003 1 
-1228.248398 -449.935458 1 
-1217.284105 -458.328741 1 
-1207.824029 -464.849897 1 
-1205.308527 -466.370677 1 
-1201.781772 -468.092808 1 
-1200.760897 -468.144457 0 
-1190.970202 -468.631083 1 
-1190.702527 -477.068699 1 
-1188.388559 -489.738226 1 
-1185.435588 -495.391323 1 
-1179.600820 -504.627871 1 
-1173.472829 -512.646639 1 
-1168.739956 -517.620549 1 
-1160.523258 -524.498023 1 
-1153.823490 -529.685785 1 
-1147.816122 -537.378119 1 
-1144.843050 -540.516840 1 
-1137.709614 -546.597179 1 
-1125.284105 -556.328741 1 
-1115.057578 -563.313265 0 
-1115.037083 -591.927003 1 
-1114.702527 -603.068699 1 
-1112.388559 -615.738226 1 
-1109.435588 -621.391323 1 
-1102.645755 -631.922413 1 
-1095.026134 -641.374590 1 
-1090.345222 -645.659043 1 
-1084.523258 -650.498023 1 
-1077.816425 -655.691078 1 
-1070.291158 -665.075411 1 
-1061.709614 -672.597179 1 
-1049.284105 -682.328741 1 
-1044.053247 -685.940673 1 
-1042.646849 -694.045896 1 
-1041.441528 -697.606644 1 
-1039.195771 -702.187627 1 
-1026.548809 -723.073267 1 
-1022.158962 -727.764145 1 
-1018.653979 -731.115291 1 
-1005.741175 -741.760501 1 
-1003.624124 -743.194836 1 
-1001.042942 -747.077743 1 
-994.775486 -753.845179 1 
-986.304239 -761.248463 1 
-972.218900 -771.344645 1 
-969.719878 -772.591404 1 
-967.280459 -773.208945 1 
-965.122604 -773.433579 0 
-961.118664 -774.656344 1 
-960.813342 -778.890138 1 
-959.478331 -782.652579 1 
-951.923760 -796.056833 1 
-948.454124 -800.247108 1 
-944.354702 -804.774249 1 
-939.056195 -813.451706 1 
-938.708026 -815.208486 1 
-938.491269 -822.619498 1 
-936.416363 -828.324791 1 
-926.394725 -846.455992 1 
-919.492224 -854.526141 1 
-912.615766 -861.749632 1 
-900.884110 -871.351047 1 
-895.132501 -875.304877 1 
-893.362596 -878.897657 1 
-880.608601 -899.997136 1 
-876.818692 -904.089032 1 
-876.715840 -905.980102 1 
-875.228319 -914.776249 1 
-873.875414 -919.599063 1 
-869.811907 -928.307981 1 
-864.465908 -937.287608 1 
-858.042942 -947.077743 1 
-851.590095 -954.015933 1 
-843.304239 -961.248463 1 
-828.954398 -971.490816 1 
-825.896337 -972.788554 1 
-822.298907 -973.396626 0 
-802.703527 -973.424032 1 
-799.811907 -979.307981 1 
-794.465908 -988.287608 1 
-788.042942 -998.077743 1 
-781.590095 -1005.015933 1 
-773.304239 -1012.248463 1 
-759.218900 -1022.344645 1 
-755.663161 -1023.841696 1 
-751.590095 -1028.015933 1 
-739.381108 -1038.254728 1 
-728.727254 -1045.614972 1 
-725.013549 -1050.649392 1 
-724.655078 -1060.362071 1 
-723.228319 -1068.776249 1 
-722.720072 -1070.729835 1 
-722.491269 -1078.619498 1 
-718.557401 -1089.668336 1 
-715.123140 -1097.679513 1 
-711.874546 -1102.868307 1 
-705.358566 -1111.130979 1 
-700.013984 -1117.454684 1 
-694.590095 -1123.015933 1 
-685.839575 -1130.604531 1 
-672.218900 -1140.344645 1 
-669.853033 -1141.498612 1 
-668.770108 -1141.817328 1 
-664.590095 -1146.015933 1 
-656.304239 -1153.248463 1 
-641.823744 -1163.562222 1 
-640.523718 -1164.272724 1 
-637.008848 -1165.218621 1 
-635.317351 -1165.394706 0 
-632.465853 -1165.416638 1 
-630.874546 -1167.868307 1 
-624.358566 -1176.130979 1 
-619.013984 -1182.454684 1 
-615.681731 -1186.073392 1 
-605.304239 -1195.248463 1 
-591.218900 -1205.344645 1 
-589.523718 -1206.272724 1 
-586.008848 -1207.218621 1 
-584.321385 -1207.394286 0 
-582.165824 -1207.410592 1 
-572.218900 -1214.344645 1 
-570.523718 -1215.272724 1 
-567.008848 -1216.218621 1 
-565.322250 -1216.394196 0 
-563.431553 -1216.600475 1 
-563.249228 -1221.558551 1 
-562.967165 -1223.757780 1 
-558.852066 -1235.308658 1 
-555.697283 -1242.667865 1 
-550.565022 -1250.816102 1 
-542.089371 -1261.706324 1 
-536.891785 -1267.617016 1 
-535.728652 -1268.692231 1 
-533.123140 -1274.679513 1 
-529.874546 -1279.868307 1 
-523.358566 -1288.130979 1 
-518.013984 -1294.454684 1 
-514.681731 -1298.073392 1 
-504.003283 -1307.479083 1 
-490.218900 -1317.344645 1 
-488.523718 -1318.272724 1 
-485.008848 -1319.218621 1 
-483.332144 -1319.393166 0 
-480.467373 -1319.414174 1 
-478.874546 -1321.868307 1 
-472.358566 -1330.130979 1 
-466.640339 -1336.871432 1 
-461.590095 -1342.015933 1 
-453.304239 -1349.248463 1 
-439.218900 -1359.344645 1 
-435.765730 -1360.822084 1 
-431.590095 -1365.015933 1 
-423.304239 -1372.248463 1 
-409.388118 -1382.238303 1 
-407.424529 -1383.306131 1 
-404.008848 -1384.218621 1 
-402.083890 -1384.417314 1 
-388.218900 -1394.344645 1 
-386.523718 -1395.272724 1 
-383.008848 -1396.218621 1 
-381.339541 -1396.392396 0 
-378.468393 -1396.412521 1 
-376.694893 -1399.100875 1 
-365.013984 -1413.454684 1 
-361.681731 -1417.073392 1 
-351.304239 -1426.248463 1 
-337.218900 -1436.344645 1 
-333.770108 -1437.817328 1 
-329.590095 -1442.015933 1 
-321.304239 -1449.248463 1 
-307.218900 -1459.344645 1 
-305.523718 -1460.272724 1 
-301.726454 -1461.248018 1 
-300.345785 -1461.391746 0 
-283.035196 -1461.408996 1 
-282.714705 -1461.704903 1 
-280.123140 -1467.679513 1 
-279.476487 -1468.865726 1 
-279.249228 -1475.558551 1 
-278.967165 -1477.757780 1 
-275.965881 -1486.411724 1 
-271.697283 -1496.667865 1 
-267.097438 -1504.120638 1 
-258.089371 -1515.706324 1 
-252.619732 -1521.868550 1 
-243.987609 -1529.591139 1 
-238.590111 -1533.976647 1 
-229.386630 -1540.425509 1 
-221.742503 -1542.451382 0 
-218.399318 -1542.470423 1 
-215.837210 -1546.460558 1 
-204.302012 -1561.005098 1 
-200.714705 -1564.704903 1 
-198.123140 -1570.679513 1 
-194.874546 -1575.868307 1 
-188.358566 -1584.130979 1 
-183.013984 -1590.454684 1 
-179.681731 -1594.073392 1 
-169.304239 -1603.248463 1 
-153.508840 -1614.277735 1 
-150.008848 -1615.218621 1 
-148.360578 -1615.390206 0 
-119.045294 -1615.408344 1 
-116.097438 -1620.120638 1 
-107.089371 -1631.706324 1 
-101.891785 -1637.617016 1 
-92.987609 -1645.591139 1 
-87.880901 -1649.767170 1 
-78.386630 -1656.425509 1 
-70.635060 -1658.466816 0 
-31.169036 -1658.484248 1 
-27.697283 -1666.667865 1 
-23.097438 -1674.120638 1 
-14.089371 -1685.706324 1 
-8.891785 -1691.617016 1 
5.119099 -1703.767170 1 
14.613370 -1710.425509 1 
22.364940 -1712.466816 0 
262.408848 -1712.486377 1 
266.100144 -1715.743633 1 
275.613370 -1722.425509 1 
283.364723 -1724.466806 0 
