-1965.125151 33.902273 1 
-1964.690757 25.750005 1 
-1961.596380 3.253381 1 
-1959.674936 -4.697289 1 
-1954.831950 -18.476392 1 
-1952.722903 -21.904292 1 
-1943.290655 -33.046988 1 
-1939.693440 -35.208824 1 
-1936.686142 -57.341707 1 
-1934.674936 -65.697289 1 
-1930.560825 -77.610656 1 
-1926.313387 -84.584063 1 
-1921.145618 -91.137594 0 
-1921.125591 -217.088431 1 
-1920.690757 -225.249995 1 
-1917.527951 -248.055295 1 
-1915.674936 -255.697289 1 
-1911.560825 -267.610656 1 
-1908.795849 -272.261807 0 
-1908.775007 -293.032182 1 
-1908.410634 -299.207966 1 
-1904.686142 -325.341707 1 
-1899.477374 -343.264525 1 
-1898.537772 -345.650420 1 
-1894.313387 -352.584063 1 
-1886.290655 -362.046988 1 
-1878.127171 -366.953038 1 
-1873.054206 -369.623807 1 
-1867.208187 -372.037174 1 
-1860.806917 -374.147516 0 
-1860.775487 -419.022041 1 
-1860.410634 -425.207966 1 
-1856.686142 -451.341707 1 
-1852.228225 -467.269975 1 
-1850.560825 -471.610656 1 
-1846.313387 -478.584063 1 
-1838.290655 -488.046988 1 
-1835.802267 -489.542447 0 
-1835.775737 -546.016758 1 
-1835.410634 -552.207966 1 
-1833.141567 -568.440663 1 
-1831.012788 -580.047256 1 
-1827.771942 -590.375836 1 
-1822.866771 -602.941009 1 
-1821.313387 -605.584063 1 
-1813.290655 -615.046988 1 
-1809.265593 -617.465950 1 
-1806.012788 -637.047256 1 
-1803.758376 -644.727377 1 
-1797.901333 -659.880899 1 
-1796.313387 -662.584063 1 
-1788.290655 -672.046988 1 
-1780.127171 -676.953038 1 
-1775.054206 -679.623807 1 
-1770.637345 -681.518079 1 
-1762.819690 -683.873474 0 
-1762.776467 -729.001335 1 
-1762.410634 -735.207966 1 
-1760.141567 -751.440663 1 
-1758.012788 -763.047256 1 
-1755.758376 -770.727377 1 
-1749.900031 -785.883164 1 
-1748.313387 -788.584063 1 
-1740.290655 -798.046988 1 
-1732.127171 -802.953038 1 
-1727.054206 -805.623807 1 
-1720.952544 -808.056365 1 
-1714.448595 -809.972807 1 
-1705.148807 -811.969860 1 
-1703.116082 -814.315160 1 
-1701.141567 -828.440663 1 
-1698.796418 -840.834677 0 
-1698.777107 -873.987813 1 
-1698.410634 -880.207966 1 
-1696.141567 -896.440663 1 
-1694.012788 -908.047256 1 
-1691.758376 -915.727377 1 
-1685.901333 -930.880899 1 
-1683.778010 -934.276434 1 
-1676.290655 -943.046988 1 
-1668.127171 -947.953038 1 
-1663.054206 -950.623807 1 
-1658.238812 -952.645409 1 
-1650.448595 -954.972807 1 
-1641.716858 -956.900439 1 
-1625.008199 -958.942039 1 
-1621.797842 -967.111272 0 
-1621.777877 -985.971544 1 
-1621.410634 -992.207966 1 
-1619.141567 -1008.440663 1 
-1617.012788 -1020.047256 1 
-1612.523917 -1033.638654 1 
-1608.901333 -1042.880899 1 
-1607.313387 -1045.584063 1 
-1599.596681 -1054.839582 1 
-1591.127171 -1059.953038 1 
-1586.054206 -1062.623807 1 
-1582.158900 -1064.308215 1 
-1580.622533 -1073.701992 1 
-1579.707477 -1077.480113 1 
-1571.901333 -1097.880899 1 
-1570.313387 -1100.584063 1 
-1562.290655 -1110.046988 1 
-1557.743267 -1112.779855 0 
-1557.709147 -1120.713192 1 
-1557.452245 -1125.508558 1 
-1555.119103 -1142.313322 1 
-1553.012788 -1154.047256 1 
-1548.432168 -1167.878519 1 
-1544.901333 -1176.880899 1 
-1543.116683 -1179.838448 1 
-1535.290655 -1189.046988 1 
-1527.127171 -1193.953038 1 
-1522.054206 -1196.623807 1 
-1518.124714 -1198.322151 1 
-1515.707477 -1211.480113 1 
-1507.901333 -1231.880899 1 
-1506.101021 -1234.858702 1 
-1498.290655 -1244.046988 1 
-1490.127171 -1248.953038 1 
-1480.637345 -1253.518079 1 
-1465.383214 -1257.642658 1 
-1445.177604 -1260.165715 1 
-1444.280996 -1264.112140 0 
-1444.263480 -1286.460566 1 
-1439.406808 -1320.592686 1 
-1438.707477 -1323.480113 1 
-1430.901333 -1343.880899 1 
-1429.313387 -1346.584063 1 
-1421.290655 -1356.046988 1 
-1413.127171 -1360.953038 1 
-1403.637345 -1365.518079 1 
-1388.383214 -1369.642658 1 
-1384.485781 -1370.173062 1 
-1380.406808 -1397.592686 1 
-1379.707477 -1400.480113 1 
-1371.901333 -1420.880899 1 
-1370.313387 -1423.584063 1 
-1362.290655 -1433.046988 1 
-1354.127171 -1437.953038 1 
-1344.637345 -1442.518079 1 
-1327.716858 -1446.900439 1 
-1321.140801 -1447.703955 1 
-1318.406808 -1464.592686 1 
-1317.707477 -1467.480113 1 
-1309.901333 -1487.880899 1 
-1308.353975 -1490.520435 1 
-1300.290655 -1500.046988 1 
-1287.054206 -1507.623807 1 
-1282.739409 -1509.479235 1 
-1265.716858 -1513.900439 1 
-1247.471641 -1516.160938 1 
-1242.901333 -1527.880899 1 
-1241.313387 -1530.584063 1 
-1233.290655 -1540.046988 1 
-1211.054206 -1552.623807 1 
-1206.637345 -1554.518079 1 
-1189.716858 -1558.900439 1 
-1187.381858 -1559.185760 1 
-1183.406808 -1586.592686 1 
-1182.707477 -1589.480113 1 
-1174.901333 -1609.880899 1 
-1173.313387 -1612.584063 1 
-1165.542158 -1621.876534 1 
-1152.054206 -1629.623807 1 
-1147.739409 -1631.479235 1 
-1130.716858 -1635.900439 1 
-1112.472991 -1638.157409 1 
-1107.901333 -1649.880899 1 
-1106.313387 -1652.584063 1 
-1098.290655 -1662.046988 1 
-1090.127171 -1666.953038 1 
-1080.637345 -1671.518079 1 
-1072.448595 -1673.972807 1 
-1062.505309 -1676.048487 1 
-1061.707477 -1679.480113 1 
-1053.712378 -1700.209534 1 
-1050.619266 -1704.774989 1 
-1045.901333 -1716.880899 1 
-1044.313387 -1719.584063 1 
-1036.290655 -1729.046988 1 
-1023.054206 -1736.623807 1 
-1018.257668 -1738.639384 1 
-1001.716858 -1742.900439 1 
-983.331666 -1745.146902 1 
-977.290655 -1752.046988 1 
-969.127171 -1756.953038 1 
-959.637345 -1761.518079 1 
-943.213126 -1765.823668 1 
-933.166390 -1767.067404 1 
-926.290655 -1775.046988 1 
-918.127171 -1779.953038 1 
-908.141754 -1784.676418 1 
-891.716858 -1788.900439 1 
-873.331666 -1791.146902 1 
-867.290655 -1798.046988 1 
-859.127171 -1802.953038 1 
-849.739409 -1807.479235 1 
-840.710050 -1810.152030 1 
-836.547110 -1820.496974 1 
-835.313387 -1822.584063 1 
-827.290655 -1832.046988 1 
-821.599665 -1835.467147 1 
-814.901333 -1852.880899 1 
-813.353975 -1855.520435 1 
-805.290655 -1865.046988 1 
-797.127171 -1869.953038 1 
-787.739409 -1874.479235 1 
-771.658467 -1878.754775 1 
-744.790645 -1881.883073 1 
-737.529353 -1882.162131 0 
-710.404762 -1882.185238 1 
-704.054206 -1885.623807 1 
-699.637345 -1887.518079 1 
-681.069916 -1892.101676 1 
-656.790645 -1894.883073 1 
-649.039334 -1895.180963 0 
-609.366108 -1895.203593 1 
-598.054206 -1901.623807 1 
-593.702602 -1903.493257 1 
-585.901333 -1923.880899 1 
-584.313387 -1926.584063 1 
-576.290655 -1936.046988 1 
-568.127171 -1940.953038 1 
-558.637345 -1945.518079 1 
-541.716858 -1949.900439 1 
-515.790645 -1952.883073 1 
-508.039334 -1953.180963 0 
-450.340947 -1953.201521 1 
-420.790645 -1956.883073 1 
-413.548868 -1957.161381 0 
-386.408002 -1957.183291 1 
-380.054206 -1960.623807 1 
-375.637345 -1962.518079 1 
-358.716858 -1966.900439 1 
-332.790645 -1969.883073 1 
-325.039334 -1970.180963 0 
-295.888527 -1970.201037 1 
-283.924268 -1971.070103 1 
-274.054206 -1976.623807 1 
-269.637345 -1978.518079 1 
-252.716858 -1982.900439 1 
-226.790645 -1985.883073 1 
-219.039334 -1986.180963 0 
-121.073069 -1986.200984 1 
-105.790645 -1987.883073 1 
-98.039939 -1988.180953 0 
