-417.781526 -88.307345 1 
-417.702786 -92.743034 1 
-410.584793 -108.216933 1 
-398.147854 -123.612083 1 
-367.731092 -152.369748 1 
-345.555556 -169.666667 1 
-333.472222 -174.500000 1 
-318.798146 -176.596297 0 
-318.782516 -220.251575 1 
-318.647059 -227.882353 1 
-313.224847 -239.669771 1 
-302.788396 -252.587227 0 
-302.782676 -293.242561 1 
-302.647059 -300.882353 1 
-300.066546 -306.492164 1 
-289.634794 -319.405178 1 
-256.394958 -350.831933 1 
-227.830262 -373.090117 1 
-215.805556 -377.900000 1 
-200.795192 -380.044338 0 
-170.633469 -380.048393 1 
-166.775347 -380.599565 1 
-135.252101 -410.403361 1 
-110.555556 -429.666667 1 
-98.472222 -434.500000 1 
-83.435255 -436.648138 0 
