-7073.427917 318.052437 1 
-7069.250364 262.292196 0 
-7069.179384 168.694071 1 
-7067.525621 146.986800 0 
-7067.454797 60.383534 1 
-7062.250093 -3.961947 0 
-7062.179454 -51.303286 1 
-7058.498785 -130.299206 0 
-7058.428067 -149.940156 1 
-7052.499058 -217.573297 0 
-7052.428127 -249.937194 1 
-7048.458503 -284.413256 1 
-7040.742347 -361.421060 1 
-7038.789292 -388.418303 1 
-7037.250030 -395.994613 1 
-7028.742348 -474.419930 1 
-7028.031795 -494.033253 1 
-7023.579195 -515.231097 1 
-7018.473124 -525.924936 1 
-7009.254417 -537.495705 1 
-7003.633218 -541.961514 1 
-6998.894897 -551.945753 1 
-6995.488065 -582.957614 1 
-6992.978579 -617.029918 1 
-6988.250031 -656.992003 1 
-6983.742350 -699.417680 1 
-6981.724180 -726.755965 1 
-6979.741769 -736.236009 1 
-6979.058404 -754.837212 1 
-6975.115888 -774.717640 1 
-6971.333012 -784.114445 1 
-6967.543606 -789.588854 1 
-6953.343169 -828.642467 1 
-6947.360154 -848.107994 1 
-6943.827077 -854.180635 1 
-6939.882922 -874.165794 1 
-6938.205630 -903.467677 1 
-6935.862480 -912.034688 1 
-6933.946198 -940.620360 1 
-6932.765591 -945.003591 1 
-6932.120258 -968.305511 1 
-6923.077366 -1003.833864 1 
-6919.844656 -1012.203692 1 
-6914.134979 -1048.441943 1 
-6883.925372 -1132.445764 1 
-6881.746600 -1170.369167 1 
-6870.895250 -1200.812585 1 
-6865.968470 -1261.450181 1 
-6851.717250 -1306.844234 1 
-6844.026126 -1351.406149 1 
-6837.108241 -1365.827162 1 
-6826.233187 -1401.586177 1 
-6821.452109 -1410.058780 1 
-6816.360889 -1426.425320 1 
-6812.530919 -1464.176505 1 
-6800.817113 -1499.393916 1 
-6800.031795 -1522.033253 1 
-6795.704160 -1542.880918 1 
-6793.724180 -1560.755965 1 
-6784.885043 -1595.253397 1 
-6781.352255 -1601.212739 1 
-6776.723487 -1619.280901 1 
-6774.789292 -1636.418303 1 
-6767.785577 -1659.094760 1 
-6765.343169 -1662.642467 1 
-6753.335503 -1701.264919 1 
-6749.501950 -1706.833912 1 
-6744.298768 -1722.320959 1 
-6737.203980 -1732.242986 1 
-6732.515117 -1747.425604 1 
-6725.200191 -1783.375552 1 
-6718.592172 -1800.069086 1 
-6707.420251 -1879.378751 1 
-6697.138658 -1907.608287 1 
-6689.685878 -1932.912922 1 
-6686.433587 -1938.355560 1 
-6682.330091 -1955.374322 1 
-6677.314057 -1986.419246 1 
-6673.513289 -1995.217478 1 
-6665.061201 -2005.843606 1 
-6661.866609 -2008.429000 1 
-6649.357362 -2045.483289 1 
-6646.518906 -2049.958279 1 
-6638.357987 -2069.560306 1 
-6627.904862 -2113.489067 1 
-6624.572960 -2121.113640 1 
-6621.792743 -2151.784510 1 
-6611.145675 -2181.586538 1 
-6607.530488 -2197.807044 1 
-6603.493740 -2225.831747 1 
-6598.357362 -2238.483289 1 
-6595.201893 -2243.217446 1 
-6587.674364 -2268.934024 1 
-6574.434707 -2288.353683 1 
-6565.279370 -2336.515263 1 
-6555.160978 -2353.893036 1 
-6548.202936 -2359.749768 1 
-6542.279370 -2386.515263 1 
-6532.564682 -2403.506777 1 
-6529.858279 -2406.012804 1 
-6524.852463 -2416.689238 1 
-6512.640255 -2470.996535 1 
-6509.203536 -2476.215116 1 
-6504.904862 -2494.489067 1 
-6494.555796 -2511.467876 1 
-6487.387430 -2519.213677 1 
-6481.836715 -2551.661472 1 
-6472.583610 -2567.488345 1 
-6464.443847 -2574.344294 1 
-6459.059872 -2580.694688 1 
-6453.840302 -2584.973872 1 
-6447.555739 -2617.869622 1 
-6443.194354 -2628.595267 1 
-6440.183570 -2633.197966 1 
-6434.671949 -2654.258149 1 
-6426.675249 -2667.146233 1 
-6415.005568 -2676.453246 1 
-6407.748734 -2685.183816 1 
-6400.194557 -2708.853679 1 
-6397.756462 -2712.440532 1 
-6390.272825 -2735.615987 1 
-6384.548278 -2743.522472 1 
-6377.194557 -2765.853679 1 
-6374.756869 -2769.439962 1 
-6367.640255 -2791.996535 1 
-6364.186140 -2797.239810 1 
-6360.141787 -2814.886258 1 
-6347.938449 -2833.945957 1 
-6331.868393 -2849.004371 1 
-6323.502458 -2887.662092 1 
-6317.042023 -2898.749168 1 
-6308.736542 -2906.396317 1 
-6300.688881 -2930.708213 1 
-6287.525550 -2947.264363 1 
-6282.267933 -2951.631219 1 
-6274.501421 -2969.160877 1 
-6271.214967 -2986.423528 1 
-6265.912918 -2999.315371 1 
-6263.180239 -3003.248132 1 
-6258.026501 -3023.659957 1 
-6251.042023 -3035.749168 1 
-6242.829847 -3043.337666 1 
-6233.645822 -3069.125317 1 
-6227.662381 -3076.297841 1 
-6217.546699 -3084.277744 1 
-6208.609239 -3112.061218 1 
-6200.061201 -3122.843606 1 
-6189.388822 -3132.222154 1 
-6185.986038 -3158.169745 1 
-6177.172635 -3177.345335 1 
-6168.755203 -3204.608090 1 
-6159.377784 -3215.219022 1 
-6151.916745 -3220.902185 1 
-6143.401973 -3230.199553 1 
-6139.317997 -3260.077318 1 
-6130.129947 -3278.650940 1 
-6117.286736 -3289.279928 1 
-6115.392603 -3291.950565 1 
-6103.210596 -3324.553171 1 
-6095.275431 -3331.625212 1 
-6084.564682 -3351.506777 1 
-6071.398341 -3363.030163 1 
-6062.931764 -3390.360389 1 
-6053.776128 -3400.898424 1 
-6047.862269 -3415.445667 1 
-6042.641986 -3424.235329 1 
-6026.043485 -3462.038203 1 
-6015.052305 -3472.595432 1 
-6009.907804 -3484.397929 1 
-6001.346991 -3494.432996 1 
-5995.733493 -3498.894433 1 
-5986.349929 -3529.592889 1 
-5981.536117 -3536.657933 1 
-5971.349631 -3558.373332 1 
-5950.484512 -3574.204964 1 
-5940.571795 -3603.363440 1 
-5925.647270 -3631.426352 1 
-5909.020922 -3643.769073 1 
-5899.048155 -3663.435419 1 
-5888.620507 -3695.839894 1 
-5884.882774 -3701.024915 1 
-5874.624518 -3719.448508 1 
-5866.235963 -3726.505688 1 
-5859.116049 -3738.667667 1 
-5850.741372 -3746.053160 1 
-5845.640466 -3757.753209 1 
-5832.180244 -3772.202951 1 
-5820.656932 -3804.727896 1 
-5816.727154 -3810.074735 1 
-5811.656932 -3821.727896 1 
-5804.713297 -3830.017081 1 
-5799.780452 -3834.021828 1 
-5790.858997 -3850.939827 1 
-5784.079203 -3857.404658 1 
-5775.991930 -3876.756343 1 
-5772.882774 -3881.024915 1 
-5766.811553 -3894.016989 1 
-5755.807949 -3905.270401 1 
-5750.534010 -3916.970886 1 
-5744.054376 -3924.935818 1 
-5739.166410 -3928.985603 1 
-5734.049133 -3937.432679 1 
-5726.382512 -3962.640434 1 
-5718.061201 -3972.843606 1 
-5713.807949 -3976.270401 1 
-5705.810198 -3991.838113 1 
-5695.210064 -4001.525813 1 
-5687.737848 -4014.063794 1 
-5678.581895 -4031.223330 1 
-5665.484696 -4041.767070 1 
-5661.036619 -4044.149342 1 
-5653.656932 -4062.727896 1 
-5649.252416 -4069.528601 1 
-5641.848684 -4094.696325 1 
-5632.825784 -4105.765337 1 
-5616.870148 -4116.278958 1 
-5609.776406 -4133.603800 1 
-5605.025893 -4141.598026 1 
-5598.351797 -4164.993517 1 
-5589.061201 -4176.843606 1 
-5568.729123 -4189.879466 1 
-5567.362596 -4192.997822 1 
-5562.818224 -4213.206637 1 
-5551.684379 -4230.278033 1 
-5540.901454 -4238.575273 1 
-5529.827240 -4254.038685 1 
-5526.166410 -4256.985603 1 
-5518.061201 -4266.843606 1 
-5510.927099 -4272.503050 1 
-5504.404212 -4288.160593 1 
-5497.323135 -4296.609293 1 
-5492.807949 -4300.270401 1 
-5482.941265 -4322.395915 1 
-5472.150985 -4334.202665 1 
-5466.239792 -4339.566695 1 
-5459.544791 -4363.373522 1 
-5449.845854 -4375.748670 1 
-5428.703383 -4389.442519 1 
-5425.682724 -4406.145102 1 
-5418.625502 -4422.222370 1 
-5384.632057 -4460.775015 1 
-5379.818224 -4483.206637 1 
-5375.404212 -4492.160593 1 
-5366.902615 -4501.796600 1 
-5357.905584 -4508.572573 1 
-5349.701271 -4521.370911 1 
-5326.369540 -4537.835555 1 
-5320.807629 -4560.236629 1 
-5309.061201 -4577.843606 1 
-5298.063103 -4586.090269 1 
-5288.828907 -4590.833570 1 
-5270.355685 -4615.579678 1 
-5263.077706 -4637.049810 1 
-5255.713297 -4646.017081 1 
-5248.252584 -4651.933611 1 
-5241.823636 -4668.072869 1 
-5239.044036 -4672.126490 1 
-5233.387777 -4685.135380 1 
-5227.246361 -4692.527794 1 
-5216.084518 -4701.005062 1 
-5207.597364 -4714.223926 1 
-5196.394151 -4723.286244 1 
-5189.522639 -4731.427046 1 
-5182.827404 -4736.822463 1 
-5177.055950 -4757.256135 1 
-5165.061755 -4773.498363 1 
-5157.836287 -4788.411103 1 
-5152.061201 -4794.843606 1 
-5139.445367 -4803.985381 1 
-5134.584432 -4824.799758 1 
-5121.503226 -4843.118057 1 
-5102.729123 -4854.879466 1 
-5095.234612 -4867.524056 1 
-5082.689634 -4878.031557 1 
-5068.171874 -4886.397244 1 
-5062.754327 -4899.178305 1 
-5060.028879 -4903.173191 1 
-5051.049771 -4920.740638 1 
-5040.187492 -4929.980109 1 
-5034.028188 -4945.756530 1 
-5025.355685 -4956.579678 1 
-5017.387777 -4979.135380 1 
-5009.825784 -4987.765337 1 
-4998.777646 -4995.719675 1 
-4988.989813 -5000.806106 1 
-4978.174560 -5008.951513 1 
-4969.349996 -5013.592772 1 
-4961.300839 -5024.251694 1 
-4958.804758 -5045.108709 1 
-4942.396155 -5074.204236 1 
-4922.282915 -5089.191533 1 
-4916.042023 -5098.749168 1 
-4901.645721 -5110.263675 1 
-4895.494813 -5113.474679 1 
-4887.631133 -5122.190240 1 
-4882.382512 -5134.640434 1 
-4874.061201 -5144.843606 1 
-4853.841239 -5157.827900 1 
-4846.116049 -5170.667667 1 
-4834.944315 -5180.153739 1 
-4827.381800 -5199.744857 1 
-4817.450129 -5211.160794 1 
-4801.554413 -5221.571931 1 
-4793.024101 -5234.023998 1 
-4790.013345 -5236.706015 1 
-4784.983637 -5248.829163 1 
-4768.435378 -5265.856247 1 
-4757.013922 -5272.288712 1 
-4749.061201 -5281.843606 1 
-4731.554413 -5293.571931 1 
-4719.902615 -5308.796600 1 
-4699.530971 -5321.419369 1 
-4680.013922 -5334.288712 1 
-4669.192468 -5346.169461 1 
-4654.718154 -5355.492826 1 
-4646.910468 -5358.995456 1 
-4640.116049 -5369.667667 1 
-4628.947102 -5379.151749 1 
-4621.381800 -5398.744857 1 
-4612.002359 -5409.715004 1 
-4606.983637 -5421.829163 1 
-4596.041877 -5434.489384 1 
-4580.667077 -5444.517498 1 
-4573.028073 -5456.031755 1 
-4558.969964 -5467.143663 1 
-4551.132872 -5471.234004 1 
-4530.290584 -5490.070386 1 
-4521.735230 -5494.443264 1 
-4489.285963 -5514.187283 1 
-4477.389956 -5528.930885 1 
-4469.917886 -5534.507279 1 
-4460.656853 -5539.432937 1 
-4451.825784 -5549.765337 1 
-4420.786533 -5571.240064 1 
-4410.827240 -5584.038685 1 
-4403.797594 -5589.596149 1 
-4402.722889 -5601.643308 1 
-4398.450530 -5616.123011 1 
-4389.457222 -5631.540296 1 
-4368.002464 -5646.834087 1 
-4337.605165 -5656.492964 1 
-4319.442595 -5665.251043 1 
-4310.061201 -5676.843606 1 
-4296.005825 -5686.769804 1 
-4290.098528 -5689.720429 1 
-4280.801159 -5704.020632 1 
-4267.607837 -5714.284032 1 
-4234.469455 -5731.193367 1 
-4226.076649 -5733.847819 1 
-4217.400731 -5754.469497 1 
-4210.061201 -5762.843606 1 
-4176.486624 -5782.613599 1 
-4170.028073 -5792.031755 1 
-4150.056256 -5805.618997 1 
-4115.922640 -5820.482931 1 
-4103.145836 -5823.146577 1 
-4095.829917 -5826.874441 1 
-4089.323891 -5838.946517 1 
-4074.699755 -5851.020056 1 
-4051.656591 -5861.373134 1 
-4046.053423 -5871.218249 1 
-4031.372635 -5883.114976 1 
-3989.240097 -5901.955836 1 
-3978.323891 -5926.946517 1 
-3965.130958 -5938.169441 1 
-3943.783400 -5947.468389 1 
-3931.061289 -5950.413432 1 
-3905.636698 -5962.514050 1 
-3884.621320 -5966.843499 1 
-3873.237578 -5967.360957 1 
-3867.810195 -5976.462615 1 
-3847.446544 -5992.582124 1 
-3816.326024 -6003.368102 1 
-3798.125399 -6012.634371 1 
-3792.323891 -6023.946517 1 
-3773.824882 -6038.032035 1 
-3763.384181 -6042.015340 1 
-3758.113614 -6050.752736 1 
-3739.971965 -6064.441385 1 
-3716.677369 -6073.093714 1 
-3690.262993 -6076.301042 1 
-3685.323891 -6084.946517 1 
-3669.376869 -6097.744694 1 
-3600.467678 -6125.257279 1 
-3587.419239 -6128.352145 1 
-3561.636698 -6140.514050 1 
-3540.621320 -6144.843499 1 
-3533.957052 -6145.250683 1 
-3508.376869 -6166.744694 1 
-3489.609977 -6174.520898 1 
-3461.377956 -6179.150225 1 
-3449.743142 -6183.795307 1 
-3445.531402 -6190.287001 1 
-3432.233857 -6201.540245 1 
-3404.679497 -6212.852438 1 
-3388.557621 -6215.847653 1 
-3369.447205 -6227.345349 1 
-3345.467502 -6234.629313 1 
-3326.192425 -6236.467406 1 
-3321.612710 -6244.626922 1 
-3300.315341 -6260.169680 1 
-3281.092529 -6266.937884 1 
-3274.061289 -6268.413432 1 
-3248.261973 -6280.618371 1 
-3221.574239 -6285.132173 1 
-3214.088366 -6285.231834 0 
-3196.981058 -6285.312676 1 
-3178.073886 -6298.668530 1 
-3172.621395 -6301.106762 1 
-3159.884430 -6313.782128 1 
-3124.831139 -6326.946499 1 
-3078.594547 -6333.020991 1 
-3069.185493 -6340.449639 1 
-3049.617313 -6348.380083 1 
-3033.906937 -6353.741352 1 
-2990.165882 -6372.352581 1 
-2979.426452 -6374.969981 1 
-2973.088092 -6378.859057 1 
-2944.082972 -6389.448727 1 
-2922.617368 -6392.171203 1 
-2906.002625 -6392.242810 1 
-2896.889923 -6394.464199 1 
-2883.958966 -6404.527824 1 
-2867.787270 -6411.070026 1 
-2825.613875 -6419.970154 1 
-2805.360725 -6428.595167 1 
-2780.566672 -6433.654901 1 
-2766.948672 -6443.923938 1 
-2736.687393 -6454.757382 1 
-2690.382327 -6460.088094 1 
-2677.958966 -6469.527824 1 
-2662.705342 -6475.795435 1 
-2648.223963 -6479.391231 1 
-2622.360725 -6491.595167 1 
-2598.898787 -6496.581876 1 
-2591.214300 -6496.979722 0 
-2558.749970 -6497.077657 1 
-2548.046046 -6506.663963 1 
-2517.374265 -6520.144683 1 
-2502.008136 -6523.767852 1 
-2488.220404 -6524.979442 1 
-2471.500957 -6524.649875 0 
-2460.331319 -6525.062998 1 
-2421.691680 -6542.283373 1 
-2411.236247 -6545.567362 1 
-2386.155091 -6556.860674 1 
-2360.550625 -6562.270113 1 
-2353.487689 -6562.832573 0 
-2322.994759 -6562.916220 1 
-2309.632750 -6572.831813 1 
-2287.401376 -6582.319745 1 
-2264.080722 -6587.215400 1 
-2256.491232 -6587.832323 0 
-2228.778436 -6587.909434 1 
-2195.155091 -6602.860674 1 
-2162.494207 -6608.832113 0 
-2134.779376 -6608.908961 1 
-2122.340509 -6613.808211 1 
-2072.627326 -6622.030602 0 
-2055.823726 -6622.116862 1 
-2045.632750 -6629.831813 1 
-2024.244896 -6639.101691 1 
-1991.802646 -6644.879744 0 
-1972.037015 -6644.949635 1 
-1949.638622 -6645.955571 1 
-1919.339647 -6657.301919 1 
-1898.613703 -6660.937746 1 
-1892.780630 -6661.066056 0 
-1875.614936 -6661.135791 1 
-1866.637763 -6662.030202 0 
-1843.331337 -6662.105421 1 
-1824.123781 -6668.579974 1 
-1787.618596 -6673.400019 0 
-1772.001368 -6673.468117 1 
-1760.725408 -6674.212604 1 
-1740.992910 -6687.159672 1 
-1701.787165 -6697.727555 1 
-1696.169651 -6698.048142 0 
-1576.251865 -6698.120383 1 
-1544.203509 -6704.523256 1 
-1503.585084 -6709.344121 0 
-1432.311880 -6709.414003 1 
-1362.055184 -6721.094172 0 
-1244.112443 -6721.165415 1 
-1214.941530 -6727.268518 1 
-1198.618596 -6728.400019 0 
-1116.893683 -6728.470873 1 
-1088.369608 -6733.938139 0 
-1065.567791 -6734.007608 1 
-1047.688114 -6736.086543 0 
-944.411479 -6736.155823 1 
-915.191384 -6739.943208 0 
-897.852799 -6740.012206 1 
-873.618596 -6742.400019 0 
-791.896494 -6742.469978 1 
-768.276473 -6747.585604 1 
-761.771460 -6747.961077 0 
