-453.142988 -193.161631 1 
-452.887737 -198.247824 1 
-448.635379 -209.587446 1 
-434.592678 -224.748505 1 
-425.431207 -229.290188 1 
-408.694806 -235.579572 1 
-397.059568 -237.093926 0 
-359.296225 -300.173263 1 
-359.258039 -300.934182 1 
-354.269200 -314.237752 1 
-337.592678 -331.748505 1 
-328.431207 -336.290188 1 
-311.694806 -342.579572 1 
-300.041274 -344.096307 0 
-200.394866 -344.101677 1 
-191.006315 -353.048117 1 
-189.236227 -354.488306 1 
-177.309428 -358.974089 0 
-177.298045 -426.136997 1 
-177.258039 -426.934182 1 
-172.269200 -440.237752 1 
-170.126599 -442.554972 1 
-155.592678 -457.748505 1 
-146.431207 -462.290188 1 
-129.694806 -468.579572 1 
-124.247004 -469.289667 1 
-114.006315 -479.048117 1 
-112.236227 -480.488306 1 
-98.694806 -485.579572 1 
-87.078776 -487.091426 0 
-80.215749 -487.097156 1 
-79.592678 -487.748505 1 
-70.431207 -492.290188 1 
-53.694806 -498.579572 1 
-42.079775 -500.091296 0 
58.627737 -550.074895 1 
63.290083 -562.507819 1 
87.993685 -586.048117 1 
89.763773 -587.488306 1 
103.305194 -592.579572 1 
114.958726 -594.096307 0 
121.790359 -594.103542 1 
122.407322 -594.748505 1 
131.568793 -599.290188 1 
148.305194 -605.579572 1 
153.751734 -606.288464 1 
163.993685 -616.048117 1 
165.763773 -617.488306 1 
179.305194 -622.579572 1 
190.958726 -624.096307 0 
408.609375 -624.104094 1 
412.485552 -625.557660 1 
416.533985 -626.084711 0 
