-965.505310 -15.405121 1 
-965.340884 -19.276681 1 
-964.062672 -36.346488 1 
-963.267293 -44.878486 1 
-952.013935 -57.538514 0 
-952.003885 -159.114991 1 
-951.062672 -172.346488 1 
-950.267293 -180.878486 1 
-937.015253 -195.728768 0 
-937.004035 -250.112786 1 
-936.062672 -263.346488 1 
-935.191972 -272.686446 1 
-923.005817 -286.395870 1 
-919.990481 -289.623299 1 
-912.241553 -297.267544 1 
-903.741228 -304.671053 1 
-900.131761 -306.161199 1 
-896.517882 -310.190784 0 
-896.506000 -357.388874 1 
-896.340884 -361.276681 1 
-895.062672 -378.346488 1 
-894.191972 -387.686446 1 
-883.025822 -400.248365 0 
-883.013415 -500.974875 1 
-882.062672 -514.346488 1 
-881.191972 -523.686446 1 
-865.990481 -540.623299 1 
-858.241553 -548.267544 1 
-849.741228 -555.671053 1 
-848.510764 -556.266780 1 
-848.191972 -559.686446 1 
-832.990481 -576.623299 1 
-825.241553 -584.267544 1 
-816.741228 -591.671053 1 
-809.529403 -594.648412 0 
-809.506870 -644.368389 1 
-809.340884 -648.276681 1 
-808.062672 -665.346488 1 
-807.191972 -674.686446 1 
-791.990481 -691.623299 1 
-784.241553 -699.267544 1 
-775.741228 -706.671053 1 
-764.720779 -711.220779 1 
-758.699212 -712.961553 1 
-750.111486 -715.096284 1 
-730.228444 -715.759052 0 
-730.006105 -771.082352 1 
-729.062672 -784.346488 1 
-728.191972 -793.686446 1 
-712.990481 -810.623299 1 
-705.241553 -818.267544 1 
-696.565853 -825.743455 1 
-686.809966 -829.771115 1 
-679.398649 -831.253378 1 
-633.746773 -832.701901 0 
-585.841706 -832.716027 1 
-582.241553 -836.267544 1 
-573.741228 -843.671053 1 
-563.583747 -847.816359 1 
-556.398649 -849.253378 1 
-511.229699 -850.693384 0 
-502.509940 -852.296103 1 
-502.340884 -856.276681 1 
-501.065225 -873.312393 1 
-500.191972 -882.686446 1 
-485.050301 -899.559272 1 
-484.191972 -908.686446 1 
-473.997208 -920.155556 1 
-466.186842 -927.704094 1 
-458.727923 -933.892177 1 
-438.642867 -940.595291 1 
-425.378222 -944.133997 1 
-418.510190 -945.329331 1 
-416.239278 -945.444310 0 
-401.144843 -945.458079 1 
-401.037987 -945.611287 1 
-400.191972 -954.686446 1 
-389.997208 -966.155556 1 
-382.186842 -973.704094 1 
-374.584413 -979.940071 1 
-354.642867 -986.595291 1 
-349.311459 -988.038159 1 
-341.253830 -989.440534 1 
-313.289497 -990.856404 0 
-174.513220 -1013.218872 1 
-174.340884 -1017.276681 1 
-173.062672 -1034.346488 1 
-172.191972 -1043.686446 1 
-161.997208 -1055.155556 1 
-154.186842 -1062.704094 1 
-146.783333 -1068.873684 1 
-123.803393 -1076.416343 1 
-113.378222 -1079.133997 1 
-106.510190 -1080.329331 1 
-104.239476 -1080.444300 0 
