-997.489830 133.152374 1 
-997.013492 121.785126 1 
-996.216746 111.848010 1 
-994.297558 105.757489 1 
-991.228090 97.741841 1 
-981.430229 79.792276 0 
-981.419958 -62.605242 1 
-981.013492 -72.214874 1 
-980.216746 -82.151990 1 
-978.297558 -88.242511 1 
-975.228090 -96.258159 1 
-952.053135 -138.174476 1 
-945.403119 -144.704783 1 
-933.810129 -149.217566 0 
-893.420838 -178.583106 1 
-893.023058 -188.056312 1 
-892.429939 -195.493018 0 
-892.420848 -202.582854 1 
-892.013492 -212.214874 1 
-891.216746 -222.151990 1 
-889.297558 -228.242511 1 
-882.665643 -245.474444 1 
-864.337217 -278.673001 1 
-862.133982 -281.862256 1 
-856.363945 -287.618274 1 
-849.866830 -290.193672 0 
-830.335392 -290.211593 1 
-824.805418 -299.936186 1 
-823.257599 -301.715419 1 
-817.311558 -307.582688 1 
-815.773126 -308.632452 1 
-806.080809 -312.398734 0 
-800.421768 -347.559712 1 
-799.990381 -357.503120 1 
-799.430075 -364.491328 0 
-799.421778 -371.559460 1 
-799.013492 -381.214874 1 
-798.216746 -391.151990 1 
-796.297558 -397.242511 1 
-789.665643 -414.474444 1 
-772.333001 -445.829508 1 
-770.150893 -448.958663 1 
-763.915542 -455.125352 1 
-758.145213 -457.371888 0 
-711.422658 -487.537324 1 
-711.013492 -497.214874 1 
-710.216746 -507.151990 1 
-708.297558 -513.242511 1 
-701.665643 -530.474444 1 
-684.333001 -561.829508 1 
-682.140724 -564.970773 1 
-675.838252 -571.156002 1 
-670.148240 -573.370728 0 
-586.434376 -597.667473 1 
-586.377262 -601.028720 1 
-586.070560 -607.941917 1 
-585.002384 -625.647958 1 
-584.785197 -627.513504 1 
-584.006732 -629.871310 1 
-580.515030 -638.865119 1 
-564.578346 -667.708340 1 
-560.358987 -673.790952 1 
-558.671831 -675.659316 1 
-546.695649 -680.579058 0 
-499.964455 -680.594919 1 
-496.405842 -686.957858 1 
-492.358987 -692.790952 1 
-490.671831 -694.659316 1 
-486.260298 -696.512481 1 
-483.419679 -705.580872 1 
-475.426018 -720.796974 1 
-465.160437 -739.526833 1 
-464.140724 -740.970773 1 
-457.744680 -747.193110 1 
-452.133253 -749.376472 0 
-402.206928 -749.391388 1 
-397.160437 -758.526833 1 
-396.140724 -759.970773 1 
-389.915542 -766.125352 1 
-384.153328 -768.368778 0 
-332.458473 -768.460353 1 
-332.287186 -772.768999 1 
-331.047655 -788.228605 1 
-329.117998 -800.086086 1 
-326.042843 -809.903205 1 
-321.809965 -818.600810 1 
-309.404257 -841.406602 1 
-306.352321 -845.797851 1 
-304.631145 -847.670280 1 
-292.700137 -852.577338 0 
-283.831551 -852.591110 1 
-277.404257 -864.406602 1 
-274.352321 -868.797851 1 
-272.674121 -870.650058 1 
-260.677864 -875.585874 0 
-22.477622 -875.595072 1 
-20.404257 -879.406602 1 
-17.352321 -883.797851 1 
-15.674121 -885.650058 1 
-3.678035 -890.585864 0 
