-7	4	1	-7	10	-5	3	-6	-2	1	1	1	5	-7	4	-4	0	-1	1	-1	5	1	-10	3	8	-7	-10	-5	10	8	3	-5	-8	-3	-9	-8	-1	-5	4	-10	-185	-85	-99	-175	-167	80	116	-199	110	200	-164	-43	38	-153	-130	58	-171	-63	153	-118	130	-185	-111	-162	92	-89	0	-165	181	175	-16	177	-154	189	-1	-31	-137	161	-120	139
-9	0	-6	1	-3	4	3	-7	9	7	-10	2	5	1	9	9	1	1	9	4	-7	2	-2	3	8	-6	7	-10	0	4	-7	6	7	-6	-2	-7	9	-4	-5	-1	-36	162	57	-56	173	187	153	67	-80	52	-55	93	7	82	-185	135	-162	26	-100	-109	75	62	-23	152	179	26	-80	122	176	196	-122	93	-46	181	86	116	-121	-24	-81	31
-2	6	-3	4	-10	-2	5	-8	4	-7	-6	2	-6	0	-10	3	-1	9	2	7	7	6	9	-6	7	-9	-4	-3	9	7	-10	-8	-4	9	-1	-9	5	-3	-6	-2	57	-156	74	-178	-192	-37	-50	-120	159	-67	112	47	-58	-86	139	53	181	79	137	9	-165	-46	-132	-110	110	115	109	-146	-185	194	163	-113	58	-54	-186	1	127	-151	56	146
-4	-19	-10	-18	-2	-14	1	-20	-3	-4	-3	-17	-18	-18	-12	-8	-8	-11	0	0	-12	-12	-14	0	-13	-11	-17	-13	-8	-18	-13	-3	-17	-14	-2	-14	-11	-3	-16	-4	1	-1	-14	0	-2	-16	-19	-12	-17	-20	-14	-15	-17	-13	-5	-15	-5	-18	-3	-6	-13	1	-4	-10	-13	-14	0	-6	-14	-11	-16	-12	-15	-9	-5	-15	-10	-19	-13	-12
-6	-13	-16	-6	-9	-12	-20	-18	-2	-18	-17	-17	-16	1	-8	-5	1	1	-13	-5	-16	-5	-19	-6	-17	1	-9	-18	-4	-3	-11	-8	-20	-10	-6	0	-15	-10	-2	-9	1	-18	-12	1	-1	-18	-17	-8	-5	0	-18	-14	-6	-1	-16	-16	-2	0	-1	-4	-18	-8	-15	-10	-6	-16	-5	-7	-14	1	-6	-14	-17	-6	-7	-20	-17	-6	-1	-1
-10	-7	-8	-6	-16	-17	-2	-7	-19	-2	-4	-19	-4	-15	0	-11	-2	-2	-5	-1	-13	-13	-5	-19	-16	-11	0	-13	-14	-12	-9	-18	-3	0	-20	-14	-7	-1	-4	-19	0	-14	-2	-11	-1	-16	-17	-8	-14	-16	-6	-15	-6	-9	-16	-16	0	-17	-17	-2	-1	-9	-12	-16	-1	-17	-1	-5	-19	-19	-16	1	-2	-7	0	0	-20	-12	-15	-8
-18	-6	-20	-5	-14	-2	-8	-1	-19	-15	-11	-3	-10	0	-15	-12	-14	-15	-17	-19	-4	-11	1	-4	-9	-9	-19	-16	-17	-5	-1	-6	-4	-13	-9	-15	-18	-9	-12	0	-14	-6	-16	-14	-18	-6	-20	-16	-1	-16	-6	-16	1	-9	-11	-17	-5	-19	-7	-19	-8	-13	-16	-9	-2	-2	-15	-15	-4	-5	-5	-16	1	-9	-4	-16	-5	-10	-12	-16
-1	-4	-4	-2	-5	-1	-17	-20	-5	-4	-16	-13	-15	-8	-14	-10	0	-4	-13	-1	-18	-1	-9	-20	-18	-19	-18	-1	-3	-20	-20	0	-20	-17	-3	-15	1	-2	-12	-5	-13	-20	-8	-9	1	-12	-16	-2	-19	-7	-12	-7	-10	1	-13	-19	-19	-10	-1	-7	-18	-5	-5	-1	-2	-2	-14	-3	-12	-16	-12	-15	-18	-2	-8	1	-9	-14	-12	-17
-19	-17	0	-16	-8	-2	1	-20	-5	1	-6	-10	-11	-5	-11	-15	-9	-6	-17	-12	-3	-12	-3	-10	-10	-16	-14	-20	-17	-10	-18	-11	-8	-11	-11	-1	-13	-12	0	-8	-13	-19	-4	-2	-1	-11	1	-2	-8	-12	-20	-3	-9	-11	-12	-5	-3	-10	-17	-8	-5	-6	-8	-5	-18	-6	-12	1	-13	-16	-19	-20	-15	-19	-1	-10	-10	-20	-5	-6
-6	-8	-2	-7	1	-17	-18	-17	-17	-6	-5	-1	-16	-14	-16	-1	-11	-15	-13	-8	-7	-1	-15	1	-2	0	-20	-10	-10	-6	-1	-16	-16	0	-14	-10	-7	-12	-8	-20	-6	-8	0	-20	-14	-5	-1	-9	-12	-5	-11	-1	-8	-12	-7	-8	-1	-16	-6	-12	-7	-1	-8	-12	-9	-11	-8	-16	-14	-3	-15	-6	-15	-8	-1	-1	-7	-13	-20	-3
-5	-16	-3	-10	-3	-7	-12	-15	-17	-13	-6	-19	-6	1	-16	-3	-4	-4	-8	-7	-8	0	-17	1	-20	-2	-13	-2	-16	-7	1	-9	-4	0	-5	-12	-6	-3	-17	-9	-20	-2	-3	-17	1	-19	-4	-13	-2	-20	-8	-17	-20	-7	-4	-6	-4	-10	-7	1	-13	-18	-3	-2	-19	1	-14	-16	-12	0	-15	0	-13	-10	-1	-13	-4	-15	-5	-1
-9	-6	-19	-18	-15	-19	-11	-6	-5	-19	-16	-2	1	-1	1	-18	-11	-14	-11	-18	-10	1	-15	-2	-11	-9	-1	-15	1	-14	-11	-5	1	-1	-8	-11	-7	-18	-13	-2	-10	-4	-20	-7	-19	-1	-7	-11	-15	-14	-12	-7	-20	1	-20	-8	-18	-2	-5	-17	-15	-4	-8	-9	-11	-14	-15	-5	-2	-9	-20	-14	-19	-18	-3	-10	-1	-17	-14	0
-13	-14	-14	-8	-2	-2	-10	-9	-14	-11	-4	-8	-4	-8	-17	-1	0	-1	-9	-8	-3	-10	1	-8	-12	-12	-11	-20	-8	-13	1	-11	-13	-10	-15	-3	-1	-5	-6	-19	-5	1	-17	-17	-8	-12	-10	0	-20	-19	-19	-13	0	-9	-10	-13	-10	-20	-19	-10	-5	-1	-20	1	-1	-11	-1	-14	-17	-15	-12	-5	-10	-1	-3	-6	-3	-12	-18	-10
-5	-16	-16	-11	-18	0	-20	-19	-20	-13	-12	-10	-18	-3	-15	-1	-4	-3	0	-20	-9	-10	-10	-11	-2	1	-11	1	-13	-1	1	-11	-10	-11	-18	-18	-18	-12	-14	-18	-7	-19	-20	-6	1	-4	-19	-7	-19	-3	-13	-18	-15	-12	-14	-15	-12	-11	-20	-12	-9	-12	-6	-5	-2	-15	-3	-14	-12	-4	-8	-15	-13	-18	-18	-1	0	-11	-12	-10
-10	-2	-12	-4	-17	-7	-6	-11	-12	-4	-18	-4	1	-11	-4	0	-10	-19	-15	-20	-8	-7	-11	-19	-10	-16	-9	-7	-7	-10	-4	-1	-15	-9	-13	-6	1	-17	-19	-7	-11	-5	-1	-11	-9	-10	-8	-16	-5	-15	-19	-12	-6	-6	-15	-14	-16	-15	-19	-18	-2	-18	-18	1	-20	-11	-16	-18	-5	-15	-4	-17	-7	-19	-10	-3	-12	-19	-12	-10
-7	-2	-7	-20	-16	-5	-7	-17	-18	-20	-11	-2	-1	-13	-10	-5	-3	0	-12	-20	-13	-15	-2	-8	-18	-3	-9	-3	-2	-3	-16	-15	-13	-14	1	-19	-5	-2	-5	-10	-11	-3	-17	-11	-8	-15	1	-20	-17	-9	-12	-11	-15	-17	-5	-3	-12	-8	1	-2	-15	-9	-4	-13	-20	0	0	-17	-4	-6	-1	-16	-13	-7	-5	-1	-3	-13	-9	-7
-13	-1	-17	1	-13	-4	-16	-18	-9	-8	0	-7	-15	-18	-7	-10	-20	-5	-12	-2	-4	-12	-17	-5	0	-9	1	-4	-14	-7	-10	-17	-14	-4	-3	-17	-11	-3	-2	-17	0	-10	-14	-16	-20	1	-11	0	-1	-15	-5	-18	-4	-13	-16	-3	-1	-11	1	-1	-8	-11	-13	-9	-20	-8	-17	-5	-10	-16	0	-15	-3	-4	-6	-19	-15	-14	-8	-12
-16	-11	-1	-18	-8	-13	-8	-17	-2	0	-11	0	-11	-4	-9	-9	-7	-9	-17	1	-9	-3	-17	-2	-5	-8	-19	-13	-8	-14	-20	-5	-12	-17	-18	-2	-7	-19	-3	-13	-20	-14	-10	-10	-5	-13	-16	-6	-16	-12	-2	-6	-5	-11	-1	-15	-18	-13	-13	-6	-17	-8	-17	0	-7	-6	-4	-7	-19	-8	-7	-16	-9	-6	-18	-2	-6	-9	-4	-19
-9	-6	-13	-10	-9	-18	-8	-9	-20	-12	-7	-3	-3	-11	-6	-16	-4	-4	-12	-11	-1	-20	-7	-19	-19	-20	-11	-11	-4	-11	-18	-8	-18	-11	-4	-5	-20	-20	-14	-4	-1	-17	0	1	-20	-19	-5	-20	-16	-5	-2	-10	-18	-12	-2	-15	-13	-11	-20	-13	-15	-13	-13	-9	-16	-14	-9	-19	-4	-16	-2	-14	-2	-10	-4	-1	-20	-12	-10	-14
-12	-18	1	-12	-11	-7	-8	-10	-8	-6	-16	-15	-1	-12	-10	-14	-16	-17	0	-15	-18	-6	-20	-12	-4	-1	-10	0	-19	-1	-2	1	-9	-12	1	-7	-6	-10	-14	-14	1	1	-5	-19	-12	-11	-8	-14	-6	-12	-4	0	-13	-13	-11	-3	-4	-17	-20	-8	-4	-3	-6	-13	-15	-1	-1	-16	-10	-14	-7	-5	-12	-9	-5	-14	0	-14	0	-17
-15	-19	-8	-1	-1	-8	1	-2	-19	-20	-10	-6	-7	-7	-5	-17	-8	-19	-17	-14	-16	-7	-16	-8	-14	-13	0	-8	-1	-11	-5	-8	1	-15	-5	-12	-20	-12	0	-11	1	-5	-15	-11	-5	-13	-12	-10	-13	-1	-19	-10	-3	-18	-12	-7	-6	-4	-6	-13	0	-6	-1	-18	-19	-13	-7	-14	-4	0	-3	-14	-18	-20	-20	-14	-14	-12	-3	-5
-8	-11	-13	-9	-18	-3	-18	1	-6	0	-19	-9	-17	-17	-2	-16	-12	-14	-9	-13	-8	-1	-5	-3	-9	1	-3	-15	-7	-19	-7	-13	-18	1	-8	-14	-9	-7	-16	-12	-17	-11	-6	-13	-7	-6	1	-20	-2	-9	-4	-10	-3	-19	-20	-4	-12	-18	-1	-2	-9	-9	-4	-19	-13	-13	-3	-9	-4	-4	-10	-6	-20	-11	-2	-20	0	-1	-2	-18
0	-20	-18	-4	-19	-11	-9	-8	-16	-16	-19	-4	-2	-9	-20	-8	-19	-7	0	-18	-5	-12	-4	1	-3	-17	-5	-6	-7	-12	-16	-18	-17	-6	-4	-14	-18	-8	-15	-19	-11	-18	-2	-2	-13	-7	-15	-3	-6	-9	-18	-11	-10	-6	-5	-13	-9	-15	-11	-11	-2	-7	-12	-11	-4	-14	-10	-3	-1	-6	-10	-2	1	-2	-8	-5	0	-18	-3	-11
-4	0	-2	-15	0	1	-10	-16	-1	-11	-6	-6	-5	-9	-8	-14	-1	-9	-20	-20	-2	-12	-4	-5	-1	-18	-5	1	-9	-15	-1	-8	-10	-11	-17	-10	-17	-6	-13	-15	-3	-12	-19	-20	-20	-19	0	-5	-2	-11	-18	-20	-9	-3	0	-17	-14	-2	-20	-17	-3	1	-13	-18	-16	-8	-15	-15	-19	-8	-12	-4	-1	-16	-17	-19	-6	-15	-10	-14
-6	-9	-9	-7	-19	-5	-11	-13	-17	-10	-1	-5	-10	-18	1	-8	-13	-10	-3	-17	-10	1	-12	0	-13	-19	-7	-9	-4	-3	1	-1	-15	-8	-5	-18	-16	-2	-6	-18	-8	-3	-19	0	-8	-17	-2	1	-17	-13	1	-16	-10	0	-4	-19	-8	-3	-15	-20	-9	-18	-1	-8	-4	1	-17	-17	-12	-12	1	-13	-9	-9	-12	-15	-1	-10	-4	-18
-14	-3	1	-12	-15	-15	-7	-2	-17	-11	-20	-13	-14	-8	-6	-4	-17	0	-14	-14	-20	-2	-6	-5	-10	-4	-16	-14	-7	-19	-9	-11	-5	-9	-1	-7	-6	-14	-19	-3	0	1	-9	-15	-18	-19	-7	-13	-6	-10	-12	-19	-18	-8	-8	-18	1	1	-16	-5	-6	-9	-13	-4	-2	-3	-15	-17	0	-12	-15	-14	-7	-17	-11	-1	-17	-5	-2	1
-6	-11	1	-14	-4	1	-10	-14	-14	-19	-1	-18	-6	-2	-8	-1	-6	-17	-17	-20	-4	-13	-6	-17	-9	0	-12	1	-16	-12	0	-20	-18	-11	-17	-18	-14	-6	-18	1	-6	-2	-6	-5	-15	-18	-1	-14	-18	-2	-4	-13	1	1	-9	-16	1	-11	-5	-3	-14	-2	-8	-19	-11	-11	-2	0	-10	-2	-11	-12	-13	-11	-2	-9	-16	-5	-5	-8
-15	-11	-6	-6	0	-10	-13	-11	-12	-9	-19	-1	-16	-9	-17	-19	-3	-16	1	-1	1	1	-13	-15	-16	-10	-17	-16	1	-14	-16	-1	-4	1	-15	-5	-7	-17	-3	-17	-19	-20	-2	0	0	-1	-5	-3	-5	-11	-7	-12	-6	-18	-9	-12	-18	-19	-12	-4	-11	-6	-15	-8	-2	-13	-5	-14	-10	-14	-3	-15	1	-8	-13	-12	1	-17	-7	-19
-5	-5	-19	-2	-8	1	-20	-4	-9	-2	-5	-5	1	-10	-5	-7	-5	-10	-9	-1	-3	-13	-16	-9	-18	-19	-17	-20	-11	-6	-2	-13	-17	-8	-7	-16	-17	-2	-6	-20	-10	-13	-4	-2	-3	-17	0	-18	-18	1	-15	-18	-7	-10	-5	-15	-15	-4	-7	-13	-8	-8	-9	-17	-12	-15	-20	-20	-9	-9	-14	-3	-20	-6	-2	-11	-10	-1	-14	-19
-7	-6	-11	-14	-20	1	-11	-3	-3	-17	-18	-18	-16	-17	-12	-10	-4	-16	-19	-16	-1	-15	-2	-14	-13	-17	-19	-1	-18	-16	-19	-5	-17	-4	-20	-6	-2	-8	-15	-15	-5	-5	-12	-6	-8	-18	0	-15	-18	-12	-10	-5	-10	-3	-10	-15	-14	-18	0	-16	-10	-11	-19	-9	-9	-1	-1	-19	-14	-11	-9	-7	-3	-5	-8	-3	-16	0	-16	-17
-12	-4	-5	-19	-16	-16	-14	-15	-18	-14	-17	-15	-17	-16	-16	-5	1	-11	-4	-14	-1	-15	-13	-9	0	-6	-5	-6	-14	-10	-13	-7	-1	-9	-10	-8	-19	-6	-15	-10	-10	-16	-18	-5	1	-1	-12	-13	-9	-18	-2	-11	1	-11	-14	-6	-2	-18	-10	-19	-14	-19	-17	-9	-16	-15	-7	-13	-11	-5	-15	-5	-12	-18	1	-13	-6	-4	-15	-1
-9	-2	-8	-16	-5	-16	-17	-16	-15	-4	-5	-14	-14	-13	-3	-4	-10	-11	-11	-10	-5	1	-1	-13	0	-18	-14	-18	-1	-15	-11	0	0	-20	-5	-4	-1	-5	-9	-4	-13	-12	-3	-1	-4	-20	-4	-12	-13	-20	-9	-11	1	-16	-2	-8	1	-16	-2	-14	-18	-14	-18	-18	-8	-18	0	-8	-6	-11	-7	-6	-3	-16	-13	0	-14	-4	0	0
-18	-17	-6	-20	0	0	-12	1	-7	-12	-10	-12	-4	0	-15	-14	-3	-7	-13	-5	1	-1	-12	-12	-17	-5	-18	-11	-5	-11	-17	-8	1	-18	-4	-11	-2	-10	-13	-10	-5	-16	-5	-13	-5	-7	-4	-16	-9	-17	-7	-19	-17	-11	-19	-7	-13	-14	-8	-16	-15	0	-4	-16	-4	-5	-1	-7	-9	-20	-7	-5	-20	-20	-4	-19	1	-16	-11	-19
-16	-1	-10	-18	-7	-3	-13	-2	-9	-17	0	-12	-5	-16	-11	-14	-17	-12	-1	-9	-12	-9	-10	-9	-3	-18	-19	-4	-14	-12	-20	-12	-2	-1	-7	-1	-18	-17	-8	-10	-11	-12	-15	-16	-6	-19	-5	-3	-1	-18	-8	-9	-15	-18	-18	-18	-2	-2	1	-11	-9	-10	-1	-9	-9	-4	-8	-1	-8	-17	-3	-11	0	-9	-13	-3	-15	-4	-2	-20
-20	-14	0	-8	-11	-13	-7	-2	-15	-20	-17	-17	-10	-16	-9	-4	0	-12	-8	0	-5	-6	-6	-12	-15	-15	-13	-8	-15	-4	-3	-19	-9	-6	0	-12	1	-11	-19	-20	-4	-6	-8	-3	-1	-9	-14	-11	-12	-10	-13	-6	-16	0	-17	1	-3	-3	-8	-17	-16	-1	-19	-19	-20	-11	-5	-9	-5	-4	0	-13	-8	1	-2	-14	-10	-15	-9	-10
-19	-20	-9	-19	-15	-20	-10	-9	-19	-12	-4	-5	-19	-4	-8	-15	0	-16	-18	-4	-17	-4	-7	-4	-6	1	-4	-4	-14	-10	-17	-1	-18	-19	-7	-16	-20	-5	-10	-4	-6	-18	-18	-3	-11	-3	-16	0	-10	-11	-19	0	0	-14	-10	-16	-13	-8	-16	-9	-6	-14	-11	-14	-8	0	-13	1	-13	-7	-11	1	-1	-7	1	-17	-2	-1	-15	-11
-5	-4	-17	-6	-1	-10	-13	-1	0	-20	-10	-16	-7	1	-13	-17	-16	-12	-18	-13	-3	-16	-18	0	-20	-13	-20	-17	-20	-2	-4	-11	-3	-16	-3	-15	-20	-13	-2	-14	-3	-2	-12	-15	-15	-7	-20	-18	-15	-20	-10	-17	-5	-9	-14	-11	-8	-1	-2	-8	-5	-16	-8	-4	-20	-7	0	-11	-5	-6	-6	-19	-2	-17	-19	-20	-14	-6	-17	-11
-20	-15	-8	-10	-17	-13	-4	-19	-13	-13	-13	-15	-10	-8	1	1	-16	-15	-19	-12	-11	-19	-7	-18	0	-19	-2	-7	-8	-7	-9	-12	-12	-9	-1	0	-11	-18	0	-9	-6	-15	-2	-2	-2	-2	-7	-10	-5	-12	-19	-7	-8	-18	1	-13	-7	1	-1	-16	-18	-17	-13	-17	0	-8	-20	-7	-6	-17	-12	-4	-18	-10	-13	1	-10	-18	-16	-20
-9	-1	-4	-4	-3	-16	-4	-8	-8	-13	0	-1	-7	-16	-19	-16	-8	-3	-19	1	-4	-5	-13	-15	-18	-10	0	-19	0	1	-2	-6	-1	-11	1	-11	-2	-14	1	-3	-9	-12	-17	-17	-20	-2	-10	-14	-19	-11	-15	-2	0	-9	-8	1	-20	-12	-11	-4	-15	-1	-6	-13	-19	-1	-16	-1	-13	-12	-19	-11	-8	-6	-16	-5	0	-7	-11	-2
-12	-1	-5	-10	-1	-17	-18	-7	-11	1	-20	-1	-3	1	0	-18	-12	-12	-6	-19	-3	-2	-4	-3	-15	-4	-17	-15	-17	-14	-14	-20	-1	-20	-19	-20	-3	-12	-6	-11	-7	-6	-10	-6	-7	-6	-9	-15	-12	-7	-12	-15	-20	-5	-12	-19	-1	1	-19	-14	-12	-8	-14	1	-12	-17	-15	-4	1	-16	-12	0	-14	-3	-13	-14	-14	1	-20	1
-12	-19	-15	-8	-1	-14	-16	-8	-5	-3	-7	-7	-7	-20	-6	-15	-8	-12	-14	-11	-10	-5	-16	-16	-8	-9	-5	-17	-8	-13	-17	-16	1	-8	-1	-6	-19	1	-9	0	-5	-16	-9	-20	-9	-16	-16	-4	-12	-10	-13	-5	-10	-17	-10	-6	-4	-20	1	-3	-1	-12	-16	0	-17	-8	-5	-6	-5	-6	-12	-18	-3	-20	-14	-9	-19	-13	0	-10
-9	-1	-3	-12	-3	-12	-15	-10	-2	-3	-6	-6	-10	-11	1	-9	-10	-8	-18	-2	-8	-11	-8	-3	1	-14	-13	-12	-13	0	-18	-14	-8	-9	1	-4	-15	-2	-14	-1	-6	-6	0	-13	-19	-5	-11	-7	-14	-16	-11	1	-4	-10	-12	1	-1	-15	-20	-20	1	-12	-16	-14	-1	1	-14	1	-18	1	-1	-2	-1	-17	-2	-18	-10	-12	-7	-11
0	-11	-2	0	-4	-1	-15	-1	-7	-6	-20	-20	-20	-2	-18	-18	-2	-7	-9	-18	-11	-3	-7	-19	-14	-12	-3	-11	-8	-3	-7	-5	1	-6	1	-14	-9	-1	-14	-15	-4	-11	-4	-10	-17	-6	0	-7	-13	-17	-13	-4	-3	-4	-9	-2	-16	-5	-13	-7	-4	-8	-2	-1	-1	-8	-9	-15	-2	-6	-1	-2	-15	-1	-14	-1	-9	-11	-7	-5
-19	-10	-4	-17	-4	-1	-15	-17	-20	0	-17	-11	-4	-11	-20	-4	-7	-18	-8	0	1	-1	-14	-11	-6	1	-18	-2	-17	-15	-19	-4	-9	-7	-5	-5	-6	-13	-9	-6	0	0	0	0	0	0	0	0	0	0	0	0	0	0	0	0	0	0	0	0	0	0	0	0	0	0	0	0	0	0	0	0	0	0	0	0	0	0	0	0
-10	-12	-15	-16	-20	-18	-7	-9	-2	-20	-5	-16	-7	-18	-2	0	-19	-17	-3	-12	-8	-12	-7	-13	-17	1	0	1	-17	-3	-4	-13	-10	-3	-10	-18	-7	-8	-19	-19	0	0	0	0	0	0	0	0	0	0	0	0	0	0	0	0	0	0	0	0	0	0	0	0	0	0	0	0	0	0	0	0	0	0	0	0	0	0	0	0
-8	-18	-6	-10	-15	-9	-13	-5	-18	-7	-6	-5	-9	-20	-11	-3	-16	-1	-16	-13	-12	-17	-20	-18	-15	-2	-10	-19	-16	-6	0	0	-19	-3	-19	-9	0	-9	-14	-4	0	0	0	0	0	0	0	0	0	0	0	0	0	0	0	0	0	0	0	0	0	0	0	0	0	0	0	0	0	0	0	0	0	0	0	0	0	0	0	0
-4	-20	-18	-14	-1	-3	-3	-4	-12	-11	-6	0	-19	-10	-9	-10	-6	-10	-11	-1	-4	-13	-11	-12	-12	-13	-9	-13	0	-4	-16	-8	-18	-7	1	-14	-17	-20	-17	-19	0	0	0	0	0	0	0	0	0	0	0	0	0	0	0	0	0	0	0	0	0	0	0	0	0	0	0	0	0	0	0	0	0	0	0	0	0	0	0	0
-12	-2	1	-7	-1	-15	1	-11	-4	-1	-8	-13	-4	-2	0	-1	-20	-16	-4	-20	-1	-9	-19	-13	1	-14	-5	-13	-4	-20	-13	-17	-8	-14	-10	1	-4	-6	-15	0	0	0	0	0	0	0	0	0	0	0	0	0	0	0	0	0	0	0	0	0	0	0	0	0	0	0	0	0	0	0	0	0	0	0	0	0	0	0	0	0
-6	-1	-9	-12	-8	-10	-18	-20	-15	-1	-7	-14	-19	1	1	-16	-11	-10	-2	-13	-17	1	-8	-16	-5	-6	-19	-4	-2	-16	-10	-11	-1	-3	-18	-15	-19	-14	-6	-7	0	0	0	0	0	0	0	0	0	0	0	0	0	0	0	0	0	0	0	0	0	0	0	0	0	0	0	0	0	0	0	0	0	0	0	0	0	0	0	0
-13	0	-3	-8	-11	-7	-4	-13	-1	-15	-4	-8	-6	-18	1	-8	-20	-1	-11	-20	-17	-14	-8	-8	-5	-4	-19	-20	-8	-17	-16	-20	-12	-20	-8	-17	-5	-2	-4	-8	0	0	0	0	0	0	0	0	0	0	0	0	0	0	0	0	0	0	0	0	0	0	0	0	0	0	0	0	0	0	0	0	0	0	0	0	0	0	0	0
-11	-11	-11	-15	-17	-18	-8	0	-5	-16	-5	-10	1	-12	-20	-17	1	-3	-4	-16	-16	-6	-16	-13	-19	-4	-9	-19	-2	-8	-9	-5	-17	-14	-3	-5	-7	-8	-8	-17	0	0	0	0	0	0	0	0	0	0	0	0	0	0	0	0	0	0	0	0	0	0	0	0	0	0	0	0	0	0	0	0	0	0	0	0	0	0	0	0
-8	-19	-1	-20	1	-20	-17	-12	-19	-14	-2	-2	-15	-19	-7	0	-1	-5	-5	-12	-12	-13	-15	-8	-12	-11	-14	-20	-6	1	0	-9	0	-8	-15	-9	-5	-1	-14	-13	0	0	0	0	0	0	0	0	0	0	0	0	0	0	0	0	0	0	0	0	0	0	0	0	0	0	0	0	0	0	0	0	0	0	0	0	0	0	0	0
-5	-7	-3	-15	-11	-4	-16	-18	-7	-4	-16	-3	-11	-2	0	-18	-10	-3	-19	-2	-11	-10	-14	-18	-7	-18	-3	1	-17	-20	-8	-6	-20	-1	-19	-16	-1	-3	-20	-7	0	0	0	0	0	0	0	0	0	0	0	0	0	0	0	0	0	0	0	0	0	0	0	0	0	0	0	0	0	0	0	0	0	0	0	0	0	0	0	0
-19	0	-1	-10	-9	-3	-2	-9	-9	-17	-9	-10	-14	-14	-1	-14	-18	-1	-8	-12	-2	-20	-9	-14	-4	-15	-17	1	-5	-17	-10	-19	1	-3	-20	-4	-15	-9	0	-12	0	0	0	0	0	0	0	0	0	0	0	0	0	0	0	0	0	0	0	0	0	0	0	0	0	0	0	0	0	0	0	0	0	0	0	0	0	0	0	0
-1	-16	-5	-17	-17	-9	-17	-13	-16	-1	-6	-20	-19	-20	-19	-5	-14	-20	-9	-18	-19	-13	-8	-1	-6	-19	-3	-5	-10	-1	-10	-6	-18	-10	-4	-6	0	0	-15	-16	0	0	0	0	0	0	0	0	0	0	0	0	0	0	0	0	0	0	0	0	0	0	0	0	0	0	0	0	0	0	0	0	0	0	0	0	0	0	0	0
-4	-1	0	-8	-13	-2	-11	-20	-6	-13	-18	-9	-1	-12	-12	1	-8	-8	-10	-3	-18	-8	-14	-6	-13	-19	1	-13	-18	0	-7	-4	-5	-18	-12	-11	-10	-19	-6	-7	0	0	0	0	0	0	0	0	0	0	0	0	0	0	0	0	0	0	0	0	0	0	0	0	0	0	0	0	0	0	0	0	0	0	0	0	0	0	0	0
-13	-9	-16	-1	-8	-3	-13	-18	-7	-8	-7	-6	-3	-18	-18	-17	-11	-5	-3	-15	-16	-19	0	-8	-12	-1	-9	-19	-10	-10	-12	-17	-7	0	-3	-7	-19	-4	-3	-14	0	0	0	0	0	0	0	0	0	0	0	0	0	0	0	0	0	0	0	0	0	0	0	0	0	0	0	0	0	0	0	0	0	0	0	0	0	0	0	0
-3	-17	-5	-18	-2	-6	-14	-1	1	-5	-5	-15	-11	-3	-2	-18	1	-19	-3	-17	-16	-9	-19	-19	-12	-6	-1	-4	-5	-20	-13	-17	-16	-5	-2	-1	-3	-6	1	-14	0	0	0	0	0	0	0	0	0	0	0	0	0	0	0	0	0	0	0	0	0	0	0	0	0	0	0	0	0	0	0	0	0	0	0	0	0	0	0	0
-3	-5	-19	-13	-4	-19	-5	-2	-7	-15	-9	-6	-5	-16	-2	-14	1	-17	-17	-18	-4	-20	-19	-1	-8	-7	-16	-5	-11	-7	-1	-16	-17	-9	-1	-17	0	-4	-3	-2	0	0	0	0	0	0	0	0	0	0	0	0	0	0	0	0	0	0	0	0	0	0	0	0	0	0	0	0	0	0	0	0	0	0	0	0	0	0	0	0
-18	-16	-19	-2	-8	-18	-1	-18	-15	-7	-6	-2	-19	-12	-8	-4	-6	-1	1	-12	-7	-20	-3	-9	-3	-13	-20	-9	-1	-12	0	-20	0	-20	-14	-1	-2	-15	-5	-19	0	0	0	0	0	0	0	0	0	0	0	0	0	0	0	0	0	0	0	0	0	0	0	0	0	0	0	0	0	0	0	0	0	0	0	0	0	0	0	0
-18	-4	-17	-19	-6	-13	-7	-18	-17	-15	-13	-13	-8	-18	-7	-13	-11	0	-11	-11	-14	-13	-10	-19	-16	-8	-18	-5	-1	-3	-6	-9	-14	-20	-17	-13	-6	-14	1	-20	0	0	0	0	0	0	0	0	0	0	0	0	0	0	0	0	0	0	0	0	0	0	0	0	0	0	0	0	0	0	0	0	0	0	0	0	0	0	0	0
-12	-14	-18	-16	-11	-8	-2	-6	-10	-11	-11	-5	1	-6	-5	-18	-17	-2	-13	-7	0	-7	-6	-3	-5	-12	-3	-9	-7	-8	-9	-18	-5	-17	-19	-7	-17	-19	-6	-7	0	0	0	0	0	0	0	0	0	0	0	0	0	0	0	0	0	0	0	0	0	0	0	0	0	0	0	0	0	0	0	0	0	0	0	0	0	0	0	0
-1	-14	-8	-2	-16	-20	-6	-2	-10	-18	-13	-9	-1	-4	-12	-6	-3	-14	-13	-5	-17	-4	-4	-15	-19	-13	-2	-3	-11	-12	-12	-9	-13	-18	-3	-7	-15	1	-18	-20	0	0	0	0	0	0	0	0	0	0	0	0	0	0	0	0	0	0	0	0	0	0	0	0	0	0	0	0	0	0	0	0	0	0	0	0	0	0	0	0
-15	-20	-12	-3	-18	-14	-9	-9	-4	-1	-8	-9	-20	1	-17	-3	-19	-6	-13	-1	-8	-12	-14	-2	-11	-10	-14	-15	-17	-6	-3	-10	-1	-13	-3	-6	-14	-8	-13	-6	0	0	0	0	0	0	0	0	0	0	0	0	0	0	0	0	0	0	0	0	0	0	0	0	0	0	0	0	0	0	0	0	0	0	0	0	0	0	0	0
-18	-19	-19	-2	-19	-4	-16	-20	-1	-9	-6	0	-12	-8	-1	-12	0	-3	-12	-6	-1	-2	-7	1	1	-18	-5	-18	-4	-3	0	-18	-9	-10	-9	-15	-4	-19	-2	-20	0	0	0	0	0	0	0	0	0	0	0	0	0	0	0	0	0	0	0	0	0	0	0	0	0	0	0	0	0	0	0	0	0	0	0	0	0	0	0	0
-16	1	-2	-6	-15	-20	-15	-19	-20	-16	-4	1	-7	-16	1	-10	-14	-13	-11	-12	-15	-18	-14	-14	-6	-10	-2	-17	-2	-6	-10	-5	1	-8	-16	1	-4	-19	-7	-12	0	0	0	0	0	0	0	0	0	0	0	0	0	0	0	0	0	0	0	0	0	0	0	0	0	0	0	0	0	0	0	0	0	0	0	0	0	0	0	0
-20	-18	-18	-7	-6	0	-15	-17	-7	-3	-14	-7	-8	-7	-13	-7	-9	-20	-9	-13	1	-6	-7	-20	-9	-11	-10	-11	-1	1	-14	1	-2	-3	-2	-10	-3	-19	-4	-17	0	0	0	0	0	0	0	0	0	0	0	0	0	0	0	0	0	0	0	0	0	0	0	0	0	0	0	0	0	0	0	0	0	0	0	0	0	0	0	0
-4	-17	-14	-2	-18	-16	-6	-20	-11	-7	-8	-8	-14	-4	-8	-8	-13	-13	-15	-14	-17	-14	-2	-19	-5	1	0	-11	-7	-8	-14	-4	-18	-8	-8	0	-18	-14	-1	-5	0	0	0	0	0	0	0	0	0	0	0	0	0	0	0	0	0	0	0	0	0	0	0	0	0	0	0	0	0	0	0	0	0	0	0	0	0	0	0	0
-3	-6	-2	-13	-10	-8	-8	-20	-12	-4	-18	-3	-13	-2	-20	-8	-20	-4	-8	-18	-3	-19	-14	-19	-8	-11	-11	-7	-1	-18	-8	-11	-14	-2	-19	-14	-14	-6	-4	-7	0	0	0	0	0	0	0	0	0	0	0	0	0	0	0	0	0	0	0	0	0	0	0	0	0	0	0	0	0	0	0	0	0	0	0	0	0	0	0	0
-7	-18	-4	-14	-9	-11	1	-14	-14	1	-9	-14	-13	-19	-13	0	-18	-17	-4	-6	-9	-12	-1	-7	-16	1	-11	-19	-7	1	-3	-15	-14	-2	1	-18	-3	-17	-19	-13	0	0	0	0	0	0	0	0	0	0	0	0	0	0	0	0	0	0	0	0	0	0	0	0	0	0	0	0	0	0	0	0	0	0	0	0	0	0	0	0
-18	-12	-15	-1	-13	-16	-16	-11	-6	-3	-3	-11	-3	-6	-14	-19	-13	1	-12	-7	1	-15	0	-18	1	-7	-10	-10	-13	-15	-17	-18	-19	-4	-1	-17	-1	-9	1	-18	0	0	0	0	0	0	0	0	0	0	0	0	0	0	0	0	0	0	0	0	0	0	0	0	0	0	0	0	0	0	0	0	0	0	0	0	0	0	0	0
0	-5	0	-8	-14	-7	-16	-20	-5	-11	0	-4	-3	-11	-10	-6	0	-19	-14	-13	-1	-8	-10	1	-14	-3	0	-17	-20	1	-10	-2	-7	-10	-15	-8	-14	-4	-4	-16	0	0	0	0	0	0	0	0	0	0	0	0	0	0	0	0	0	0	0	0	0	0	0	0	0	0	0	0	0	0	0	0	0	0	0	0	0	0	0	0
-10	-8	-18	-20	-10	-20	-11	-1	-7	-4	-3	-15	-1	-11	-2	-1	-17	-16	-16	1	-15	-10	-6	-19	-20	-19	-2	-14	-7	-7	-12	-15	-1	-1	-12	-11	-3	-18	-5	-20	0	0	0	0	0	0	0	0	0	0	0	0	0	0	0	0	0	0	0	0	0	0	0	0	0	0	0	0	0	0	0	0	0	0	0	0	0	0	0	0
-6	-20	-6	-12	-15	-11	-15	-15	-11	-13	-2	-5	-16	-7	-2	1	-18	0	-18	-9	-15	-13	-6	-3	-5	-8	1	-16	-9	-16	-15	-8	-19	-8	-5	-5	-2	-19	-6	-11	0	0	0	0	0	0	0	0	0	0	0	0	0	0	0	0	0	0	0	0	0	0	0	0	0	0	0	0	0	0	0	0	0	0	0	0	0	0	0	0
-9	-8	-20	-17	-5	-15	-12	-17	-2	-13	-19	-16	-14	-17	-17	-8	-6	-18	-13	-6	-11	-15	-2	-8	-20	-8	-13	-7	-5	-3	-2	-14	-17	-12	-16	-20	-5	-11	-6	-2	0	0	0	0	0	0	0	0	0	0	0	0	0	0	0	0	0	0	0	0	0	0	0	0	0	0	0	0	0	0	0	0	0	0	0	0	0	0	0	0
-15	0	-20	-2	-10	-18	-3	-5	-1	-9	-16	1	-19	-5	-2	-16	-13	1	-2	1	0	-16	0	-6	-17	-17	-18	-8	-19	1	-10	-19	-12	-19	-16	0	-18	-2	1	-17	0	0	0	0	0	0	0	0	0	0	0	0	0	0	0	0	0	0	0	0	0	0	0	0	0	0	0	0	0	0	0	0	0	0	0	0	0	0	0	0
-2	-7	0	-15	-17	1	-14	-2	-7	-7	-7	-18	-18	-14	-5	-2	-18	-12	-9	-20	-20	-11	-13	-7	-20	-7	-15	-4	-10	-20	-13	-10	-19	-7	-3	-18	-10	-4	-15	-18	0	0	0	0	0	0	0	0	0	0	0	0	0	0	0	0	0	0	0	0	0	0	0	0	0	0	0	0	0	0	0	0	0	0	0	0	0	0	0	0
-18	-8	-10	-1	-18	-10	-2	-9	-8	-6	-7	1	-6	-16	-5	-12	-2	-11	-7	1	-16	-2	-16	-3	-12	-3	-9	-14	-1	-18	1	-19	-15	0	-12	-1	-10	-2	-11	-6	0	0	0	0	0	0	0	0	0	0	0	0	0	0	0	0	0	0	0	0	0	0	0	0	0	0	0	0	0	0	0	0	0	0	0	0	0	0	0	0
-1	-2	-16	-9	-20	-20	0	-14	-1	-11	-19	0	-6	-11	1	0	-2	-18	-13	-11	-3	-1	-15	-17	-17	1	-2	-10	-15	0	1	-8	-11	-12	-5	-17	-6	-15	-4	-2	0	0	0	0	0	0	0	0	0	0	0	0	0	0	0	0	0	0	0	0	0	0	0	0	0	0	0	0	0	0	0	0	0	0	0	0	0	0	0	0
-7	-5	-9	-18	-19	-18	-4	-16	-14	-11	-14	-6	-3	-8	-1	-15	-12	-1	-15	-11	-16	-2	-20	-14	-10	-1	1	-11	-5	-3	-8	1	1	-7	-1	-7	-14	-1	-15	-11	0	0	0	0	0	0	0	0	0	0	0	0	0	0	0	0	0	0	0	0	0	0	0	0	0	0	0	0	0	0	0	0	0	0	0	0	0	0	0	0
-8	-12	-12	-19	0	-15	-13	-13	-9	-14	-9	-1	-16	-11	-18	0	-7	-16	1	-13	-7	1	1	-19	-4	-8	-6	-9	-12	-16	-15	-7	-3	-17	-2	-11	-2	-14	-16	-3	0	0	0	0	0	0	0	0	0	0	0	0	0	0	0	0	0	0	0	0	0	0	0	0	0	0	0	0	0	0	0	0	0	0	0	0	0	0	0	0
-2	-2	1	-2	1	-16	1	-17	-11	-14	-1	-11	-17	-12	-4	-7	-3	-11	-2	-4	-5	-6	-16	-17	0	-7	-1	-12	-2	-14	-6	-14	-8	-8	-7	-11	1	-18	-9	-10	0	0	0	0	0	0	0	0	0	0	0	0	0	0	0	0	0	0	0	0	0	0	0	0	0	0	0	0	0	0	0	0	0	0	0	0	0	0	0	0
0	0	0	0	0	0	0	0	0	0	0	0	0	0	0	0	0	0	0	0	0	0	0	0	0	0	0	0	0	0	0	0	0	0	0	0	0	0	0	0	-1	-1	-1	-1	-1	-1	-1	-1	-1	-1	-1	-1	-1	-1	-1	-1	-1	-1	-1	-1	-1	-1	-1	-1	-1	-1	-1	-1	-1	-1	-1	-1	-1	-1	-1	-1	-1	-1	-1	-1
-62	-53	-50	-86	-82	-64	-65	-92	-84	-66	-85	-99	-61	-86	-96	-64	-71	-67	-51	-96	-53	-58	-70	-85	-66	-57	-84	-52	-98	-98	-86	-98	-81	-66	-79	-80	-52	-55	-50	-67	-53	-60	-54	-66	-64	-71	-77	-60	-90	-92	-61	-72	-55	-99	-91	-93	-98	-81	-68	-99	-67	-89	-71	-89	-65	-94	-76	-57	-53	-75	-67	-94	-81	-69	-61	-99	-95	-79	-65	-13.333333333333334
