46	245	204	
47	242	193	
47	236	205	
47	222	220	
47	220	230	
48	217	220	
48	215	230	
48	205	248	
48	203	258	
50	199	198	
46	263	202	
50	197	208	
50	190	221	
47	254	188	
50	188	231	
51	179	229	
48	247	183	
48	267	170	
51	177	239	
53	176	197	
53	174	207	
53	173	223	
53	171	233	
54	166	205	
50	251	167	
54	159	213	
50	277	155	
54	157	223	
56	156	199	
56	154	223	
56	153	234	
57	146	189	
51	252	154	
52	255	150	
53	258	146	
57	144	199	
59	142	200	
53	283	145	
54	293	140	
59	140	210	
60	133	190	
56	264	136	
57	274	131	
60	131	200	
63	130	206	
63	129	213	
63	128	216	
59	258	128	
64	120	203	
61	253	123	
48	209	246	
49	209	206	
47	226	219	
49	207	231	
62	263	118	
48	223	208	
66	118	209	
66	116	219	
48	241	193	
48	236	200	
68	115	211	
48	221	218	
48	228	206	
64	247	115	
69	114	194	
49	222	182	
48	235	203	
48	266	177	
70	109	199	
49	244	172	
66	266	111	
49	218	204	
70	105	222	
50	219	171	
50	276	162	
50	274	166	
68	250	108	
51	182	226	
51	195	214	
50	203	197	
71	256	105	
52	184	192	
50	216	189	
73	104	221	
51	186	224	
52	177	238	
51	203	177	
53	177	192	
73	103	230	
51	227	167	
74	102	200	
52	179	228	
52	182	202	
72	275	100	
53	179	182	
51	198	196	
51	251	161	
74	101	264	
52	202	166	
51	197	204	
52	232	158	
75	100	247	
55	242	143	
51	200	186	
76	99	200	
55	264	142	
54	233	145	
56	239	141	
76	97	216	
53	227	157	
53	236	151	
74	259	97	
76	93	267	
52	195	182	
52	231	165	
53	211	164	
53	218	163	
52	194	190	
77	265	94	
53	183	181	
54	193	162	
53	197	171	
53	235	154	
56	217	142	
54	210	153	
53	234	156	
79	91	215	
54	173	199	
57	248	137	
53	196	177	
55	172	187	
58	247	133	
56	158	189	
55	168	194	
83	247	93	
55	174	177	
54	232	152	
83	88	215	
54	186	179	
55	219	151	
59	222	132	
83	283	92	
55	224	149	
55	166	204	
55	189	167	
56	208	148	
84	284	91	
58	239	139	
54	209	160	
55	204	160	
55	186	171	
85	267	89	
55	209	159	
58	241	137	
56	194	150	
84	87	226	
58	216	141	
56	176	161	
59	199	140	
56	183	160	
88	84	226	
56	166	183	
60	231	130	
86	268	88	
56	170	182	
60	253	129	
57	164	178	
61	228	128	
57	215	145	
88	273	86	
61	206	129	
58	192	145	
56	174	171	
57	163	187	
57	166	177	
57	191	153	
58	168	169	
58	161	178	
91	81	257	
62	240	126	
58	214	144	
58	153	186	
58	186	158	
89	274	85	
63	237	120	
59	221	139	
60	208	138	
58	189	156	
59	160	171	
61	183	137	
59	158	181	
59	163	162	
58	172	168	
59	182	149	
94	274	84	
61	197	135	
64	237	119	
60	148	171	
63	228	126	
59	181	151	
94	297	83	
59	180	157	
94	79	205	
59	178	160	
59	145	190	
60	176	157	
60	166	160	
95	275	82	
59	170	161	
64	224	123	
60	187	144	
59	190	148	
61	165	148	
63	214	128	
67	240	113	
60	175	158	
64	212	126	
60	146	181	
61	159	165	
96	296	79	
98	76	205	
66	212	122	
61	144	186	
65	246	117	
67	253	112	
66	221	116	
61	172	147	
62	135	176	
62	153	165	
63	181	132	
65	212	123	
62	159	163	
61	147	176	
61	163	158	
61	177	145	
62	162	161	
63	203	131	
65	202	127	
63	150	161	
64	131	187	
65	193	129	
63	157	155	
64	129	197	
62	152	169	
65	176	131	
70	225	111	
62	164	155	
68	234	115	
63	178	142	
62	147	173	
65	208	126	
98	293	76	
99	75	216	
63	174	145	
62	146	174	
66	122	186	
69	227	113	
73	249	102	
66	198	124	
67	217	121	
63	136	175	
65	138	161	
64	145	171	
63	146	173	
64	159	154	
70	240	110	
64	141	174	
68	196	119	
62	133	186	
65	169	145	
65	159	148	
65	175	144	
67	207	122	
64	151	160	
103	72	216	
71	236	108	
66	170	144	
64	144	172	
66	174	141	
72	246	106	
65	150	158	
68	217	117	
63	134	185	
67	164	137	
67	188	128	
70	217	114	
65	155	155	
65	133	175	
66	187	129	
65	131	185	
66	153	154	
69	215	116	
67	149	153	
68	195	124	
66	131	171	
67	119	202	
70	191	118	
69	184	126	
73	243	107	
67	153	150	
72	220	110	
66	120	196	
67	160	143	
68	118	200	
66	152	157	
66	143	160	
69	116	182	
71	202	116	
66	129	181	
72	215	113	
108	267	75	
65	136	171	
74	232	107	
74	236	105	
67	142	154	
73	229	108	
67	177	130	
66	146	158	
69	192	124	
67	171	136	
71	210	115	
67	158	148	
68	182	128	
67	125	184	
75	239	103	
68	145	147	
69	172	129	
67	159	146	
72	209	114	
76	234	100	
66	137	167	
68	124	172	
68	120	195	
110	285	74	
69	118	172	
70	188	122	
74	209	109	
73	211	111	
67	135	161	
68	156	142	
106	71	242	
68	152	146	
77	96	199	
70	167	134	
75	224	105	
69	158	138	
71	176	124	
73	197	115	
72	107	208	
68	134	165	
77	94	253	
76	255	99	
68	140	153	
72	192	117	
74	204	113	
68	129	170	
111	282	73	
72	171	131	
68	122	182	
69	151	145	
75	223	108	
71	163	136	
108	69	242	
69	129	166	
71	187	123	
72	170	132	
78	229	99	
78	255	95	
72	201	116	
76	204	108	
74	179	121	
72	184	122	
70	144	142	
73	156	132	
69	136	158	
73	105	185	
72	164	135	
70	154	137	
77	219	104	
76	222	106	
74	187	116	
75	206	110	
75	201	114	
72	166	134	
78	253	98	
72	174	127	
73	164	131	
77	215	106	
85	257	91	
73	171	123	
70	132	158	
77	232	101	
69	144	152	
79	240	97	
72	149	136	
113	273	71	
76	193	113	
75	159	129	
69	139	157	
69	127	170	
74	172	122	
70	140	151	
72	113	176	
71	131	152	
78	95	238	
75	184	120	
71	114	193	
74	104	190	
74	196	115	
77	199	109	
70	129	165	
71	153	137	
71	120	158	
72	111	185	
78	225	103	
77	179	119	
71	138	147	
75	169	124	
81	235	96	
72	142	137	
78	205	107	
76	180	120	
77	181	118	
80	218	101	
75	167	126	
77	187	115	
79	210	105	
79	220	103	
75	151	131	
78	187	111	
79	208	106	
112	67	259	
77	183	117	
76	167	121	
77	189	114	
77	164	123	
80	214	103	
80	230	98	
71	141	146	
79	179	113	
74	147	135	
71	116	180	
78	164	119	
82	225	97	
71	137	150	
79	194	108	
74	154	134	
78	178	117	
77	162	125	
84	246	95	
116	288	70	
81	212	104	
72	131	151	
80	200	106	
85	242	95	
81	205	105	
73	136	142	
72	135	150	
77	161	127	
82	223	100	
82	206	103	
73	128	156	
77	151	129	
81	215	102	
80	162	114	
86	242	90	
78	158	127	
83	212	99	
86	236	95	
81	184	108	
73	116	169	
74	111	183	
71	118	168	
73	129	155	
74	132	144	
73	134	150	
74	137	136	
81	195	107	
79	149	124	
82	200	105	
76	140	134	
84	233	96	
73	130	154	
80	185	112	
86	261	89	
75	107	171	
87	232	94	
120	279	68	
74	125	151	
83	210	102	
84	201	102	
85	222	96	
76	149	133	
85	207	98	
83	190	106	
114	66	225	
81	174	112	
74	115	162	
87	217	95	
79	162	123	
77	98	183	
77	147	132	
89	248	87	
75	131	141	
88	217	93	
84	210	101	
84	190	105	
77	143	133	
74	114	173	
87	243	89	
76	103	179	
78	146	130	
81	144	123	
82	180	111	
75	129	149	
85	192	103	
75	118	155	
86	218	96	
81	157	122	
88	236	92	
90	249	86	
82	183	109	
78	149	129	
85	205	101	
76	129	148	
84	177	110	
85	180	106	
77	119	147	
81	160	121	
116	63	221	
83	168	111	
76	113	169	
78	145	132	
87	190	101	
87	208	97	
89	237	91	
76	132	140	
95	272	84	
82	157	113	
87	187	102	
86	206	100	
80	144	128	
77	127	144	
79	138	132	
89	218	92	
80	140	131	
88	204	100	
96	250	83	
77	134	139	
76	106	176	
78	105	165	
81	95	183	
78	135	133	
82	152	122	
86	184	105	
89	193	100	
89	203	96	
90	238	88	
88	213	95	
90	231	91	
86	168	109	
97	271	80	
75	117	161	
85	163	110	
82	155	121	
81	93	199	
78	127	139	
127	287	67	
76	116	159	
81	143	127	
86	171	108	
79	129	138	
91	223	90	
78	112	162	
83	142	119	
89	201	99	
81	141	130	
79	122	143	
80	130	137	
79	117	151	
78	115	159	
91	213	91	
87	173	106	
90	187	98	
89	165	104	
82	141	127	
87	182	105	
92	82	243	
80	133	136	
89	215	94	
92	224	89	
91	239	87	
90	205	94	
79	114	158	
81	139	131	
84	158	112	
83	132	129	
80	96	191	
84	150	117	
83	91	210	
81	126	135	
78	118	151	
80	112	157	
89	181	102	
84	160	111	
80	114	156	
91	192	97	
79	100	169	
90	212	92	
82	132	134	
79	110	163	
95	239	86	
94	219	88	
132	271	66	
83	140	126	
82	116	148	
99	256	82	
99	268	77	
86	145	116	
85	92	192	
81	125	141	
83	139	128	
80	111	162	
92	201	94	
87	166	108	
82	110	154	
98	247	85	
88	166	107	
97	238	87	
91	186	99	
81	110	161	
81	117	144	
85	137	118	
86	153	111	
92	209	93	
84	90	211	
98	225	86	
83	120	140	
81	109	163	
93	81	252	
93	187	96	
90	179	103	
91	185	100	
84	131	133	
84	140	122	
93	214	90	
88	87	207	
85	90	201	
99	246	83	
82	125	136	
83	115	148	
92	171	101	
99	245	84	
82	94	184	
93	83	218	
88	156	109	
85	124	132	
83	104	161	
93	202	93	
100	220	85	
91	160	103	
85	135	126	
92	167	102	
86	89	212	
93	211	91	
93	193	95	
93	218	89	
86	155	110	
85	113	148	
100	266	81	
94	201	92	
82	98	177	
89	86	222	
92	180	97	
88	159	108	
134	258	65	
101	243	80	
86	138	117	
84	93	191	
87	150	115	
84	109	157	
86	131	129	
87	88	210	
121	59	232	
87	125	124	
93	200	94	
100	244	84	
85	123	138	
82	102	165	
89	161	107	
100	255	82	
101	230	83	
88	152	114	
94	208	90	
94	198	94	
84	108	159	
90	86	212	
91	85	206	
86	112	153	
85	116	142	
95	209	89	
86	122	136	
89	145	114	
88	146	115	
87	110	150	
95	186	94	
88	91	194	
89	147	113	
93	178	98	
82	97	179	
95	195	93	
87	104	160	
99	224	86	
97	194	91	
87	115	146	
85	108	158	
90	89	193	
88	121	136	
86	109	156	
83	97	169	
99	223	87	
88	118	141	
88	104	154	
97	217	88	
92	84	189	
100	215	87	
94	166	100	
87	109	155	
90	151	108	
88	111	142	
90	118	134	
87	133	121	
84	96	170	
89	90	196	
99	205	88	
102	263	78	
88	93	175	
89	123	128	
90	154	107	
89	157	108	
91	87	203	
94	175	96	
135	259	63	
87	140	116	
87	103	161	
89	106	146	
91	145	108	
84	99	165	
89	121	131	
89	135	115	
91	116	138	
86	92	191	
86	95	177	
96	193	93	
91	91	183	
103	238	79	
99	204	90	
101	241	82	
93	163	101	
92	157	105	
88	101	162	
100	200	88	
87	94	178	
97	181	93	
103	220	83	
101	219	86	
95	171	99	
96	176	95	
88	133	116	
102	214	87	
90	136	114	
102	218	86	
89	128	120	
93	161	102	
92	115	139	
104	208	87	
89	103	155	
104	210	86	
100	189	92	
104	228	82	
101	190	89	
89	100	161	
91	143	113	
96	164	98	
93	153	106	
108	244	78	
93	110	138	
92	117	135	
105	218	85	
90	120	133	
91	101	160	
94	83	186	
94	152	104	
91	152	107	
88	98	165	
107	267	77	
92	144	112	
94	113	135	
92	101	154	
108	266	76	
106	201	85	
93	121	125	
97	174	97	
92	131	113	
92	108	142	
93	118	132	
93	103	146	
92	119	133	
109	264	77	
90	95	161	
105	203	86	
92	91	172	
92	87	187	
105	229	81	
93	140	107	
101	185	92	
95	156	101	
98	164	97	
91	123	121	
110	243	77	
89	97	166	
95	158	100	
93	120	131	
107	217	83	
94	150	106	
94	115	134	
98	171	94	
94	86	175	
91	131	118	
102	175	91	
94	93	158	
96	120	123	
95	115	131	
105	226	82	
103	194	88	
107	216	84	
111	276	74	
106	193	87	
109	219	79	
108	213	84	
110	247	76	
97	116	129	
107	222	81	
100	175	93	
97	151	103	
93	126	117	
95	143	105	
104	170	90	
94	139	111	
94	105	142	
93	93	169	
97	159	99	
95	98	155	
99	169	94	
93	101	152	
109	205	84	
97	110	135	
96	108	138	
95	135	112	
109	214	83	
98	111	134	
97	155	102	
97	138	104	
98	116	124	
100	165	96	
104	190	88	
98	162	98	
112	269	74	
98	154	101	
105	189	88	
110	257	75	
110	239	78	
94	102	147	
99	112	131	
96	135	111	
95	122	119	
107	199	86	
138	274	62	
106	188	89	
110	209	82	
99	146	102	
96	98	149	
99	154	98	
107	184	89	
112	281	73	
101	164	93	
97	130	111	
108	191	86	
101	160	97	
98	148	103	
98	106	139	
100	167	95	
96	90	168	
99	153	99	
99	115	127	
96	81	189	
98	104	142	
111	232	76	
97	129	116	
98	130	110	
113	256	74	
99	109	135	
109	196	85	
108	176	88	
111	194	82	
100	149	100	
95	96	157	
99	114	129	
103	165	92	
112	202	81	
94	89	173	
101	162	96	
99	124	116	
98	129	113	
97	121	121	
99	102	142	
110	171	87	
99	135	107	
101	111	132	
98	92	156	
100	106	135	
98	125	118	
100	97	146	
101	109	134	
114	243	75	
99	106	138	
100	105	139	
97	92	161	
100	113	128	
102	158	97	
117	243	73	
99	126	114	
96	85	172	
98	95	154	
102	160	95	
99	119	119	
102	107	133	
114	222	77	
100	142	103	
104	112	124	
102	104	141	
112	214	80	
104	108	131	
100	118	120	
103	151	96	
110	189	86	
102	114	121	
101	123	117	
103	108	132	
97	91	166	
99	96	152	
101	148	98	
111	192	84	
101	97	145	
102	131	106	
103	101	135	
98	80	186	
104	163	94	
105	105	129	
148	273	60	
113	175	86	
101	147	101	
102	127	110	
102	137	102	
99	85	171	
102	121	116	
100	129	110	
101	101	143	
115	248	74	
130	58	230	
98	91	164	
113	189	81	
105	160	91	
102	125	115	
99	88	169	
105	146	95	
103	153	95	
117	254	72	
99	90	166	
115	211	79	
97	83	185	
109	174	89	
103	122	113	
105	143	98	
106	111	125	
101	91	162	
102	100	144	
98	83	175	
102	126	113	
101	84	168	
99	78	201	
113	185	85	
104	119	112	
101	90	164	
100	95	149	
104	105	133	
118	236	75	
99	94	154	
105	159	94	
116	209	80	
103	99	142	
116	218	78	
102	89	156	
117	275	70	
108	110	126	
107	168	90	
102	117	120	
106	156	94	
104	117	117	
103	133	104	
104	130	108	
117	207	80	
115	229	76	
103	93	149	
107	138	97	
100	78	191	
102	91	155	
106	125	108	
108	109	127	
107	154	93	
117	263	71	
104	116	120	
115	178	84	
104	93	141	
100	87	170	
109	161	90	
111	167	89	
118	206	80	
104	126	110	
120	206	78	
106	113	119	
102	88	164	
102	92	154	
107	103	131	
120	190	80	
116	210	79	
104	100	139	
117	226	76	
119	228	73	
118	218	76	
109	108	123	
99	82	182	
120	194	79	
109	112	117	
106	129	107	
107	134	101	
111	153	92	
103	86	160	
111	169	88	
107	122	110	
108	114	116	
115	180	83	
106	118	114	
107	98	138	
109	106	126	
109	126	103	
109	152	94	
104	74	212	
101	77	202	
112	165	89	
109	70	214	
108	124	106	
121	254	69	
121	215	77	
132	57	227	
103	92	150	
118	253	72	
100	81	182	
108	102	131	
115	164	88	
107	128	107	
108	100	136	
120	253	71	
100	82	172	
113	159	91	
109	111	121	
121	245	72	
117	173	83	
105	91	153	
111	149	93	
114	161	89	
117	170	86	
103	77	201	
121	220	75	
119	153	91	
122	212	77	
110	104	123	
105	74	202	
117	186	82	
109	117	109	
106	76	198	
111	99	129	
118	160	88	
119	165	85	
110	109	115	
108	99	137	
107	89	149	
104	78	182	
114	145	93	
108	120	110	
109	95	135	
108	97	139	
109	137	100	
121	158	89	
103	80	180	
107	88	155	
123	211	77	
122	213	76	
111	132	99	
123	205	78	
116	144	96	
104	85	164	
113	67	235	
125	204	77	
107	77	197	
119	181	81	
124	190	78	
116	161	88	
117	141	95	
120	147	92	
109	76	183	
107	92	147	
123	224	72	
123	149	90	
105	81	174	
110	112	112	
111	120	107	
122	250	71	
111	108	121	
121	224	74	
102	83	168	
107	86	158	
115	127	102	
111	101	128	
122	218	75	
106	84	167	
119	164	87	
125	208	76	
108	73	212	
123	249	70	
108	91	145	
113	136	98	
112	107	118	
121	152	91	
107	83	160	
113	102	126	
125	216	74	
123	159	87	
125	237	70	
124	152	87	
122	186	80	
108	85	155	
124	221	74	
114	125	105	
121	179	82	
115	130	101	
113	98	133	
105	80	178	
120	140	94	
110	69	241	
117	143	94	
108	88	154	
119	172	84	
123	187	79	
130	253	67	
107	75	198	
126	203	76	
125	215	75	
113	69	231	
106	80	168	
113	115	106	
156	252	59	
113	106	120	
123	169	84	
110	73	211	
121	137	93	
110	87	141	
127	212	75	
119	130	97	
115	120	105	
109	94	137	
127	193	77	
123	163	85	
119	128	98	
106	78	175	
122	176	82	
134	55	250	
111	72	200	
115	123	104	
112	112	110	
115	131	100	
114	94	131	
114	102	120	
119	142	94	
117	125	100	
120	143	93	
127	184	79	
112	115	108	
123	140	92	
125	162	86	
109	74	195	
115	101	126	
128	209	75	
124	171	81	
125	141	91	
113	92	135	
124	168	84	
115	100	128	
126	159	85	
127	219	72	
107	82	164	
128	180	80	
116	126	102	
125	166	83	
121	136	96	
128	213	74	
113	110	114	
114	107	112	
117	99	127	
127	201	76	
129	197	75	
117	124	103	
115	96	129	
114	73	184	
126	186	79	
125	148	89	
115	106	118	
111	86	147	
122	134	96	
112	82	155	
117	115	104	
129	227	70	
120	96	122	
126	163	83	
114	68	205	
118	100	126	
129	195	76	
120	123	103	
129	208	74	
128	187	77	
127	158	85	
127	146	90	
123	131	95	
127	251	69	
121	120	100	
108	80	161	
118	105	118	
130	204	73	
111	78	169	
129	169	80	
110	76	182	
130	178	79	
119	95	127	
128	154	86	
112	71	198	
115	86	137	
129	149	88	
113	84	151	
125	168	82	
111	76	181	
116	119	105	
115	112	109	
116	106	112	
129	239	69	
113	77	180	
120	103	112	
127	161	82	
129	186	77	
131	138	90	
125	134	93	
121	123	97	
128	147	89	
131	181	78	
119	110	106	
114	77	179	
118	114	104	
119	105	114	
132	144	89	
125	138	92	
115	77	173	
129	153	84	
130	193	76	
117	89	132	
127	159	84	
132	148	87	
132	147	88	
117	92	130	
129	164	81	
120	100	120	
130	224	71	
131	199	72	
130	134	91	
127	126	95	
160	254	58	
133	188	76	
123	115	99	
114	84	141	
131	176	79	
117	76	170	
112	78	168	
132	152	85	
123	100	117	
127	130	94	
115	90	135	
130	252	68	
122	107	111	
133	141	88	
135	192	74	
131	231	68	
115	79	166	
131	205	71	
133	176	77	
116	75	183	
113	81	157	
133	149	83	
115	83	147	
130	160	83	
132	174	79	
117	74	177	
115	72	191	
123	105	109	
131	157	81	
122	90	128	
133	143	87	
132	128	93	
116	79	165	
122	99	120	
133	165	79	
133	262	66	
134	186	76	
133	198	74	
117	79	159	
132	225	70	
121	76	152	
119	78	156	
133	147	86	
122	92	126	
136	179	75	
135	136	87	
125	99	116	
123	111	103	
126	96	120	
134	133	91	
134	174	78	
133	224	70	
134	137	90	
129	122	96	
125	95	124	
118	77	169	
116	70	191	
125	103	105	
135	213	69	
134	243	67	
137	143	85	
137	128	89	
126	102	115	
120	89	131	
119	74	166	
135	172	78	
116	67	202	
133	120	96	
135	148	85	
121	79	150	
118	69	188	
135	163	80	
134	255	66	
119	87	135	
135	133	90	
135	196	72	
127	93	122	
136	126	94	
129	102	113	
126	98	119	
130	122	95	
127	100	115	
139	151	82	
137	188	74	
136	170	78	
120	72	173	
137	167	77	
126	113	102	
124	82	144	
136	160	80	
119	77	164	
123	83	139	
118	70	187	
129	98	117	
134	115	97	
139	194	73	
131	96	113	
140	148	83	
120	87	133	
138	175	76	
137	124	93	
139	142	86	
119	85	137	
139	162	76	
129	114	101	
136	251	66	
141	143	84	
134	102	111	
140	192	72	
129	93	121	
135	238	67	
139	185	74	
128	109	104	
140	156	79	
140	141	86	
123	91	126	
161	280	57	
126	79	146	
129	112	102	
135	228	68	
128	92	122	
142	150	81	
124	88	131	
139	210	69	
132	110	101	
139	127	91	
126	89	130	
140	54	242	
141	187	71	
128	82	131	
133	95	117	
142	140	85	
139	202	71	
143	131	88	
134	114	100	
138	239	66	
136	99	109	
140	122	94	
140	181	74	
139	116	95	
144	135	85	
140	126	92	
133	83	127	
139	215	68	
139	230	66	
144	143	83	
141	150	82	
141	177	75	
125	90	127	
138	118	96	
121	69	182	
140	209	70	
131	91	125	
118	65	207	
136	107	99	
140	200	71	
131	104	104	
137	94	120	
135	108	102	
141	193	70	
143	149	81	
141	122	91	
133	90	125	
142	171	75	
143	154	80	
138	248	65	
134	87	123	
142	121	91	
145	144	80	
122	75	162	
126	80	145	
146	140	84	
138	91	118	
143	179	73	
146	129	87	
121	67	196	
145	151	78	
141	111	98	
143	117	93	
129	81	141	
147	127	90	
123	71	168	
141	100	108	
147	173	74	
140	229	66	
142	94	115	
148	126	89	
137	97	112	
141	219	67	
143	114	95	
150	142	83	
139	90	117	
125	78	150	
145	189	69	
147	133	86	
147	139	84	
125	75	160	
142	100	107	
128	72	164	
140	106	102	
150	125	89	
151	133	82	
130	80	138	
143	164	75	
138	97	111	
149	153	77	
143	183	72	
145	111	97	
139	240	64	
138	90	121	
121	68	195	
126	77	148	
151	128	87	
153	119	89	
143	99	104	
143	212	68	
129	73	155	
122	68	192	
141	105	102	
143	95	110	
152	116	91	
150	130	86	
131	75	141	
149	166	73	
123	70	181	
154	127	87	
151	116	93	
142	93	116	
146	112	96	
124	70	178	
122	65	198	
139	89	122	
145	110	98	
145	208	68	
147	103	103	
149	178	70	
123	68	190	
154	150	78	
143	91	114	
149	97	109	
148	103	100	
155	124	88	
155	111	91	
153	159	76	
155	139	81	
155	131	83	
145	215	66	
143	86	121	
143	227	66	
155	148	77	
143	238	65	
152	109	96	
151	113	95	
135	81	134	
145	183	70	
139	85	125	
124	67	184	
121	64	217	
146	93	113	
151	110	96	
125	70	176	
158	129	84	
151	96	105	
169	266	56	
142	86	122	
147	204	68	
144	231	65	
145	83	116	
145	53	277	
151	163	75	
159	118	87	
154	103	98	
126	69	180	
158	128	86	
157	146	79	
156	130	83	
155	158	76	
154	101	103	
149	92	112	
149	210	66	
130	69	171	
154	159	75	
153	168	72	
158	142	80	
125	64	213	
136	76	137	
157	123	88	
159	153	72	
159	126	86	
136	78	135	
129	66	179	
150	197	68	
151	89	111	
159	108	97	
155	165	74	
161	141	78	
158	102	101	
151	152	77	
139	249	63	
129	69	177	
131	71	163	
127	66	194	
159	128	84	
158	118	89	
139	261	62	
157	158	73	
131	68	165	
158	110	93	
162	137	81	
146	227	65	
140	76	133	
154	95	108	
132	74	151	
132	71	157	
150	209	67	
127	64	205	
159	146	78	
161	106	93	
151	94	110	
144	84	126	
144	85	124	
160	124	86	
162	100	99	
165	127	85	
151	206	67	
143	81	129	
159	101	101	
163	136	80	
123	61	218	
160	117	90	
141	79	131	
148	89	115	
144	234	64	
153	177	71	
159	92	108	
166	126	83	
149	225	65	
161	116	90	
156	87	110	
159	151	76	
163	98	103	
154	190	67	
155	174	70	
157	97	104	
160	102	100	
128	62	200	
153	196	68	
167	123	85	
166	131	80	
153	212	65	
145	79	127	
162	93	105	
165	116	88	
153	180	69	
137	72	153	
165	105	97	
154	184	68	
166	113	90	
165	142	74	
145	235	62	
135	74	149	
163	140	79	
168	119	86	
127	65	197	
166	99	99	
148	231	64	
156	170	71	
130	64	186	
164	139	79	
168	102	95	
155	167	72	
139	72	151	
151	84	115	
167	130	80	
146	82	126	
138	74	144	
151	208	66	
169	118	84	
166	114	89	
165	137	79	
133	70	163	
149	229	64	
162	151	73	
169	96	102	
164	97	103	
173	109	92	
167	92	104	
168	101	96	
169	125	80	
155	204	65	
149	82	124	
155	88	113	
152	228	64	
144	73	147	
167	133	78	
153	226	64	
149	237	61	
136	69	161	
134	67	175	
157	169	71	
170	112	90	
174	96	100	
161	91	109	
169	117	85	
148	81	126	
171	113	86	
174	107	91	
154	216	64	
159	164	70	
141	67	154	
157	202	66	
166	92	107	
172	111	90	
158	81	122	
154	81	125	
168	140	75	
159	176	69	
146	78	130	
169	105	94	
168	89	105	
173	123	83	
179	98	98	
174	95	103	
172	112	89	
162	89	109	
143	75	140	
159	195	66	
155	215	63	
149	73	132	
172	289	55	
146	70	148	
155	81	124	
139	65	168	
175	110	90	
147	71	146	
151	79	126	
179	102	92	
151	52	269	
171	135	77	
158	181	68	
143	70	152	
179	106	89	
179	93	99	
166	85	114	
175	91	102	
181	97	97	
160	82	121	
178	120	82	
157	80	124	
133	63	181	
178	108	90	
173	127	79	
138	64	177	
160	174	69	
175	123	80	
166	163	71	
159	182	67	
184	109	87	
168	83	111	
154	76	126	
161	82	120	
169	155	71	
146	68	150	
131	61	195	
126	60	228	
169	168	67	
163	166	69	
186	98	94	
181	101	95	
175	115	85	
163	79	115	
174	83	109	
158	213	64	
130	59	217	
163	184	66	
159	201	65	
176	132	76	
179	105	90	
180	96	98	
149	71	140	
171	148	73	
159	212	63	
150	266	60	
185	115	82	
181	118	83	
179	88	105	
174	90	104	
163	209	63	
179	130	77	
161	196	65	
169	157	69	
185	111	85	
156	225	62	
169	85	110	
175	150	72	
181	104	91	
182	122	81	
163	75	124	
164	206	64	
180	147	71	
187	99	93	
181	86	104	
179	138	75	
190	108	88	
183	127	76	
189	95	98	
186	96	96	
183	145	70	
183	126	77	
189	120	81	
191	103	91	
187	92	99	
165	190	64	
185	114	83	
197	102	88	
155	75	129	
195	104	89	
177	149	71	
185	88	103	
183	138	74	
186	125	77	
192	110	84	
167	78	123	
180	134	75	
128	59	231	
194	101	92	
180	89	104	
144	66	164	
186	122	80	
197	106	86	
186	143	71	
191	94	95	
150	68	146	
188	112	84	
150	72	138	
186	124	78	
191	89	100	
174	82	113	
131	60	208	
192	118	81	
170	76	121	
169	183	66	
191	120	78	
201	99	92	
133	62	194	
159	217	62	
170	178	66	
198	101	91	
172	155	70	
190	123	78	
187	142	71	
156	70	144	
136	62	191	
192	91	98	
186	85	104	
171	166	68	
158	72	130	
199	97	94	
154	72	136	
201	96	93	
174	186	65	
142	64	173	
187	141	72	
148	66	160	
163	228	61	
188	113	83	
175	81	114	
189	132	72	
200	117	81	
177	78	120	
202	98	89	
201	108	85	
181	151	70	
186	79	110	
168	208	63	
194	118	79	
174	164	68	
204	90	97	
187	140	73	
161	70	142	
140	62	187	
158	249	59	
169	192	63	
159	71	136	
203	111	81	
191	81	106	
209	105	85	
156	65	167	
185	80	113	
180	75	119	
165	73	127	
146	63	177	
173	170	66	
196	87	102	
175	170	65	
178	163	67	
157	65	164	
165	237	60	
156	63	171	
138	60	204	
192	130	73	
163	214	62	
206	93	95	
169	68	141	
181	76	116	
204	109	84	
205	95	92	
184	158	68	
210	102	87	
207	117	80	
158	65	157	
197	89	98	
185	153	69	
207	107	85	
141	62	181	
183	264	54	
203	88	100	
159	67	150	
201	123	75	
170	69	138	
175	165	66	
161	64	165	
206	109	82	
160	51	261	
143	61	192	
167	223	60	
134	59	213	
172	210	61	
216	116	78	
208	107	82	
209	90	95	
208	94	93	
199	82	103	
131	58	226	
150	63	173	
175	72	125	
139	60	195	
174	71	135	
212	103	86	
214	100	88	
176	180	64	
216	97	91	
163	66	153	
217	113	80	
209	85	99	
209	117	77	
144	61	191	
195	83	105	
204	121	76	
176	71	131	
205	85	102	
193	147	67	
141	57	200	
173	208	62	
206	119	76	
213	92	94	
148	61	187	
136	58	220	
187	78	115	
174	69	137	
185	156	67	
222	94	91	
205	88	98	
167	66	149	
211	105	83	
184	71	123	
155	62	180	
174	193	62	
218	97	90	
197	84	104	
205	138	70	
220	101	87	
166	232	60	
218	104	84	
178	69	133	
192	78	112	
158	62	176	
173	67	145	
212	129	74	
228	100	85	
188	154	68	
226	112	79	
165	64	163	
221	93	92	
223	99	88	
215	94	92	
210	87	97	
199	144	69	
161	62	168	
149	61	186	
224	103	85	
213	128	74	
223	96	89	
227	109	81	
189	77	115	
188	71	122	
198	79	109	
138	58	218	
150	61	184	
170	64	157	
168	65	153	
175	191	63	
150	58	192	
242	97	88	
223	91	94	
183	68	128	
215	126	74	
224	91	93	
214	86	96	
167	242	59	
197	82	105	
177	190	63	
189	74	117	
139	55	214	
230	111	80	
193	77	113	
208	82	102	
229	99	86	
156	61	181	
233	92	90	
166	63	164	
189	158	66	
204	77	107	
208	136	71	
180	186	63	
181	68	140	
232	113	78	
196	145	68	
138	55	249	
234	101	84	
176	67	144	
179	172	64	
227	128	72	
182	70	132	
151	60	185	
235	109	80	
253	107	81	
203	75	110	
196	76	115	
176	66	148	
236	106	82	
231	87	92	
182	68	135	
226	91	91	
218	88	95	
228	121	75	
214	83	101	
249	98	86	
223	125	74	
179	67	143	
262	104	83	
184	167	65	
160	61	177	
209	77	105	
246	95	89	
177	66	145	
210	134	71	
174	64	149	
176	207	61	
217	131	72	
181	67	141	
259	94	87	
146	58	196	
170	234	59	
183	185	63	
234	118	76	
270	127	73	
195	72	120	
200	74	116	
210	141	68	
218	84	99	
170	63	160	
175	213	59	
186	182	63	
213	79	104	
198	165	65	
178	204	61	
200	75	115	
222	132	71	
182	67	139	
238	137	70	
227	82	97	
242	99	85	
164	61	176	
180	66	144	
186	187	62	
267	100	84	
218	81	102	
252	135	70	
187	178	62	
198	71	118	
168	61	174	
158	60	184	
202	163	64	
169	61	165	
265	95	86	
205	153	66	
180	202	61	
180	65	147	
182	66	143	
223	140	68	
159	60	182	
189	171	62	
226	78	101	
192	67	126	
258	130	71	
179	60	154	
173	230	58	
184	67	134	
171	247	57	
183	66	142	
231	139	69	
198	170	64	
184	199	61	
203	159	64	
253	134	70	
201	72	115	
161	60	181	
153	59	191	
200	168	64	
181	64	145	
186	65	139	
241	86	95	
252	137	69	
174	62	161	
165	60	179	
158	59	186	
247	85	95	
177	211	60	
193	68	124	
187	188	61	
209	73	114	
167	60	178	
180	209	60	
209	152	66	
212	76	109	
197	70	120	
226	146	67	
260	135	69	
221	158	65	
216	73	108	
169	60	175	
254	84	96	
243	81	97	
217	151	66	
239	145	67	
186	208	60	
187	66	132	
222	147	65	
188	198	60	
181	63	148	
160	59	183	
255	139	68	
241	143	67	
193	275	53	
173	60	170	
222	73	106	
166	50	253	
204	160	63	
246	78	99	
170	59	179	
251	142	66	
186	64	144	
231	77	103	
163	58	188	
199	68	123	
204	71	117	
246	146	65	
187	64	140	
190	181	61	
188	65	138	
211	70	114	
234	75	104	
207	70	116	
226	158	64	
202	67	122	
176	57	177	
190	65	137	
188	61	146	
227	156	64	
224	72	110	
184	61	150	
191	190	60	
186	212	58	
208	69	121	
167	58	187	
192	65	136	
179	59	172	
154	57	196	
189	204	59	
184	229	57	
168	57	186	
196	65	130	
144	56	210	
234	155	62	
212	69	120	
191	63	144	
171	56	181	
238	152	64	
195	64	137	
211	170	62	
214	68	119	
193	173	61	
161	57	195	
229	66	113	
203	66	127	
178	240	57	
148	56	206	
214	167	61	
195	63	142	
163	56	190	
148	53	227	
219	69	116	
182	59	170	
208	159	63	
234	69	107	
250	149	63	
199	189	60	
191	202	59	
227	157	63	
197	64	136	
199	63	138	
200	179	59	
187	59	167	
230	165	62	
159	56	205	
196	198	59	
161	56	202	
201	64	133	
218	66	126	
200	62	142	
233	162	59	
177	262	56	
180	57	173	
192	59	164	
226	65	121	
216	64	129	
245	153	62	
204	172	61	
198	196	58	
180	261	56	
221	62	127	
182	258	56	
209	63	134	
214	64	130	
198	195	59	
197	199	57	
193	59	157	
183	257	56	
183	58	172	
150	55	213	
208	62	138	
184	247	55	
152	55	210	
190	58	171	
189	228	57	
197	60	150	
208	174	60	
194	58	167	
181	264	55	
195	216	56	
159	55	209	
207	61	145	
161	54	208	
222	61	133	
164	55	207	
153	54	223	
166	55	202	
196	58	165	
186	230	56	
202	60	149	
210	59	151	
227	64	122	
219	57	147	
157	54	219	
205	58	162	
254	160	60	
170	55	200	
224	60	141	
261	159	61	
199	57	172	
158	54	214	
171	55	190	
230	65	119	
209	58	158	
200	56	170	
204	190	58	
203	57	169	
196	298	52	
158	52	240	
184	56	177	
236	62	125	
205	57	166	
193	49	277	
213	58	154	
243	63	120	
215	189	58	
217	186	58	
208	57	165	
228	58	139	
188	56	173	
209	57	162	
176	54	205	
224	58	143	
179	55	181	
222	184	58	
242	60	137	
248	59	131	
179	54	199	
160	52	225	
228	179	58	
162	53	221	
211	196	56	
189	241	55	
213	56	166	
164	53	216	
219	191	57	
182	54	197	
245	172	58	
206	212	56	
194	55	180	
189	54	184	
197	55	177	
193	238	55	
177	53	208	
217	56	162	
227	190	57	
203	232	55	
230	182	57	
198	55	176	
159	52	236	
208	55	170	
229	56	160	
204	229	55	
179	52	207	
252	56	156	
184	53	201	
208	217	55	
195	256	54	
224	55	167	
244	179	56	
207	54	180	
237	57	143	
188	53	199	
265	177	57	
164	51	260	
226	55	166	
171	52	224	
197	255	54	
232	55	164	
231	192	56	
192	53	198	
210	54	178	
202	249	54	
194	52	197	
198	53	195	
255	55	163	
223	54	172	
209	213	55	
199	53	193	
168	51	249	
206	234	54	
203	53	189	
221	211	55	
173	51	248	
175	50	241	
227	200	54	
241	54	168	
220	53	184	
180	51	235	
186	52	206	
228	53	182	
192	52	201	
209	218	53	
182	51	233	
232	53	178	
238	198	54	
188	51	222	
207	235	52	
242	196	55	
267	53	172	
243	195	55	
256	189	55	
206	52	195	
221	245	50	
199	48	269	
212	52	193	
189	51	220	
223	52	186	
225	217	53	
190	51	219	
194	51	215	
197	51	213	
241	52	182	
198	51	207	
171	50	252	
247	52	180	
204	51	201	
186	50	233	
211	51	200	
225	51	194	
191	50	230	
238	51	188	
194	50	226	
198	50	219	
256	51	184	
197	49	270	
236	215	53	
200	49	218	
239	210	53	
202	50	214	
209	50	213	
242	209	53	
219	50	212	
221	49	211	
228	50	210	
238	50	206	
241	50	203	
248	50	201	
223	228	51	
235	218	52	
249	215	51	
207	49	217	
204	48	268	
208	48	257	
231	47	266	
217	48	254	
221	48	229	
224	48	227	
234	47	264	
247	232	50	
