43	218	216	
44	207	197	
43	207	243	
44	201	221	
45	199	192	
44	198	226	
45	213	183	
44	197	243	
45	196	200	
45	188	221	
46	205	178	
46	183	211	
46	217	172	
46	178	221	
47	207	171	
47	213	168	
46	177	235	
46	176	241	
47	219	167	
47	173	211	
47	226	164	
48	205	163	
47	167	224	
48	217	157	
47	166	241	
48	227	152	
48	165	198	
48	157	219	
49	226	149	
50	227	137	
49	152	209	
49	147	219	
43	212	240	
52	212	134	
49	146	233	
50	142	209	
52	226	129	
50	139	220	
53	227	124	
51	134	249	
54	243	123	
55	244	118	
52	127	236	
57	220	117	
57	221	116	
58	209	113	
54	126	223	
54	123	234	
46	188	208	
45	211	188	
59	211	108	
46	195	207	
47	180	196	
55	120	210	
46	197	188	
46	187	209	
47	178	206	
47	199	177	
55	118	238	
60	214	107	
47	186	194	
61	228	102	
47	196	185	
47	170	222	
47	192	192	
56	116	208	
48	168	190	
48	180	186	
56	115	239	
48	185	182	
57	114	226	
48	197	173	
48	190	179	
62	231	101	
58	111	247	
49	207	156	
63	212	93	
49	210	154	
48	204	168	
49	187	172	
49	174	176	
49	200	165	
49	219	152	
61	110	201	
50	212	149	
49	196	171	
50	185	167	
61	109	207	
50	226	144	
50	190	164	
50	204	153	
51	210	139	
50	180	171	
61	105	241	
49	156	207	
50	195	162	
49	162	202	
50	200	161	
50	202	160	
50	168	175	
51	187	157	
50	149	194	
49	167	197	
51	174	161	
52	138	205	
51	202	151	
50	165	183	
52	137	210	
63	219	89	
63	101	213	
52	195	147	
51	200	155	
52	135	222	
50	161	190	
50	178	174	
52	207	143	
51	159	177	
52	190	155	
50	160	192	
53	197	145	
65	229	87	
52	192	154	
53	222	131	
51	171	173	
51	150	189	
53	207	136	
52	179	158	
53	200	143	
53	183	152	
65	99	235	
50	147	206	
56	220	121	
52	169	163	
53	128	205	
54	218	131	
52	141	200	
53	192	149	
54	192	139	
52	146	184	
54	221	129	
52	149	179	
52	165	169	
65	236	83	
54	179	143	
55	205	131	
55	208	128	
67	98	224	
55	219	126	
52	161	175	
55	183	137	
52	178	159	
68	92	209	
53	171	158	
53	159	162	
54	169	155	
53	139	190	
55	202	135	
53	150	174	
56	204	127	
57	198	126	
56	188	134	
55	170	151	
57	206	122	
68	228	81	
56	197	131	
54	146	169	
54	166	158	
54	128	192	
55	178	146	
54	138	183	
56	166	143	
57	213	121	
70	245	75	
53	148	183	
55	152	161	
55	165	157	
54	155	166	
58	188	119	
57	187	133	
56	163	155	
57	174	137	
54	158	165	
56	159	160	
57	197	129	
55	139	175	
57	149	158	
57	181	134	
69	88	207	
57	157	152	
55	135	189	
56	150	167	
55	127	206	
57	162	151	
58	186	131	
56	128	177	
58	153	149	
59	175	133	
59	112	210	
56	138	171	
56	125	189	
58	163	140	
58	175	136	
60	186	116	
60	175	125	
57	145	167	
58	144	166	
57	144	168	
59	171	139	
60	111	244	
59	147	160	
56	124	207	
60	161	137	
59	160	148	
60	206	110	
57	124	194	
58	139	170	
60	150	146	
60	173	133	
62	211	104	
57	123	198	
74	241	73	
59	145	163	
59	139	168	
59	149	157	
73	85	208	
60	202	115	
58	121	203	
61	169	136	
60	137	167	
58	134	176	
60	205	113	
60	143	162	
62	168	134	
59	134	173	
61	133	159	
61	201	109	
61	158	145	
61	139	155	
61	173	130	
63	185	113	
59	117	202	
62	153	137	
59	121	191	
61	198	114	
62	171	131	
63	177	123	
60	134	168	
78	218	72	
63	155	135	
62	105	215	
62	147	149	
63	166	132	
57	127	188	
62	193	111	
59	133	174	
59	124	179	
63	173	129	
63	184	119	
62	199	108	
64	172	121	
59	120	201	
60	127	176	
64	170	130	
60	116	193	
79	241	68	
63	208	103	
60	131	175	
60	133	170	
63	146	147	
65	159	131	
64	151	134	
60	132	174	
65	168	123	
74	81	206	
63	142	152	
61	131	170	
64	178	120	
60	122	185	
64	196	107	
60	113	209	
61	130	171	
62	150	145	
61	113	193	
65	172	119	
64	140	143	
64	206	103	
65	166	128	
65	183	110	
61	127	175	
63	144	151	
61	132	169	
65	199	99	
61	121	176	
61	129	174	
61	118	188	
65	182	116	
66	162	127	
62	127	161	
66	173	113	
63	130	156	
65	171	120	
64	210	97	
65	195	109	
64	147	142	
67	160	124	
66	185	109	
62	126	168	
62	120	187	
65	148	140	
64	138	154	
66	157	133	
67	190	105	
64	134	155	
67	152	130	
63	113	182	
65	138	148	
62	115	192	
62	124	173	
65	198	103	
67	166	120	
66	197	103	
67	145	139	
66	133	152	
63	105	204	
68	147	138	
64	123	165	
68	152	129	
69	149	127	
64	120	178	
80	225	67	
62	110	195	
68	160	119	
67	177	111	
68	183	106	
68	171	110	
66	137	148	
65	116	172	
68	137	139	
67	196	103	
69	148	134	
68	195	95	
65	206	95	
76	80	212	
67	135	145	
69	164	117	
69	153	126	
65	120	168	
69	188	102	
68	179	109	
69	147	135	
69	146	136	
67	120	153	
63	109	202	
66	100	204	
85	253	64	
63	110	194	
70	153	125	
65	123	163	
70	141	129	
64	111	190	
64	109	195	
68	131	151	
67	201	96	
69	169	115	
68	186	105	
70	159	120	
64	107	200	
69	133	141	
67	99	199	
79	78	191	
69	174	106	
70	158	124	
70	168	114	
71	147	124	
65	215	91	
65	111	185	
71	150	123	
64	104	211	
70	189	100	
71	166	113	
66	110	176	
65	106	197	
70	195	94	
65	109	192	
70	177	104	
69	128	147	
72	157	115	
65	104	203	
67	118	165	
67	232	85	
64	106	203	
68	226	87	
65	102	209	
70	183	103	
70	206	92	
70	199	93	
66	106	192	
70	140	136	
72	165	111	
72	155	122	
70	215	87	
70	192	97	
69	218	90	
72	137	137	
67	105	183	
71	181	101	
70	212	89	
66	103	200	
73	154	119	
69	131	146	
70	171	109	
68	113	163	
71	136	139	
70	127	145	
70	122	149	
71	140	129	
74	157	114	
72	184	99	
73	165	104	
73	139	124	
72	201	91	
73	153	120	
71	226	82	
71	125	142	
68	98	192	
72	144	127	
81	76	205	
71	135	140	
73	133	136	
74	164	113	
73	151	122	
72	190	98	
72	217	83	
89	249	62	
72	133	139	
72	177	101	
75	163	108	
73	136	135	
72	210	88	
75	145	118	
67	100	191	
72	198	92	
74	147	121	
74	186	93	
69	115	162	
75	160	113	
73	185	98	
74	136	134	
73	199	89	
75	156	115	
73	127	141	
70	119	161	
74	150	120	
68	110	175	
68	105	180	
72	224	79	
75	128	133	
73	177	100	
76	162	107	
71	114	158	
76	147	117	
73	130	140	
70	112	167	
74	171	100	
76	160	110	
76	134	128	
74	132	136	
76	153	116	
74	135	135	
77	159	100	
75	177	99	
73	204	87	
69	100	176	
74	146	123	
70	109	171	
77	154	113	
75	183	94	
71	119	154	
74	215	86	
76	154	115	
77	152	114	
73	124	146	
74	193	89	
68	103	190	
77	156	111	
75	196	84	
73	118	151	
74	128	140	
76	175	98	
72	115	155	
75	144	122	
77	150	116	
73	198	91	
74	120	145	
73	243	76	
84	75	200	
70	111	170	
78	140	117	
93	226	60	
76	178	95	
74	116	149	
74	234	77	
71	110	169	
75	165	103	
78	134	126	
72	109	160	
78	152	108	
70	106	175	
77	125	135	
72	118	154	
78	148	113	
71	108	170	
74	122	144	
75	190	90	
75	115	141	
69	97	188	
76	133	130	
75	221	81	
74	115	150	
77	132	129	
78	135	125	
77	171	96	
76	201	78	
75	216	83	
71	105	174	
77	188	90	
85	72	197	
69	92	198	
77	145	117	
79	147	113	
78	128	131	
79	135	117	
72	107	171	
78	182	93	
73	105	159	
75	113	153	
80	141	115	
78	151	111	
77	186	92	
80	152	107	
77	123	138	
79	128	126	
79	177	90	
80	148	112	
77	224	74	
79	159	99	
71	103	175	
80	154	106	
78	188	85	
78	122	133	
76	108	151	
81	150	110	
78	177	95	
81	143	112	
80	134	125	
77	122	140	
81	158	105	
80	166	96	
79	171	95	
82	142	109	
95	233	56	
82	154	105	
81	134	123	
82	130	123	
80	127	128	
73	102	173	
78	121	137	
83	156	98	
80	174	93	
71	99	185	
71	93	193	
80	125	132	
82	149	108	
79	184	86	
74	102	164	
77	114	144	
81	113	139	
83	132	121	
82	152	106	
81	122	129	
81	135	116	
83	149	106	
73	92	177	
84	152	103	
73	97	175	
81	169	92	
81	163	96	
77	110	150	
83	152	105	
81	119	138	
82	139	114	
78	208	73	
79	109	146	
82	117	132	
72	93	190	
84	142	108	
79	183	89	
77	196	83	
83	134	120	
81	120	137	
82	129	125	
83	140	109	
83	177	85	
84	123	126	
83	126	128	
85	149	105	
82	166	94	
84	128	118	
80	188	84	
86	144	105	
75	93	172	
85	138	113	
82	111	137	
83	129	124	
83	169	91	
85	155	99	
81	183	88	
82	110	138	
80	197	82	
76	107	157	
86	151	104	
85	137	115	
85	153	101	
83	139	113	
84	127	123	
85	162	94	
70	91	205	
80	110	143	
80	194	83	
84	168	89	
75	98	171	
87	150	99	
86	128	117	
83	163	95	
78	100	161	
86	136	113	
80	104	148	
85	161	97	
85	139	112	
76	100	168	
71	89	203	
81	189	81	
85	120	123	
80	114	142	
86	152	101	
87	146	104	
87	71	203	
83	166	93	
83	119	129	
86	160	90	
87	132	114	
86	135	115	
87	138	111	
85	163	88	
87	139	105	
72	89	201	
86	156	96	
87	149	103	
78	104	159	
85	125	122	
87	137	112	
76	101	167	
82	190	80	
73	88	192	
84	185	76	
83	114	136	
88	147	99	
77	95	164	
85	140	108	
87	135	113	
86	126	121	
88	136	107	
86	155	98	
80	103	159	
84	115	131	
76	99	169	
88	131	116	
89	134	112	
88	145	103	
88	127	119	
87	153	98	
82	198	76	
88	155	95	
85	177	84	
86	175	86	
81	100	147	
89	139	104	
90	126	115	
89	126	116	
89	70	202	
83	108	142	
90	133	113	
90	134	111	
85	118	129	
87	125	121	
86	124	122	
88	154	97	
74	93	175	
89	145	98	
87	163	87	
88	158	94	
87	116	127	
91	124	114	
91	131	112	
86	112	134	
86	184	83	
90	143	102	
89	153	97	
91	135	107	
89	124	119	
86	115	130	
85	111	136	
87	120	122	
87	180	80	
90	154	96	
73	91	191	
90	146	97	
84	102	145	
92	132	106	
90	156	93	
89	157	94	
88	170	84	
74	91	184	
89	122	121	
89	116	126	
91	152	95	
87	114	130	
87	175	85	
74	85	192	
91	142	102	
90	136	106	
92	127	113	
85	106	140	
90	155	94	
80	99	161	
89	119	125	
90	121	120	
83	189	80	
84	207	74	
90	144	101	
90	159	92	
92	141	99	
102	234	55	
88	113	130	
85	205	75	
74	90	187	
92	129	112	
92	136	105	
84	215	70	
92	131	111	
88	178	81	
91	151	96	
92	157	88	
91	116	122	
91	143	99	
90	123	119	
90	69	209	
85	108	139	
92	148	93	
90	113	125	
92	140	103	
87	110	137	
87	225	66	
88	115	129	
81	92	163	
91	144	97	
87	111	135	
81	96	159	
91	159	91	
86	185	75	
93	124	111	
93	129	108	
94	138	104	
92	142	98	
89	112	129	
88	102	138	
92	122	117	
89	174	83	
88	105	135	
94	139	103	
92	119	119	
89	167	86	
89	106	134	
88	160	89	
94	140	101	
92	156	91	
86	202	70	
75	89	182	
95	136	100	
83	99	154	
85	103	144	
85	208	72	
94	148	92	
90	111	133	
94	132	105	
78	93	168	
90	174	82	
86	105	142	
89	168	85	
77	91	180	
91	160	86	
93	122	116	
91	111	132	
92	146	96	
87	249	65	
92	121	118	
91	110	133	
90	173	83	
84	94	157	
94	154	91	
97	128	104	
78	92	174	
94	124	110	
92	110	130	
93	116	121	
77	86	182	
90	182	74	
105	225	53	
94	118	115	
78	91	178	
95	128	105	
93	120	117	
91	172	83	
93	164	82	
88	195	74	
87	103	143	
94	156	90	
92	105	132	
96	147	95	
86	224	69	
91	177	81	
90	168	84	
88	233	64	
93	144	96	
91	114	124	
97	131	102	
92	168	83	
84	97	155	
91	67	207	
79	82	175	
87	222	69	
94	121	113	
91	178	79	
93	104	128	
94	142	97	
80	91	166	
95	155	89	
92	176	78	
95	140	99	
95	152	91	
85	98	152	
97	140	95	
92	173	82	
94	141	98	
94	112	123	
97	147	94	
92	174	81	
95	156	88	
88	202	69	
95	154	90	
93	112	127	
96	124	109	
95	115	120	
97	136	99	
81	87	165	
75	84	204	
83	93	159	
95	142	96	
89	196	72	
86	95	149	
98	146	88	
96	151	87	
94	157	87	
89	97	144	
96	141	96	
88	220	68	
96	116	114	
93	162	84	
97	125	107	
96	121	112	
93	169	78	
98	135	101	
76	82	202	
94	109	127	
92	113	124	
97	139	98	
98	145	91	
97	149	86	
96	111	122	
98	120	111	
95	106	126	
99	131	101	
77	83	195	
98	137	98	
99	138	94	
94	159	86	
85	94	155	
97	158	85	
99	135	100	
98	139	96	
88	95	148	
96	113	121	
80	87	174	
89	104	135	
90	100	137	
95	158	86	
95	111	125	
97	148	89	
98	123	110	
90	212	68	
99	125	106	
98	116	113	
97	115	119	
100	133	97	
90	219	67	
92	181	77	
100	141	93	
90	194	71	
98	129	102	
97	113	120	
90	105	134	
96	104	123	
99	136	97	
98	158	80	
93	171	77	
98	124	108	
100	123	106	
99	120	110	
95	162	83	
94	168	79	
98	115	116	
100	125	104	
92	244	62	
99	113	117	
77	85	188	
90	193	73	
95	164	78	
100	143	92	
92	100	136	
92	104	133	
98	110	120	
93	189	69	
101	120	109	
101	132	100	
98	150	85	
95	104	127	
92	211	65	
94	179	76	
99	117	111	
77	84	194	
99	128	102	
100	136	96	
85	90	162	
93	101	133	
96	163	82	
100	129	101	
78	83	184	
90	223	66	
91	96	142	
91	209	66	
102	130	99	
102	122	105	
100	144	91	
93	216	62	
85	93	158	
87	87	160	
82	88	163	
102	125	103	
101	142	90	
99	153	84	
97	110	122	
102	136	95	
101	138	93	
99	112	119	
87	93	153	
77	82	200	
92	199	68	
100	113	114	
95	173	75	
103	118	105	
100	109	116	
101	133	96	
95	186	72	
101	124	105	
102	141	92	
101	117	110	
108	234	50	
91	98	141	
88	92	153	
103	130	97	
103	126	100	
78	81	191	
101	128	101	
92	230	64	
102	129	100	
98	104	122	
103	136	92	
94	102	132	
93	99	139	
103	145	89	
100	156	82	
89	88	152	
103	124	104	
104	134	91	
100	146	87	
103	112	110	
96	98	131	
93	66	213	
102	113	113	
95	185	73	
89	93	150	
104	143	86	
104	128	96	
96	171	74	
88	91	156	
104	122	104	
97	179	73	
104	124	102	
94	98	134	
97	103	130	
101	153	83	
91	94	146	
97	164	77	
106	134	89	
102	147	86	
101	108	116	
100	150	84	
105	133	95	
98	102	129	
106	120	103	
104	142	89	
101	112	114	
104	117	109	
93	196	67	
93	96	141	
106	125	101	
100	158	79	
82	86	172	
99	149	85	
97	181	72	
95	101	132	
105	126	99	
98	98	130	
92	94	144	
99	100	127	
106	128	95	
101	155	82	
94	97	139	
87	83	162	
98	187	68	
105	118	104	
101	157	81	
101	107	121	
106	131	93	
107	122	98	
105	117	108	
105	112	109	
103	146	84	
102	109	115	
99	169	76	
104	152	81	
91	92	149	
102	154	82	
106	142	85	
104	155	76	
102	105	118	
90	92	151	
93	95	143	
83	84	170	
100	181	70	
105	150	80	
100	161	78	
92	93	146	
106	116	105	
96	97	136	
103	109	113	
100	103	124	
107	141	87	
98	171	73	
96	93	140	
101	161	76	
95	206	63	
108	127	93	
108	137	85	
97	92	132	
85	86	168	
108	120	101	
101	164	75	
101	180	68	
106	114	108	
106	148	82	
108	129	92	
96	90	143	
101	100	125	
99	64	206	
107	130	94	
93	91	150	
101	177	72	
87	77	163	
95	91	144	
109	122	97	
82	79	181	
97	204	66	
96	193	68	
103	159	78	
94	93	144	
104	108	111	
108	118	103	
86	82	167	
108	110	107	
93	214	64	
104	105	117	
102	102	122	
86	86	166	
99	196	65	
110	131	89	
106	145	84	
108	147	83	
104	102	119	
103	108	115	
94	91	149	
109	126	95	
102	168	72	
109	115	102	
110	120	100	
104	106	116	
95	78	150	
99	99	129	
109	144	83	
107	144	84	
102	179	71	
106	108	110	
110	123	96	
100	188	67	
106	106	115	
109	116	101	
108	135	87	
106	152	77	
104	168	71	
111	121	99	
110	111	104	
101	99	128	
108	142	84	
110	144	78	
89	85	158	
108	149	79	
103	100	124	
95	89	149	
103	164	74	
84	82	170	
109	104	113	
110	125	94	
102	96	129	
103	99	125	
99	92	131	
108	148	81	
111	119	100	
104	162	75	
112	116	99	
104	94	123	
112	128	90	
106	101	117	
112	121	95	
96	92	141	
91	85	157	
104	173	69	
107	104	115	
104	88	128	
111	139	82	
101	91	130	
110	137	84	
109	134	87	
110	127	92	
82	76	194	
104	101	121	
94	83	154	
107	150	76	
95	213	61	
112	120	98	
85	81	170	
102	193	66	
113	126	90	
105	157	75	
107	159	73	
100	204	62	
111	132	87	
109	107	111	
111	134	86	
106	160	74	
96	88	147	
110	105	109	
113	119	94	
97	87	140	
112	112	103	
114	124	89	
105	96	120	
102	198	64	
104	185	66	
94	86	152	
112	130	89	
111	108	108	
111	115	101	
96	83	149	
112	136	85	
112	114	102	
108	101	116	
113	128	88	
113	118	96	
108	167	72	
110	104	110	
111	142	80	
113	127	89	
85	80	179	
104	193	60	
110	110	106	
97	206	62	
112	109	105	
109	156	69	
114	132	85	
99	223	56	
82	78	187	
109	103	115	
98	89	139	
114	123	93	
114	115	96	
113	132	86	
113	112	101	
91	80	160	
105	175	67	
107	172	70	
112	138	81	
103	91	129	
116	131	85	
86	80	177	
114	136	84	
100	89	138	
104	177	68	
107	96	119	
111	103	112	
115	122	90	
112	108	107	
104	191	65	
109	150	75	
115	235	49	
113	137	83	
101	213	59	
115	112	98	
114	106	106	
92	83	157	
115	135	82	
117	130	85	
111	99	115	
82	77	193	
115	106	103	
109	98	118	
114	109	104	
96	87	148	
111	149	77	
83	76	183	
117	121	91	
105	182	65	
115	133	84	
117	129	87	
111	102	114	
112	144	77	
103	208	59	
116	111	98	
94	85	153	
114	118	94	
113	141	80	
118	120	87	
114	143	79	
110	152	73	
117	120	93	
115	103	105	
112	98	111	
116	138	79	
113	147	74	
110	168	68	
106	190	63	
116	141	74	
97	86	145	
118	128	83	
116	134	81	
116	110	102	
115	116	95	
101	63	212	
118	119	93	
88	82	162	
108	179	66	
115	143	75	
116	133	82	
114	98	110	
117	112	97	
117	106	101	
117	116	94	
108	183	64	
119	116	92	
117	122	89	
106	88	127	
111	97	117	
119	123	86	
101	88	139	
98	84	142	
111	151	72	
110	173	66	
93	80	159	
118	113	96	
86	75	185	
117	137	80	
106	94	122	
116	115	95	
118	110	100	
109	176	64	
108	93	126	
110	97	118	
103	82	138	
112	92	116	
89	77	162	
119	117	91	
119	135	80	
109	94	119	
117	140	74	
109	93	124	
113	166	64	
119	126	85	
117	100	106	
120	128	82	
119	108	96	
119	114	94	
118	115	94	
118	226	47	
119	137	78	
106	210	54	
102	83	139	
118	138	75	
112	167	68	
121	133	81	
111	96	118	
110	186	63	
109	91	126	
117	103	104	
120	115	90	
118	111	97	
121	112	93	
100	83	140	
119	115	93	
113	150	73	
120	134	77	
122	125	83	
110	92	125	
122	130	76	
114	92	115	
120	121	85	
115	156	67	
114	155	70	
107	192	61	
104	82	136	
119	103	103	
88	72	193	
116	148	73	
120	119	89	
88	75	176	
111	188	62	
116	150	71	
121	107	98	
115	96	114	
111	182	63	
120	104	102	
123	116	89	
111	91	125	
115	150	72	
105	87	135	
122	110	95	
106	62	196	
118	146	72	
116	96	110	
122	119	88	
123	114	92	
90	74	169	
107	199	59	
122	105	100	
120	101	105	
117	148	70	
107	83	131	
112	86	124	
120	105	101	
122	129	80	
119	98	108	
123	124	84	
123	127	81	
112	185	62	
124	117	87	
116	154	69	
124	107	93	
97	78	149	
125	111	92	
112	91	122	
114	176	63	
121	102	104	
121	142	67	
125	114	89	
124	106	96	
94	79	159	
123	128	78	
125	123	81	
112	190	60	
124	120	85	
106	82	135	
124	125	82	
102	80	141	
124	104	98	
121	103	102	
121	137	74	
124	124	83	
118	95	111	
122	102	103	
114	184	62	
108	207	57	
125	113	91	
120	98	107	
126	118	83	
114	185	61	
124	105	97	
123	100	102	
116	163	66	
114	91	121	
115	172	62	
113	89	123	
122	98	105	
125	100	101	
126	110	87	
91	73	176	
108	87	128	
121	97	109	
115	86	120	
118	94	113	
110	200	58	
118	153	68	
114	90	122	
119	147	71	
125	127	80	
111	192	60	
120	138	74	
125	103	100	
111	194	59	
121	140	72	
120	152	68	
115	89	119	
123	94	107	
118	154	67	
126	132	75	
126	104	92	
120	161	65	
128	115	86	
127	125	80	
122	95	109	
115	181	59	
126	99	99	
109	83	130	
115	91	118	
119	92	113	
127	119	82	
128	123	79	
120	94	112	
110	87	127	
124	98	104	
92	76	164	
120	95	110	
88	71	199	
122	138	71	
122	154	66	
110	84	129	
128	117	85	
117	91	116	
128	99	98	
127	129	73	
122	88	111	
125	96	106	
125	99	103	
114	192	58	
92	72	189	
97	77	156	
114	86	123	
119	168	61	
113	199	57	
129	121	79	
112	203	57	
118	61	208	
128	109	89	
117	89	118	
128	127	77	
121	92	112	
129	116	83	
118	180	60	
122	92	110	
123	137	70	
128	103	94	
126	97	101	
94	71	195	
120	164	63	
119	90	117	
131	109	84	
128	126	78	
100	73	161	
128	108	90	
124	154	63	
93	72	187	
112	84	128	
121	90	116	
130	102	90	
121	162	62	
104	79	147	
131	121	77	
131	120	79	
128	91	105	
104	80	140	
113	205	56	
95	71	191	
94	72	173	
114	85	127	
129	106	91	
128	118	82	
126	95	106	
129	126	72	
106	81	139	
119	87	119	
102	75	157	
124	92	109	
93	70	200	
99	77	155	
132	119	76	
129	95	104	
106	79	146	
131	100	94	
117	85	125	
124	226	45	
109	81	137	
124	147	66	
130	116	82	
100	77	151	
119	179	58	
115	194	57	
97	69	190	
107	79	142	
131	103	89	
126	92	107	
112	82	132	
96	71	190	
133	117	79	
130	96	98	
131	112	83	
129	98	99	
121	172	59	
127	94	106	
116	202	55	
97	71	181	
107	76	147	
117	84	126	
94	69	203	
118	85	124	
115	77	134	
112	80	139	
105	75	156	
133	108	84	
129	134	68	
114	82	129	
123	141	69	
131	123	76	
126	89	110	
120	85	123	
131	93	103	
132	115	82	
123	83	117	
109	76	146	
117	198	53	
113	79	138	
127	142	65	
115	208	55	
118	83	126	
132	96	97	
116	193	57	
133	116	80	
120	82	124	
130	93	104	
110	76	144	
113	76	141	
121	84	120	
133	107	85	
120	181	57	
132	90	101	
134	112	81	
117	79	130	
131	125	74	
134	98	95	
133	115	81	
123	86	115	
126	160	61	
126	141	68	
111	78	143	
119	195	56	
136	105	87	
131	133	70	
111	218	53	
136	98	93	
124	171	59	
122	59	198	
132	120	75	
98	70	176	
129	86	109	
130	152	60	
133	126	70	
111	225	51	
136	111	80	
108	73	149	
125	168	59	
134	115	78	
132	95	99	
102	73	160	
97	68	195	
103	72	163	
120	192	56	
130	88	106	
137	100	91	
125	87	113	
106	71	159	
131	91	104	
135	98	94	
129	159	60	
130	150	64	
130	140	65	
116	209	52	
137	109	83	
120	79	129	
122	82	123	
137	124	74	
107	74	158	
135	93	96	
137	104	88	
112	75	143	
137	106	86	
134	94	99	
123	178	58	
122	190	56	
138	116	77	
113	211	53	
121	81	127	
134	125	69	
138	120	73	
127	87	112	
126	177	58	
134	95	98	
100	71	174	
131	143	62	
128	85	112	
132	138	66	
138	107	81	
137	96	95	
121	194	55	
126	84	116	
139	111	78	
127	169	58	
123	189	53	
138	102	85	
137	101	90	
138	97	92	
125	186	56	
132	89	102	
98	69	184	
122	79	125	
112	223	52	
127	84	115	
139	115	76	
126	178	56	
108	74	148	
135	133	66	
123	81	122	
138	100	87	
140	113	75	
140	99	87	
139	106	83	
99	67	201	
130	167	57	
139	124	72	
136	88	100	
139	114	77	
124	81	120	
99	68	186	
140	96	94	
131	154	59	
128	177	56	
117	77	133	
140	104	80	
140	95	95	
140	123	68	
130	86	108	
140	97	90	
105	69	174	
99	69	183	
137	131	67	
137	89	98	
142	118	73	
115	76	139	
123	78	131	
100	67	178	
121	196	54	
142	95	92	
129	84	114	
126	81	119	
140	122	71	
134	85	107	
128	83	116	
135	87	103	
106	68	170	
126	181	55	
132	85	108	
124	79	124	
143	107	75	
135	135	65	
143	94	95	
130	83	113	
134	142	64	
128	82	118	
120	76	135	
113	72	153	
117	74	145	
138	128	67	
126	76	130	
140	112	76	
142	121	70	
118	75	141	
127	79	122	
117	211	51	
143	115	74	
136	133	64	
142	99	86	
140	92	97	
130	81	116	
132	83	112	
140	103	81	
144	90	94	
132	160	58	
144	97	87	
127	78	126	
142	120	72	
108	70	160	
145	95	90	
132	150	61	
125	77	132	
123	74	136	
135	78	110	
141	92	96	
140	111	77	
134	173	56	
121	72	143	
111	229	50	
129	80	121	
143	101	82	
144	94	93	
102	66	184	
137	86	105	
144	117	72	
143	117	73	
143	86	97	
134	81	113	
138	142	63	
122	198	51	
119	73	148	
137	146	60	
133	76	120	
141	128	64	
141	138	63	
144	118	71	
127	186	54	
145	94	92	
122	74	141	
120	72	145	
145	116	70	
144	99	83	
127	180	55	
136	83	108	
119	71	152	
128	75	129	
113	71	156	
134	79	116	
145	90	93	
144	113	74	
130	74	123	
146	93	89	
132	178	54	
131	227	44	
135	171	56	
134	162	57	
142	80	101	
141	84	105	
141	87	99	
129	76	127	
145	115	71	
145	103	77	
128	184	54	
145	97	86	
146	121	65	
140	142	62	
134	177	52	
119	222	49	
136	152	58	
145	118	68	
111	69	166	
147	95	87	
136	169	55	
119	70	153	
144	122	69	
137	83	107	
146	112	72	
142	131	61	
130	78	122	
146	98	85	
125	71	142	
137	168	55	
145	102	81	
146	92	92	
122	209	50	
114	66	159	
139	165	55	
103	65	205	
126	72	139	
147	111	72	
146	89	95	
137	154	57	
116	69	156	
141	148	59	
113	69	161	
128	188	53	
127	193	52	
104	63	190	
120	71	151	
149	98	84	
147	92	90	
148	100	80	
150	94	80	
129	186	52	
139	82	108	
128	72	133	
121	69	150	
148	110	74	
148	90	90	
142	138	58	
141	163	56	
123	70	144	
132	184	53	
147	86	96	
127	73	138	
112	64	169	
149	107	73	
150	86	94	
150	113	69	
138	168	54	
148	106	76	
151	95	79	
111	66	176	
113	68	166	
150	93	84	
142	155	56	
128	73	132	
140	81	109	
150	91	88	
148	115	69	
147	84	99	
153	87	89	
151	101	74	
124	58	204	
137	76	114	
106	65	180	
147	119	64	
151	111	67	
153	109	69	
128	195	50	
143	129	60	
122	215	49	
145	153	57	
143	163	55	
149	85	96	
154	90	87	
147	148	57	
132	193	50	
138	175	53	
145	162	54	
129	69	141	
146	128	62	
131	71	131	
157	100	76	
146	155	55	
155	92	84	
154	107	68	
133	186	51	
130	71	134	
135	216	43	
135	75	121	
142	166	53	
150	82	99	
135	73	130	
139	172	53	
151	83	94	
147	121	63	
152	105	73	
146	74	109	
123	211	49	
148	138	56	
121	68	154	
137	73	125	
158	99	71	
147	79	107	
153	116	66	
156	91	86	
140	75	117	
128	69	144	
155	79	93	
123	217	48	
142	77	112	
128	198	49	
156	103	70	
157	81	88	
158	96	78	
158	93	82	
153	127	60	
157	89	85	
148	134	59	
138	73	122	
148	77	102	
137	184	51	
137	72	129	
140	174	51	
124	68	152	
133	70	137	
147	158	54	
154	117	59	
145	77	110	
153	117	65	
141	71	120	
160	89	80	
159	98	73	
150	154	55	
139	181	51	
154	82	96	
153	76	100	
157	112	66	
145	75	112	
108	64	186	
152	128	60	
129	66	151	
140	72	126	
139	183	50	
152	146	55	
125	66	158	
145	171	52	
148	159	53	
131	68	141	
144	72	119	
128	212	48	
161	87	87	
160	97	77	
126	67	154	
154	79	99	
158	107	63	
148	156	54	
152	137	58	
136	67	133	
147	170	51	
139	69	130	
163	86	85	
161	90	79	
153	134	57	
162	91	78	
163	93	72	
162	97	73	
148	169	52	
153	154	52	
129	210	46	
128	67	153	
129	197	49	
149	163	52	
125	224	46	
156	104	69	
134	195	48	
130	201	48	
154	153	54	
129	57	188	
128	215	47	
150	76	108	
139	191	49	
120	65	167	
148	73	111	
159	130	58	
156	150	53	
133	67	148	
145	173	51	
166	88	83	
143	181	49	
126	64	164	
159	103	68	
158	141	55	
115	63	178	
144	179	48	
143	69	124	
140	185	48	
165	85	87	
165	95	67	
134	65	143	
150	162	52	
157	148	52	
167	87	77	
148	173	50	
153	161	51	
129	63	162	
155	74	105	
141	216	41	
164	105	64	
150	70	118	
163	133	57	
168	85	84	
163	128	58	
159	134	55	
159	147	52	
157	78	99	
131	65	152	
165	113	58	
151	72	114	
168	77	87	
166	130	57	
161	145	54	
161	78	98	
120	62	182	
123	64	168	
134	201	47	
171	83	84	
171	85	79	
162	140	53	
139	194	48	
162	76	96	
168	91	74	
151	170	50	
159	73	101	
163	80	90	
118	63	177	
167	128	54	
128	219	46	
156	73	109	
121	61	189	
123	62	170	
154	169	48	
155	72	111	
156	71	111	
147	67	132	
150	176	49	
159	157	51	
166	75	92	
169	103	62	
155	167	47	
148	68	128	
171	126	57	
132	63	153	
170	90	75	
158	166	50	
139	199	47	
175	84	82	
173	80	84	
144	66	133	
163	159	50	
151	68	122	
157	72	109	
140	196	47	
174	120	57	
167	78	91	
161	156	51	
175	101	63	
165	72	100	
174	89	71	
162	153	51	
156	66	117	
169	111	61	
141	189	47	
152	67	119	
165	75	98	
176	83	82	
172	126	55	
159	69	110	
161	70	104	
138	207	46	
150	65	129	
167	146	52	
178	83	76	
176	86	74	
164	150	51	
168	136	51	
176	91	66	
171	110	60	
174	125	55	
140	201	45	
130	212	45	
182	81	79	
137	61	151	
164	152	50	
135	56	214	
178	124	53	
180	108	61	
164	162	49	
145	65	140	
168	72	95	
149	183	46	
125	61	176	
139	64	148	
180	120	56	
184	99	64	
182	114	57	
141	200	44	
149	66	132	
146	65	138	
177	77	86	
143	197	46	
142	64	143	
182	106	59	
180	111	59	
131	62	169	
134	61	168	
169	155	48	
151	181	47	
135	59	161	
148	65	136	
179	87	73	
172	74	91	
182	79	83	
144	196	46	
195	91	65	
173	149	50	
123	60	192	
183	122	54	
177	127	54	
154	64	127	
185	116	56	
174	76	89	
188	103	61	
135	210	44	
159	68	114	
185	88	72	
186	80	81	
146	64	140	
188	112	58	
139	207	45	
187	82	73	
172	66	103	
188	90	70	
164	165	48	
186	101	62	
187	77	84	
175	148	49	
196	99	62	
179	132	50	
143	63	150	
199	98	64	
184	121	55	
129	60	172	
189	111	58	
174	71	100	
144	63	148	
166	163	46	
127	58	182	
186	82	77	
189	87	72	
183	75	88	
191	120	54	
163	68	108	
194	88	70	
151	64	136	
191	89	67	
184	113	57	
178	74	90	
191	104	60	
190	110	58	
160	68	113	
200	97	62	
187	79	81	
146	63	146	
195	117	54	
193	77	78	
188	73	85	
189	102	61	
199	112	57	
200	115	55	
179	68	94	
193	106	58	
189	76	83	
171	69	104	
191	84	72	
201	85	70	
206	96	64	
149	63	142	
167	66	116	
190	131	52	
200	111	57	
210	114	56	
176	68	99	
199	101	61	
180	71	93	
145	198	45	
220	103	58	
185	121	54	
168	67	113	
199	129	52	
159	182	46	
206	104	59	
211	93	64	
160	175	46	
195	81	75	
201	110	57	
149	195	45	
215	113	56	
161	65	125	
183	70	90	
196	116	55	
202	87	69	
207	99	61	
221	101	60	
226	92	62	
151	63	140	
184	73	89	
217	111	56	
183	146	49	
165	165	47	
212	106	57	
205	128	52	
188	123	53	
153	191	45	
162	64	121	
144	62	150	
208	127	52	
152	63	139	
180	151	47	
197	78	76	
194	122	53	
149	62	146	
205	87	68	
214	114	55	
190	132	49	
217	104	58	
154	61	135	
209	125	50	
194	131	51	
232	100	60	
196	121	53	
211	97	61	
155	183	44	
224	110	56	
216	90	65	
225	102	59	
175	161	47	
219	113	55	
170	64	113	
205	129	49	
206	117	53	
212	85	69	
202	81	71	
205	116	54	
227	107	56	
202	74	84	
241	99	60	
216	87	67	
200	76	82	
232	107	55	
152	59	145	
209	124	52	
167	65	118	
244	101	59	
193	148	47	
228	87	66	
211	115	54	
160	62	131	
216	123	52	
207	78	74	
206	128	49	
241	105	56	
204	74	82	
204	76	78	
211	84	70	
258	85	68	
215	114	54	
227	90	64	
236	102	58	
218	121	52	
194	142	48	
192	71	89	
167	182	43	
230	113	54	
236	88	65	
170	177	45	
149	198	44	
140	55	198	
216	116	53	
222	80	69	
213	81	70	
165	63	128	
195	69	88	
243	107	54	
221	118	52	
148	61	150	
150	196	44	
212	73	81	
215	80	73	
251	114	53	
131	59	178	
217	124	51	
199	71	85	
205	77	77	
247	88	64	
226	118	51	
171	171	45	
168	63	126	
185	161	46	
216	75	78	
207	73	84	
145	60	160	
210	134	48	
156	212	39	
146	206	43	
146	60	156	
183	66	102	
214	76	76	
223	117	52	
177	64	111	
228	79	73	
191	151	46	
171	62	124	
209	72	83	
185	67	99	
235	116	52	
191	67	92	
231	77	73	
207	147	46	
181	64	110	
172	63	123	
217	74	78	
238	79	71	
175	167	44	
208	70	84	
217	141	47	
236	124	50	
182	65	103	
175	62	121	
165	62	130	
237	118	50	
224	75	76	
150	202	43	
177	60	120	
237	73	75	
177	163	45	
241	78	72	
180	63	113	
227	70	81	
206	69	87	
245	125	49	
196	65	100	
151	201	43	
262	78	70	
215	133	48	
248	76	72	
152	196	43	
206	148	46	
220	139	47	
234	74	77	
193	159	45	
216	129	48	
219	71	83	
161	60	134	
198	66	99	
192	64	109	
247	124	49	
170	61	133	
202	67	91	
138	58	170	
146	59	160	
238	70	80	
221	138	47	
236	74	76	
159	193	43	
157	60	135	
175	58	130	
201	66	92	
149	59	156	
194	64	103	
265	75	74	
222	135	47	
199	156	45	
204	68	88	
223	146	46	
189	65	102	
250	71	79	
160	186	43	
230	135	46	
217	128	48	
230	69	85	
268	74	72	
176	61	124	
184	63	112	
211	153	45	
181	62	116	
150	212	41	
194	63	110	
205	65	99	
217	148	45	
216	68	87	
241	69	84	
197	165	44	
217	67	88	
154	210	42	
213	65	92	
196	61	109	
144	58	166	
155	203	42	
201	164	44	
200	63	105	
199	64	102	
192	62	113	
204	159	44	
182	179	43	
210	64	101	
151	58	162	
172	60	133	
218	147	45	
262	70	79	
212	66	91	
217	64	99	
192	173	42	
241	135	45	
228	67	87	
143	57	174	
156	202	41	
159	58	144	
161	200	41	
154	57	161	
170	58	143	
206	158	44	
188	60	119	
155	58	145	
201	63	103	
173	59	135	
223	157	44	
162	197	42	
228	64	98	
251	64	97	
200	172	43	
163	196	42	
211	63	102	
171	182	42	
208	169	43	
207	61	108	
222	63	101	
224	65	91	
213	62	103	
214	158	43	
158	54	202	
146	57	172	
174	59	134	
147	57	166	
224	62	102	
201	59	117	
182	58	128	
247	62	101	
149	56	172	
211	60	113	
193	58	127	
194	59	119	
158	57	154	
222	60	112	
217	166	42	
245	60	111	
169	198	41	
169	57	153	
172	195	41	
171	57	145	
176	186	41	
225	158	42	
212	59	116	
162	56	170	
180	56	138	
208	58	121	
191	184	41	
163	56	158	
198	178	41	
191	56	137	
228	166	41	
219	58	120	
199	57	127	
242	58	119	
174	56	145	
157	55	182	
160	210	40	
176	196	39	
210	57	126	
175	55	162	
183	191	40	
201	189	39	
205	179	40	
206	56	131	
217	56	130	
176	55	161	
182	55	154	
240	56	129	
195	55	148	
178	53	186	
206	55	147	
160	54	182	
227	55	146	
176	214	38	
192	54	168	
210	187	39	
208	54	157	
183	208	38	
194	207	38	
212	189	38	
210	53	172	
217	188	38	
