52	295	315	
52	301	312	
53	300	300	
53	306	299	
53	312	296	
53	322	288	
53	286	326	
53	328	285	
53	344	284	
53	285	331	
54	317	259	
53	277	356	
53	276	361	
54	274	292	
54	272	308	
54	270	325	
54	269	342	
55	265	303	
55	264	308	
55	263	330	
55	260	340	
56	258	284	
54	324	257	
56	257	289	
55	316	250	
56	254	298	
56	247	317	
55	343	234	
56	241	327	
56	240	332	
57	239	326	
58	236	307	
58	234	335	
56	336	233	
58	229	341	
56	343	231	
56	357	229	
56	359	228	
59	228	334	
56	361	226	
60	223	316	
57	335	224	
57	355	223	
57	365	221	
60	222	349	
61	221	330	
58	341	216	
62	215	316	
58	373	215	
59	350	213	
63	214	308	
63	213	336	
60	349	207	
63	207	346	
60	356	205	
63	206	351	
64	205	345	
61	363	203	
65	202	326	
61	378	201	
65	195	360	
62	343	199	
62	350	197	
63	358	191	
67	189	335	
64	336	190	
64	355	188	
68	187	349	
65	344	184	
69	181	335	
66	332	183	
66	341	181	
70	180	327	
66	378	180	
70	178	382	
67	338	179	
67	375	178	
71	176	332	
68	354	177	
68	364	173	
72	173	324	
73	170	336	
69	361	171	
71	380	170	
73	169	374	
72	350	169	
74	167	324	
72	357	167	
75	165	388	
73	351	165	
76	162	325	
73	366	163	
75	341	162	
78	160	308	
76	360	161	
77	336	160	
78	158	338	
77	356	157	
79	157	320	
80	154	308	
78	360	155	
53	296	306	
79	344	153	
54	280	289	
80	153	339	
82	149	309	
80	338	152	
81	337	150	
54	313	265	
54	305	275	
82	342	148	
83	148	352	
84	147	327	
83	337	147	
85	144	322	
54	293	288	
84	334	145	
54	301	281	
54	297	286	
85	324	144	
86	143	341	
54	299	285	
54	312	270	
55	288	259	
85	342	142	
86	142	350	
55	341	243	
55	339	248	
88	141	301	
56	289	248	
86	347	140	
56	296	246	
88	138	320	
55	295	257	
56	299	244	
55	284	265	
55	273	298	
55	272	300	
56	305	241	
88	339	137	
55	271	302	
55	283	270	
55	275	281	
89	137	341	
90	136	316	
57	241	309	
56	253	315	
56	332	239	
89	348	136	
57	251	296	
91	135	338	
57	312	238	
57	240	323	
55	280	279	
57	288	239	
90	336	134	
57	316	235	
58	233	340	
91	134	355	
56	342	232	
59	232	319	
59	343	215	
55	281	278	
56	278	273	
56	282	260	
59	234	315	
59	231	324	
92	132	315	
56	280	267	
56	281	262	
56	277	275	
56	273	282	
57	327	234	
91	322	133	
56	275	279	
58	294	231	
57	268	260	
57	247	306	
91	341	132	
92	131	339	
58	249	290	
58	303	226	
57	255	282	
92	314	131	
56	287	250	
93	130	325	
57	258	275	
58	247	298	
56	285	254	
57	254	287	
58	244	301	
93	319	129	
59	319	220	
94	128	285	
58	253	264	
59	312	224	
58	251	287	
58	285	237	
58	242	304	
58	291	234	
60	233	292	
59	242	287	
59	238	300	
59	248	279	
60	325	213	
59	325	219	
56	284	259	
60	232	304	
95	311	126	
95	127	327	
57	274	257	
60	310	218	
60	311	217	
57	277	254	
61	318	212	
95	126	352	
61	222	329	
60	315	215	
60	229	315	
64	210	313	
62	321	203	
57	286	246	
61	227	284	
57	257	280	
61	327	211	
59	250	262	
57	284	248	
60	239	281	
59	249	277	
61	333	207	
96	124	335	
61	335	206	
57	283	249	
57	282	251	
64	208	324	
64	206	342	
96	316	125	
58	278	243	
66	200	334	
61	225	301	
58	265	258	
58	271	255	
59	247	284	
64	207	328	
98	294	122	
60	289	219	
97	122	322	
58	259	261	
61	223	307	
66	198	338	
58	273	253	
60	247	269	
58	274	252	
62	219	313	
59	272	242	
60	282	225	
66	197	343	
59	255	257	
59	261	254	
59	291	229	
62	221	311	
60	245	278	
98	121	304	
62	297	210	
59	267	253	
61	305	213	
63	220	292	
59	302	228	
62	301	208	
64	307	196	
60	244	280	
59	275	241	
59	270	251	
59	281	236	
61	246	264	
61	243	270	
100	338	121	
99	120	370	
64	329	192	
59	283	234	
63	319	200	
60	256	246	
61	242	273	
62	311	206	
62	225	286	
61	241	274	
61	233	281	
100	118	330	
101	315	120	
61	239	280	
59	279	240	
65	207	305	
61	240	279	
63	219	304	
60	278	230	
61	298	217	
60	249	267	
62	238	268	
64	214	300	
61	248	258	
62	282	212	
101	343	119	
60	269	240	
60	262	243	
62	237	274	
60	252	255	
66	206	310	
61	247	261	
71	178	329	
67	199	311	
60	276	237	
67	201	305	
64	219	286	
63	231	266	
64	213	312	
66	202	319	
61	245	269	
62	242	259	
65	212	288	
62	241	261	
101	116	340	
61	259	239	
102	286	118	
61	272	229	
67	196	329	
65	334	189	
64	221	282	
63	225	277	
103	307	117	
61	253	244	
63	313	204	
66	204	317	
62	251	251	
61	265	238	
62	248	255	
61	279	223	
67	205	296	
68	193	303	
61	269	237	
68	188	348	
102	114	300	
103	335	116	
62	252	249	
62	260	228	
65	210	304	
63	244	252	
64	298	203	
63	240	261	
66	208	297	
62	249	254	
64	227	270	
63	298	206	
63	237	265	
63	250	244	
105	302	115	
64	238	246	
68	191	320	
62	269	227	
66	323	187	
65	224	268	
65	308	193	
63	243	254	
62	256	237	
62	278	219	
64	237	259	
65	221	279	
64	236	263	
65	216	285	
103	113	342	
63	249	251	
63	252	240	
63	242	258	
105	315	114	
68	189	326	
62	276	226	
65	214	287	
65	219	282	
65	235	244	
66	317	191	
66	327	186	
67	210	284	
63	268	223	
63	293	209	
65	230	258	
63	257	226	
62	296	211	
66	221	270	
65	227	261	
66	216	281	
105	112	363	
69	187	330	
66	219	273	
106	290	113	
69	343	174	
68	204	290	
67	209	286	
67	214	268	
63	275	217	
65	284	204	
64	284	210	
64	302	202	
64	245	241	
68	208	283	
63	251	243	
107	110	314	
64	253	234	
66	213	287	
67	218	263	
106	318	112	
68	203	293	
70	188	318	
69	334	177	
68	206	286	
65	297	201	
67	213	273	
63	273	219	
68	199	300	
69	192	309	
63	256	236	
65	301	199	
64	278	215	
66	224	259	
65	250	234	
64	252	236	
64	266	219	
67	320	182	
66	234	249	
70	191	310	
65	287	202	
109	279	111	
70	185	326	
67	309	188	
69	199	291	
70	340	172	
66	223	268	
66	233	251	
64	244	243	
65	276	210	
71	187	305	
65	245	240	
66	220	272	
67	315	185	
65	306	197	
66	231	256	
64	255	233	
68	212	279	
66	298	197	
65	269	216	
65	247	238	
64	265	221	
64	273	218	
71	181	321	
71	188	303	
109	109	335	
65	254	226	
68	317	180	
68	210	281	
64	264	225	
109	340	110	
69	197	296	
66	294	200	
67	311	186	
65	265	217	
67	232	244	
71	343	171	
67	228	252	
67	297	193	
65	241	241	
65	260	218	
66	242	228	
69	201	289	
65	252	233	
69	211	271	
65	274	214	
66	292	201	
69	212	268	
69	207	276	
69	203	288	
65	282	207	
69	196	300	
110	108	286	
69	210	273	
69	325	179	
72	178	307	
68	227	241	
70	202	275	
111	333	109	
66	264	212	
68	223	250	
66	297	198	
67	239	226	
66	274	208	
70	193	301	
68	226	243	
70	331	175	
67	291	199	
66	257	216	
68	294	191	
68	221	259	
71	194	289	
67	234	240	
70	197	285	
67	296	198	
67	278	201	
67	238	236	
67	217	265	
66	279	205	
110	107	332	
68	280	197	
66	269	210	
113	300	108	
69	218	250	
69	215	257	
70	313	178	
70	201	280	
66	256	218	
68	308	184	
68	275	199	
66	251	224	
71	191	301	
68	306	186	
72	190	287	
70	208	266	
68	289	196	
70	327	177	
74	344	164	
73	318	170	
71	328	173	
70	212	255	
68	312	183	
110	106	374	
69	303	184	
68	262	203	
113	313	107	
67	249	222	
73	348	169	
70	207	269	
67	266	209	
66	250	227	
68	235	234	
74	332	168	
71	199	272	
69	300	189	
74	321	169	
73	310	171	
72	187	298	
68	292	195	
71	310	176	
71	337	172	
67	255	219	
70	206	274	
111	104	332	
70	305	181	
72	182	304	
74	335	165	
69	285	194	
114	288	106	
68	248	219	
69	220	248	
69	284	195	
71	324	175	
72	195	276	
72	176	323	
68	234	236	
69	232	234	
68	258	210	
70	287	187	
72	321	172	
73	176	319	
70	211	263	
69	290	193	
71	203	269	
73	186	291	
69	225	244	
70	210	265	
68	247	221	
72	189	297	
69	292	192	
68	252	217	
68	237	233	
69	231	237	
72	194	278	
73	187	289	
69	222	247	
71	210	256	
72	207	256	
69	242	218	
74	174	316	
73	184	296	
72	208	254	
114	316	105	
69	236	226	
69	230	239	
72	308	174	
74	176	310	
68	254	216	
70	294	184	
70	222	246	
70	279	192	
69	248	214	
71	217	248	
77	321	161	
72	201	263	
70	228	235	
69	269	202	
70	224	244	
71	306	178	
71	216	251	
69	234	233	
73	190	278	
69	278	197	
70	226	241	
70	225	243	
73	183	297	
70	223	245	
69	273	200	
112	102	292	
75	172	309	
71	221	241	
72	214	246	
69	253	210	
70	233	224	
73	179	306	
71	302	182	
70	219	248	
71	201	271	
70	227	237	
71	224	234	
117	277	104	
74	180	287	
70	273	198	
71	220	243	
69	255	208	
70	264	201	
70	239	216	
73	196	270	
72	216	242	
70	232	227	
70	229	234	
70	272	199	
72	212	248	
71	264	195	
72	294	183	
72	199	271	
70	278	194	
75	168	319	
74	184	282	
70	283	191	
73	189	288	
72	299	180	
72	205	262	
71	227	231	
70	259	207	
73	200	265	
73	300	173	
74	334	167	
78	337	158	
75	177	303	
74	178	304	
75	313	168	
72	206	261	
117	338	103	
75	319	167	
71	276	190	
71	285	185	
70	238	218	
71	223	240	
70	245	212	
76	320	163	
69	247	217	
70	261	205	
73	199	267	
73	205	247	
75	323	165	
73	194	277	
72	303	178	
72	305	176	
75	179	293	
72	211	253	
72	223	232	
71	280	189	
71	256	201	
73	204	249	
74	195	267	
72	218	240	
75	176	307	
74	193	270	
72	297	182	
71	249	207	
71	267	193	
71	231	228	
76	167	308	
79	331	156	
72	220	238	
113	101	334	
73	203	255	
70	251	210	
71	288	184	
72	228	226	
70	253	209	
76	173	301	
73	291	177	
75	178	302	
73	286	181	
71	237	223	
120	309	102	
74	190	277	
73	202	261	
74	199	263	
71	226	233	
73	213	237	
75	188	273	
73	277	184	
72	222	237	
74	191	276	
72	234	217	
76	176	299	
74	201	261	
74	197	266	
73	221	231	
72	244	203	
74	202	256	
77	165	313	
71	254	205	
75	305	170	
75	198	253	
71	263	199	
115	100	355	
73	295	176	
72	272	192	
77	178	274	
72	227	228	
75	199	251	
72	232	224	
71	248	209	
72	240	210	
73	212	245	
75	186	275	
72	277	189	
72	254	199	
121	302	101	
73	224	230	
75	197	257	
73	230	214	
72	233	219	
72	274	191	
73	220	233	
77	175	285	
75	194	266	
75	195	260	
75	191	271	
74	210	235	
73	226	229	
74	183	284	
77	168	294	
74	297	171	
72	262	197	
73	218	235	
73	271	190	
76	311	166	
77	163	316	
75	193	268	
76	179	286	
74	222	222	
73	227	225	
73	276	189	
76	189	259	
73	258	192	
76	184	269	
76	180	285	
118	99	321	
76	307	167	
74	205	245	
74	260	188	
72	236	216	
78	315	160	
75	190	272	
74	274	182	
73	229	224	
74	215	233	
73	289	179	
76	182	283	
122	294	100	
76	292	169	
74	288	175	
79	314	158	
74	227	212	
76	183	282	
74	220	231	
74	255	190	
75	205	242	
74	269	187	
74	283	179	
73	252	201	
74	221	224	
73	235	210	
77	308	164	
75	214	229	
76	181	284	
74	292	174	
76	188	264	
73	237	208	
76	199	245	
119	98	330	
74	286	177	
80	325	155	
78	165	291	
76	204	239	
74	247	198	
123	282	98	
76	193	258	
76	206	232	
76	197	253	
75	277	181	
76	195	257	
75	217	228	
74	241	207	
77	174	289	
77	317	163	
74	272	186	
77	167	299	
77	195	251	
76	285	172	
76	220	220	
74	226	221	
75	238	201	
77	290	167	
75	280	180	
75	267	185	
77	305	166	
75	213	231	
77	171	293	
120	95	324	
75	283	175	
75	264	186	
76	198	247	
76	186	267	
74	254	197	
75	224	215	
76	216	225	
78	302	163	
77	194	253	
76	268	178	
77	177	284	
75	231	207	
75	270	184	
80	315	156	
75	244	196	
78	182	260	
74	246	201	
76	203	243	
84	148	297	
78	177	278	
77	187	265	
81	317	153	
77	193	254	
76	205	234	
78	169	288	
78	192	246	
78	176	280	
75	272	183	
77	202	244	
75	246	195	
77	185	267	
78	174	284	
77	188	259	
77	197	250	
78	163	307	
79	290	162	
77	203	236	
78	288	165	
77	219	215	
78	190	256	
76	215	227	
78	199	237	
76	274	175	
77	208	225	
76	263	182	
79	161	295	
75	249	193	
78	181	262	
79	173	275	
76	260	184	
77	216	220	
77	220	213	
79	174	273	
76	214	228	
126	292	97	
79	294	161	
75	236	205	
78	180	271	
78	198	239	
77	286	169	
80	171	266	
82	328	152	
78	189	258	
75	259	189	
79	187	249	
76	228	205	
76	236	200	
76	253	189	
77	282	173	
76	225	214	
80	301	160	
77	250	188	
79	179	269	
78	209	223	
77	240	192	
78	197	244	
83	316	151	
77	226	204	
83	336	148	
81	314	155	
77	252	187	
80	170	268	
78	274	174	
127	314	96	
79	201	231	
79	193	240	
80	312	159	
79	178	271	
79	186	251	
79	287	164	
76	235	203	
76	248	194	
79	166	290	
77	207	227	
78	279	171	
79	160	297	
83	319	150	
78	205	232	
78	218	213	
78	212	221	
77	257	182	
77	260	180	
78	221	208	
80	167	288	
80	169	286	
78	277	173	
81	293	159	
79	184	258	
78	206	227	
81	299	158	
77	265	176	
78	216	216	
81	157	295	
123	94	326	
77	233	203	
77	239	199	
81	308	157	
78	229	198	
78	285	167	
81	164	287	
79	205	225	
81	169	273	
83	301	152	
79	208	220	
80	179	259	
84	324	148	
80	185	247	
78	237	190	
79	191	248	
78	284	170	
82	164	276	
77	254	186	
79	200	233	
129	284	95	
79	214	214	
80	182	255	
79	198	237	
79	270	170	
81	310	156	
80	195	237	
78	270	175	
79	199	235	
79	204	229	
79	192	242	
78	252	184	
79	273	168	
87	142	321	
79	266	172	
81	159	293	
80	189	244	
80	178	260	
78	242	188	
80	202	224	
80	197	235	
79	211	219	
78	247	186	
79	218	206	
79	261	177	
82	307	154	
125	93	324	
81	163	291	
80	199	231	
81	176	254	
82	154	292	
80	176	264	
79	213	218	
82	303	156	
80	207	218	
80	200	229	
78	256	182	
78	236	197	
78	257	181	
81	181	252	
81	193	231	
85	319	147	
81	191	237	
130	323	94	
79	276	167	
80	194	238	
79	285	166	
82	160	285	
82	311	153	
81	162	292	
80	210	215	
80	217	210	
79	226	196	
80	247	180	
81	186	244	
79	225	204	
79	256	180	
81	190	242	
78	251	185	
80	216	213	
80	270	166	
80	284	165	
80	250	178	
81	205	216	
82	184	242	
81	175	260	
85	147	281	
80	219	202	
80	242	184	
79	236	192	
81	201	222	
81	212	208	
82	188	234	
80	286	163	
127	92	345	
80	256	175	
86	318	143	
85	294	149	
81	197	230	
82	302	157	
82	182	245	
79	246	186	
79	265	175	
79	233	195	
82	171	261	
87	317	141	
81	292	161	
83	296	155	
82	194	225	
83	286	157	
81	275	165	
81	282	163	
82	167	274	
82	287	158	
82	272	160	
84	310	150	
131	298	93	
84	295	151	
80	230	194	
80	263	170	
83	155	278	
83	164	272	
82	187	236	
80	235	189	
82	180	248	
88	330	140	
83	163	273	
81	210	214	
80	225	201	
83	169	267	
81	203	221	
80	267	168	
81	239	182	
81	234	187	
82	179	250	
131	91	311	
81	222	200	
82	207	209	
81	225	196	
81	216	206	
83	172	251	
80	260	174	
82	203	215	
86	145	295	
83	168	269	
82	170	266	
81	232	191	
82	199	222	
86	302	147	
82	177	252	
82	186	240	
82	217	198	
82	192	232	
83	196	218	
80	245	182	
131	326	92	
81	257	172	
83	166	271	
81	247	176	
82	225	188	
82	211	207	
83	170	258	
83	180	245	
83	183	240	
83	299	154	
83	190	227	
84	164	262	
84	281	156	
84	167	259	
81	221	201	
84	169	255	
82	193	227	
83	186	238	
92	134	312	
82	206	212	
83	179	247	
82	214	206	
82	216	204	
83	178	249	
83	182	244	
86	144	305	
132	87	314	
81	242	180	
82	263	169	
83	282	158	
84	288	155	
84	181	236	
83	214	201	
82	261	170	
82	220	195	
82	253	175	
83	159	277	
81	267	167	
81	236	186	
83	171	253	
83	189	229	
84	152	295	
84	174	244	
83	248	172	
86	315	146	
89	312	139	
83	203	210	
83	162	275	
83	211	205	
83	200	217	
84	187	230	
83	257	166	
133	321	91	
82	233	185	
83	252	170	
82	270	165	
83	208	207	
85	148	279	
83	195	220	
84	199	212	
84	292	154	
83	243	177	
84	185	233	
84	193	225	
83	154	283	
84	161	270	
84	163	264	
86	316	145	
87	297	144	
84	180	239	
89	325	138	
82	235	184	
84	210	203	
83	264	164	
84	194	217	
84	269	159	
85	192	217	
82	222	194	
84	277	157	
85	274	152	
84	160	272	
82	239	181	
84	179	243	
83	210	206	
83	238	180	
84	170	253	
83	228	187	
84	216	194	
83	268	163	
90	317	137	
85	188	223	
83	224	192	
85	183	229	
85	175	240	
82	219	197	
84	229	180	
84	206	206	
84	186	232	
84	213	201	
85	159	273	
84	214	198	
136	334	90	
84	223	193	
83	232	186	
84	236	178	
84	173	246	
85	204	202	
84	262	162	
86	158	269	
85	161	267	
85	165	256	
84	245	170	
85	185	227	
84	197	216	
85	218	186	
88	308	143	
85	171	246	
85	180	237	
85	196	210	
85	181	234	
85	210	196	
87	289	147	
86	177	237	
85	187	225	
83	255	168	
86	160	262	
86	153	276	
86	293	151	
84	259	164	
89	140	304	
84	239	176	
86	166	253	
85	201	208	
86	170	248	
86	159	267	
87	285	151	
88	313	142	
86	162	258	
85	266	158	
86	187	220	
86	180	234	
87	180	228	
86	157	274	
84	249	168	
85	238	175	
85	164	258	
89	138	310	
87	167	243	
138	348	88	
86	195	211	
87	179	230	
87	144	279	
89	299	141	
86	202	202	
84	252	166	
86	208	197	
85	225	184	
85	241	173	
87	157	267	
86	184	225	
87	152	275	
86	192	215	
86	214	195	
86	175	239	
87	174	237	
87	177	232	
88	151	260	
86	200	206	
86	190	219	
86	217	193	
85	257	165	
85	235	177	
86	254	160	
87	175	235	
86	264	156	
85	259	163	
87	213	190	
89	285	143	
87	186	218	
87	210	193	
87	205	195	
87	198	206	
87	164	251	
87	173	239	
87	231	172	
87	288	149	
87	158	265	
87	159	261	
87	192	212	
85	228	182	
86	246	164	
86	240	172	
87	183	227	
87	191	214	
88	268	150	
87	184	220	
87	161	256	
86	237	175	
87	226	180	
88	164	241	
87	163	253	
88	287	145	
86	224	184	
88	181	218	
85	249	166	
87	199	205	
89	141	277	
87	190	216	
86	243	170	
88	195	205	
86	152	278	
86	259	158	
88	283	147	
90	291	139	
88	214	184	
86	269	154	
87	149	276	
88	201	198	
88	168	237	
88	176	232	
88	188	216	
91	137	312	
88	224	176	
91	296	137	
88	177	229	
92	139	283	
88	194	210	
87	217	189	
87	239	166	
86	245	169	
136	86	328	
89	174	230	
88	190	214	
92	303	136	
88	198	204	
89	156	256	
89	178	222	
88	162	254	
89	188	210	
88	191	213	
88	209	190	
88	220	182	
92	137	291	
89	183	214	
89	195	200	
89	172	233	
90	140	293	
88	163	249	
89	193	206	
87	271	153	
87	249	162	
92	309	134	
89	158	254	
89	266	148	
89	162	248	
143	333	87	
88	261	155	
89	203	194	
86	263	157	
87	238	170	
90	286	142	
89	177	226	
88	213	187	
89	148	273	
87	272	152	
89	161	253	
88	223	180	
93	135	286	
89	176	229	
89	191	208	
88	254	156	
89	206	192	
100	120	294	
88	251	158	
89	171	235	
88	235	171	
89	279	145	
90	160	243	
141	85	296	
89	212	185	
89	220	178	
90	174	224	
89	163	245	
89	251	154	
90	169	229	
89	230	170	
89	218	183	
89	231	166	
89	187	213	
90	203	186	
89	198	199	
89	241	162	
89	202	197	
90	191	201	
89	149	272	
89	229	174	
90	164	240	
90	185	207	
90	177	220	
90	179	217	
90	212	182	
89	256	152	
90	150	261	
90	156	250	
90	195	196	
90	228	164	
144	336	85	
90	167	239	
90	210	183	
89	248	156	
90	215	181	
93	134	288	
93	133	304	
90	222	174	
91	163	235	
90	146	274	
89	155	258	
90	200	192	
90	168	235	
90	149	263	
90	273	145	
91	173	222	
90	182	216	
91	140	289	
91	209	180	
90	148	265	
143	83	281	
90	183	211	
90	280	144	
90	189	205	
91	176	217	
91	154	248	
90	155	252	
91	180	213	
97	126	299	
90	238	160	
90	159	249	
91	168	233	
90	163	242	
91	170	227	
91	217	174	
91	146	258	
93	288	134	
90	226	172	
91	283	141	
91	175	220	
93	305	133	
91	153	250	
91	188	200	
90	197	195	
89	265	149	
91	142	273	
92	165	228	
92	157	241	
92	140	280	
91	159	246	
90	188	206	
92	172	222	
93	284	136	
90	261	150	
91	224	172	
92	183	204	
91	190	199	
96	127	306	
92	194	192	
92	179	210	
91	289	140	
91	281	143	
91	201	190	
91	271	147	
93	269	138	
91	279	144	
94	310	131	
90	241	158	
91	216	176	
91	226	170	
92	160	240	
92	171	224	
91	193	198	
91	208	185	
92	272	143	
92	175	214	
93	137	274	
95	292	130	
92	173	220	
92	215	179	
92	161	239	
92	223	168	
91	152	254	
92	258	146	
92	145	263	
92	289	139	
92	279	141	
93	170	215	
92	205	183	
91	196	195	
92	200	190	
93	159	231	
93	209	179	
92	168	227	
92	201	189	
92	218	173	
92	250	150	
93	215	176	
91	263	149	
91	234	163	
92	164	230	
92	192	196	
92	182	208	
90	255	153	
92	148	253	
93	167	221	
93	197	185	
93	172	212	
93	143	270	
90	245	157	
93	180	202	
92	156	246	
92	262	145	
93	214	178	
91	265	148	
92	221	172	
146	331	84	
91	253	153	
94	293	133	
90	248	155	
92	190	198	
92	233	158	
93	205	180	
94	208	172	
92	245	152	
92	238	154	
93	153	238	
93	217	171	
93	193	195	
93	190	197	
93	189	199	
94	141	254	
92	216	174	
92	152	250	
93	187	201	
91	141	275	
93	223	165	
93	261	144	
93	178	208	
146	82	292	
93	204	183	
94	186	195	
94	193	190	
93	166	223	
93	191	196	
93	219	170	
93	196	191	
94	180	200	
93	141	272	
98	125	299	
93	151	249	
92	232	162	
94	201	181	
93	176	211	
93	163	228	
94	191	194	
94	194	185	
93	138	273	
93	165	225	
94	217	169	
93	152	244	
93	230	156	
93	247	149	
93	216	173	
94	136	270	
96	302	128	
94	173	208	
94	192	193	
94	149	248	
151	338	83	
94	168	215	
94	176	206	
93	157	237	
94	218	168	
94	164	221	
93	162	230	
95	205	175	
93	250	147	
94	156	231	
95	185	192	
94	228	163	
101	297	121	
93	267	143	
94	283	135	
94	135	274	
94	162	227	
95	221	164	
94	140	256	
95	200	184	
94	222	167	
95	159	228	
95	211	171	
95	264	137	
95	192	189	
95	177	202	
147	81	275	
93	243	150	
95	204	178	
95	150	241	
95	227	158	
95	184	197	
94	265	141	
95	219	165	
96	192	182	
95	163	225	
96	160	218	
93	257	145	
92	236	156	
95	286	133	
95	146	251	
95	218	166	
93	240	152	
95	168	214	
95	191	191	
95	215	168	
96	202	174	
96	306	127	
95	183	198	
95	226	160	
97	127	287	
95	134	284	
95	274	135	
95	250	142	
95	171	212	
96	185	191	
96	190	187	
96	133	266	
95	153	237	
95	225	163	
95	161	227	
96	147	242	
97	309	125	
96	179	196	
96	171	207	
94	255	145	
97	287	129	
151	358	81	
95	214	170	
96	199	180	
95	247	144	
95	139	269	
95	155	235	
96	201	178	
96	167	212	
96	271	130	
96	220	154	
106	112	311	
95	176	204	
93	233	154	
96	175	205	
96	137	254	
96	207	168	
96	157	226	
96	214	164	
95	240	146	
96	152	236	
97	182	189	
101	119	319	
96	184	192	
96	154	229	
97	157	216	
97	300	128	
95	145	253	
96	227	152	
149	80	307	
97	174	201	
97	193	180	
96	170	211	
96	178	198	
95	258	141	
96	132	282	
97	197	178	
96	176	203	
96	146	250	
94	240	151	
96	141	251	
96	151	240	
97	169	210	
97	173	205	
97	144	235	
97	176	198	
97	161	214	
97	184	188	
97	191	186	
97	201	170	
98	169	199	
98	130	269	
95	135	273	
97	132	271	
97	251	138	
97	216	162	
97	189	187	
97	168	211	
98	190	180	
97	152	233	
94	230	155	
98	197	173	
97	211	164	
100	126	269	
98	175	195	
96	149	241	
96	230	150	
98	161	209	
96	156	228	
98	186	185	
100	121	292	
98	180	193	
97	156	226	
98	148	231	
98	194	176	
99	285	124	
97	261	134	
100	125	287	
98	154	222	
150	78	339	
96	254	141	
97	142	250	
98	215	158	
98	167	205	
98	210	166	
98	129	271	
98	188	183	
96	237	148	
97	136	264	
99	153	218	
98	140	246	
99	172	192	
104	113	321	
99	203	167	
99	196	169	
96	244	145	
100	181	186	
99	274	129	
99	179	191	
98	213	162	
98	134	252	
99	151	224	
100	192	174	
99	128	277	
100	200	165	
97	242	143	
156	370	80	
98	173	198	
98	165	208	
99	183	188	
99	187	184	
99	181	190	
100	188	182	
99	127	279	
97	232	147	
98	199	171	
99	212	161	
99	164	202	
99	142	240	
100	184	185	
100	179	188	
100	186	183	
100	176	189	
99	157	215	
101	184	179	
98	237	142	
100	207	160	
98	156	221	
98	132	258	
98	253	136	
98	260	133	
99	195	174	
99	284	126	
99	159	214	
98	250	138	
101	177	182	
99	149	227	
99	222	146	
101	186	178	
99	217	156	
100	263	126	
101	124	278	
98	229	150	
99	239	140	
99	138	250	
100	156	211	
98	146	234	
100	170	195	
98	266	132	
99	162	206	
101	189	176	
99	168	201	
99	141	242	
100	147	225	
100	214	154	
99	139	249	
101	193	171	
99	131	268	
101	123	280	
158	360	79	
101	204	163	
100	168	199	
100	139	233	
99	148	229	
101	149	222	
100	129	265	
101	211	152	
101	166	199	
98	269	130	
99	143	239	
101	159	205	
100	169	196	
101	174	189	
99	256	133	
100	135	248	
102	186	170	
99	242	138	
101	153	215	
101	161	202	
99	229	144	
102	276	122	
100	146	227	
102	193	167	
99	266	131	
102	121	289	
99	129	269	
101	152	219	
155	77	307	
100	253	130	
102	160	198	
102	131	248	
99	246	137	
101	169	192	
101	138	240	
102	206	156	
102	182	177	
102	198	163	
102	174	185	
101	279	125	
101	209	158	
100	145	231	
101	195	169	
102	167	194	
102	170	191	
103	119	296	
101	151	221	
102	152	208	
102	205	162	
101	133	250	
103	121	260	
102	146	213	
102	183	176	
101	239	134	
102	130	251	
102	195	166	
102	134	246	
103	172	188	
105	113	302	
103	198	160	
99	232	142	
101	217	150	
101	141	230	
103	120	278	
101	125	277	
102	180	179	
101	283	124	
102	128	261	
163	336	78	
104	116	277	
111	305	110	
102	125	275	
101	145	227	
102	165	197	
102	137	244	
102	129	259	
102	229	138	
102	157	207	
100	134	250	
110	109	284	
103	164	192	
105	289	117	
104	167	185	
102	127	263	
101	143	229	
103	179	179	
103	134	231	
103	149	206	
104	173	182	
157	76	357	
103	192	169	
103	197	165	
103	183	173	
101	220	148	
103	200	158	
103	156	202	
102	219	142	
102	144	224	
102	145	221	
104	177	181	
103	181	177	
104	192	163	
104	185	166	
103	210	152	
102	138	239	
103	267	124	
102	126	267	
103	213	150	
103	193	166	
102	242	133	
103	162	195	
105	178	177	
104	207	148	
103	142	228	
104	179	176	
102	252	129	
103	129	245	
103	138	229	
104	141	226	
104	202	156	
103	277	120	
105	177	178	
103	128	249	
105	175	181	
104	159	195	
104	182	175	
163	356	77	
103	133	233	
103	127	250	
102	245	132	
104	194	162	
102	150	212	
112	311	109	
102	258	128	
106	171	180	
104	165	188	
105	115	287	
105	179	175	
106	177	169	
105	169	183	
104	143	224	
104	157	198	
103	144	223	
105	183	172	
105	200	155	
103	154	205	
109	112	301	
105	163	186	
104	139	228	
104	196	161	
104	258	122	
106	173	179	
102	235	136	
161	75	313	
105	144	217	
109	111	311	
111	107	275	
104	215	146	
103	145	220	
104	153	203	
104	199	159	
105	188	159	
105	139	225	
105	203	153	
105	143	220	
104	243	129	
105	162	192	
106	176	176	
107	114	291	
105	172	182	
105	195	157	
103	228	139	
106	137	212	
103	266	125	
105	154	196	
103	280	119	
103	227	140	
104	132	244	
103	126	259	
106	160	192	
105	134	226	
104	250	128	
107	168	176	
107	113	299	
105	120	254	
104	126	258	
105	130	231	
105	221	134	
104	231	136	
104	267	121	
104	217	144	
104	237	134	
105	126	241	
105	151	203	
106	204	150	
106	170	182	
167	354	75	
105	213	147	
106	147	205	
106	167	183	
106	162	191	
106	283	118	
108	113	281	
104	254	127	
106	182	168	
107	272	116	
106	199	153	
106	192	155	
106	119	264	
107	174	172	
105	231	130	
106	186	165	
107	159	188	
107	153	198	
105	216	144	
107	157	194	
110	112	273	
107	163	185	
107	210	139	
106	268	120	
106	184	167	
106	212	147	
106	277	119	
164	74	274	
106	215	145	
105	249	126	
107	185	161	
108	162	181	
108	197	152	
105	150	205	
107	151	200	
106	217	143	
107	183	163	
106	118	273	
106	145	208	
107	115	279	
108	156	190	
107	167	181	
116	100	336	
108	144	199	
107	181	167	
107	256	119	
108	198	151	
106	250	124	
108	206	144	
108	172	175	
107	209	140	
107	281	115	
106	125	248	
108	176	165	
106	240	128	
108	117	266	
109	198	146	
107	208	146	
108	154	193	
109	167	172	
108	118	264	
108	203	150	
108	160	186	
106	143	211	
108	185	158	
108	152	196	
107	123	244	
108	195	154	
107	133	221	
107	141	206	
107	239	126	
108	175	166	
106	129	239	
109	165	175	
109	114	267	
109	190	154	
112	289	110	
108	158	189	
105	132	229	
108	181	163	
109	159	185	
165	72	300	
109	174	171	
109	196	152	
110	151	191	
109	180	161	
110	152	183	
119	316	103	
109	157	186	
108	129	232	
109	155	189	
107	128	240	
110	189	151	
110	173	164	
107	220	135	
108	267	118	
108	128	234	
110	145	198	
108	225	129	
109	188	157	
109	119	244	
110	158	179	
108	251	123	
109	154	192	
109	176	164	
107	242	124	
109	197	149	
107	219	136	
110	171	167	
107	122	246	
110	147	196	
109	126	239	
109	184	159	
108	136	214	
108	215	138	
110	184	154	
108	132	225	
109	130	230	
109	202	145	
114	101	313	
110	270	113	
109	113	269	
109	117	258	
109	205	143	
108	255	122	
110	183	160	
110	163	177	
110	126	225	
108	125	243	
172	366	74	
111	178	158	
107	139	209	
109	241	122	
110	194	150	
108	235	125	
108	121	252	
110	150	194	
109	264	118	
110	134	218	
109	218	137	
110	169	171	
111	265	117	
109	125	242	
114	273	108	
117	100	315	
108	142	202	
109	208	142	
110	213	134	
110	125	235	
109	251	121	
110	203	144	
111	187	147	
110	116	260	
111	122	234	
111	146	194	
110	170	170	
111	166	173	
111	194	141	
109	128	233	
111	155	176	
115	284	105	
110	129	223	
108	223	132	
111	150	192	
110	256	118	
112	172	160	
111	268	116	
110	201	145	
109	139	206	
111	169	169	
112	166	171	
111	170	167	
111	135	215	
112	159	173	
109	231	126	
110	137	211	
110	118	252	
109	255	120	
112	179	157	
112	149	187	
110	133	220	
110	132	221	
112	253	113	
110	114	264	
110	218	132	
110	211	138	
111	151	190	
111	140	201	
113	160	166	
112	163	172	
111	204	137	
112	134	210	
110	156	182	
110	253	119	
111	171	166	
111	130	219	
113	283	110	
110	209	139	
111	249	119	
112	181	156	
113	136	201	
114	143	182	
112	169	166	
111	132	218	
111	144	196	
110	117	256	
111	248	120	
113	142	200	
110	223	130	
111	113	261	
112	185	153	
111	278	112	
177	354	73	
112	133	212	
110	229	124	
111	116	256	
113	175	153	
111	112	263	
113	170	162	
112	117	248	
112	239	120	
111	139	203	
112	212	135	
111	217	130	
113	181	151	
120	287	103	
112	120	225	
112	111	267	
111	120	240	
113	145	195	
111	254	118	
111	118	250	
112	115	252	
110	228	128	
112	132	216	
112	211	136	
114	142	191	
111	239	123	
169	71	293	
114	141	193	
112	201	140	
111	226	128	
113	128	214	
113	216	130	
113	205	136	
114	168	161	
113	106	269	
112	191	143	
112	125	222	
112	116	250	
112	243	118	
112	118	247	
114	153	175	
111	224	129	
113	215	133	
114	210	133	
112	237	123	
113	219	127	
114	272	112	
114	133	204	
112	113	259	
115	101	294	
113	184	149	
115	139	191	
112	203	139	
115	254	112	
113	212	134	
113	157	173	
114	173	153	
113	199	138	
113	231	116	
113	116	240	
113	114	254	
114	166	164	
119	99	303	
114	132	208	
115	208	132	
115	105	290	
114	209	135	
111	119	242	
113	226	126	
119	100	301	
112	250	116	
113	189	145	
114	151	178	
115	264	110	
115	207	133	
114	111	257	
121	96	316	
117	105	288	
179	352	71	
115	157	170	
112	119	238	
114	170	160	
113	112	256	
114	184	144	
115	131	207	
115	172	155	
115	215	131	
114	179	149	
115	188	139	
115	136	197	
113	126	220	
114	227	125	
115	197	137	
115	110	263	
115	165	163	
118	105	262	
121	286	102	
116	209	128	
115	219	122	
118	104	286	
113	115	242	
116	197	135	
115	218	128	
116	171	158	
115	204	136	
116	150	169	
114	112	250	
115	147	176	
170	69	319	
115	130	209	
116	162	160	
115	123	217	
114	193	141	
115	217	129	
116	275	107	
115	135	201	
117	163	156	
114	228	124	
113	229	123	
116	205	133	
116	173	152	
116	108	267	
114	116	236	
114	182	147	
114	242	115	
114	123	221	
114	118	234	
119	103	278	
115	129	211	
115	132	206	
122	97	306	
115	270	109	
116	142	184	
116	133	201	
116	138	195	
117	109	252	
116	178	150	
116	110	261	
115	124	216	
116	114	235	
119	104	269	
116	158	166	
118	197	134	
116	216	126	
116	245	110	
116	135	198	
115	180	147	
117	176	145	
116	207	131	
115	128	213	
115	127	215	
117	192	138	
117	141	190	
116	132	205	
116	160	163	
117	137	192	
116	265	109	
117	110	242	
115	116	231	
119	102	279	
116	127	210	
118	203	131	
116	130	208	
118	258	107	
117	130	204	
115	111	253	
121	100	287	
118	140	183	
116	184	143	
118	167	151	
117	107	261	
116	111	248	
116	230	121	
117	134	199	
117	196	137	
116	129	209	
117	157	167	
116	122	223	
116	126	215	
117	132	202	
117	212	121	
118	132	192	
115	145	179	
122	271	101	
128	92	336	
118	101	292	
117	208	128	
117	128	208	
116	187	141	
118	194	136	
117	122	209	
121	99	301	
119	197	129	
118	159	163	
115	115	241	
115	119	230	
118	153	166	
124	94	282	
119	136	186	
116	218	124	
117	221	119	
118	268	106	
118	207	129	
120	101	275	
118	124	207	
119	174	149	
118	185	141	
119	130	197	
119	181	139	
118	135	191	
116	119	226	
117	120	217	
122	99	273	
124	97	263	
117	161	159	
119	152	164	
118	206	130	
116	148	172	
118	127	204	
119	192	134	
120	191	133	
117	117	227	
119	144	177	
118	108	259	
121	281	103	
117	160	162	
117	145	176	
118	210	126	
116	241	115	
117	243	110	
120	170	150	
120	189	136	
122	250	104	
117	239	115	
121	173	146	
119	143	181	
119	107	255	
130	92	305	
120	155	157	
119	156	162	
120	180	143	
120	139	179	
117	119	219	
119	166	153	
119	200	127	
118	112	241	
119	128	201	
118	228	114	
120	147	170	
119	111	238	
121	185	135	
121	179	144	
117	115	233	
118	118	224	
120	164	153	
119	255	109	
119	138	184	
122	171	145	
184	364	70	
121	101	257	
120	146	174	
120	201	125	
120	109	232	
122	177	142	
119	116	221	
120	251	106	
120	106	240	
119	106	258	
126	93	303	
119	236	110	
122	179	138	
119	135	190	
120	115	225	
121	141	177	
120	124	203	
121	104	249	
120	151	167	
118	227	117	
120	129	200	
121	194	131	
121	145	174	
120	134	189	
118	117	226	
119	114	234	
120	131	192	
120	248	109	
122	169	148	
121	116	213	
176	68	292	
121	143	176	
119	117	219	
120	135	188	
122	160	151	
120	222	117	
121	128	194	
122	144	173	
120	208	124	
120	166	151	
122	149	167	
123	173	143	
121	147	169	
120	214	119	
121	134	184	
123	167	150	
120	127	201	
122	151	163	
121	130	191	
120	138	183	
120	130	196	
122	146	172	
122	189	131	
120	111	231	
121	132	190	
120	210	123	
124	164	147	
121	137	182	
123	142	172	
123	154	156	
123	145	169	
121	114	219	
122	124	200	
122	142	176	
121	127	199	
121	122	206	
123	144	170	
123	149	165	
122	196	130	
122	182	137	
123	178	140	
122	119	203	
122	132	184	
124	148	164	
122	138	181	
121	224	116	
124	172	142	
123	135	177	
122	158	156	
124	194	125	
123	153	160	
123	186	132	
123	190	129	
121	205	121	
120	229	113	
123	217	115	
125	167	140	
124	138	174	
124	170	143	
122	270	103	
121	229	109	
122	184	136	
123	123	197	
124	147	166	
121	242	108	
121	111	222	
123	262	103	
125	159	152	
123	152	162	
189	352	69	
124	169	146	
123	131	190	
124	181	136	
124	273	100	
122	129	193	
125	174	138	
124	146	168	
124	184	133	
126	152	153	
125	150	159	
139	333	89	
123	209	119	
124	125	188	
122	204	124	
124	149	163	
123	127	193	
124	163	150	
125	141	167	
124	263	102	
123	99	265	
125	178	137	
126	178	135	
180	67	284	
124	201	124	
124	153	159	
124	132	181	
123	225	112	
123	248	106	
124	207	117	
125	161	149	
123	119	200	
127	146	157	
126	195	123	
125	146	166	
124	131	186	
128	255	99	
126	173	136	
127	286	97	
125	153	156	
126	182	134	
125	185	131	
125	164	146	
134	308	92	
122	118	205	
125	138	172	
126	149	159	
121	106	234	
124	243	103	
126	188	127	
138	313	90	
122	103	248	
127	155	146	
126	256	100	
128	93	295	
127	142	162	
141	330	88	
124	218	113	
125	199	124	
122	115	212	
125	128	179	
126	203	120	
125	135	175	
126	165	144	
126	160	149	
127	179	132	
123	105	228	
122	240	108	
126	139	169	
128	280	98	
126	186	130	
123	111	215	
123	117	203	
131	92	296	
133	91	287	
124	124	196	
122	101	251	
127	195	122	
124	215	116	
136	318	91	
124	233	108	
126	136	173	
127	169	138	
129	276	98	
128	161	142	
126	94	274	
125	241	103	
125	122	196	
128	189	126	
125	123	194	
127	184	131	
126	132	175	
123	102	246	
193	364	68	
128	186	128	
130	248	97	
125	100	253	
140	324	89	
128	174	135	
129	183	128	
132	90	312	
126	226	107	
125	108	218	
125	210	114	
125	115	206	
129	178	131	
138	300	91	
127	198	120	
130	150	153	
128	176	133	
131	93	286	
127	138	170	
127	202	119	
125	219	112	
124	104	243	
132	294	94	
133	88	306	
125	121	197	
129	192	124	
126	124	190	
129	133	167	
127	139	166	
187	66	311	
127	122	187	
127	152	152	
125	114	211	
128	129	173	
130	166	136	
136	282	92	
127	221	111	
128	145	159	
125	99	257	
127	127	182	
130	268	96	
128	166	141	
128	197	118	
126	120	195	
125	120	198	
130	185	124	
130	181	127	
127	247	102	
126	104	228	
127	234	103	
130	148	155	
128	153	150	
133	288	94	
132	92	288	
130	136	160	
129	186	127	
126	103	235	
129	167	139	
130	174	134	
129	177	132	
129	160	140	
130	192	119	
127	96	265	
125	113	214	
126	118	201	
126	213	113	
134	260	93	
130	171	135	
134	89	257	
141	309	89	
128	206	116	
129	125	180	
128	220	110	
126	113	208	
143	324	88	
127	118	198	
130	179	130	
126	101	248	
130	158	144	
129	95	247	
132	174	129	
127	116	205	
127	218	112	
132	150	152	
131	149	154	
131	152	149	
129	203	114	
128	116	190	
133	272	95	
133	93	247	
133	165	133	
129	196	121	
131	147	155	
128	100	230	
130	145	158	
126	108	214	
127	117	202	
128	219	111	
132	143	158	
139	300	90	
126	100	252	
129	240	101	
128	99	240	
128	212	112	
130	177	131	
131	188	122	
127	95	269	
137	86	282	
129	221	107	
126	107	226	
131	164	138	
127	112	213	
133	142	153	
127	100	249	
133	149	150	
132	147	154	
144	327	87	
132	153	148	
132	146	155	
132	144	157	
132	170	135	
128	114	197	
133	157	143	
201	330	67	
128	112	207	
127	113	207	
129	215	111	
144	292	88	
129	124	186	
132	180	125	
128	227	106	
130	201	117	
127	104	223	
134	150	146	
133	156	145	
130	123	185	
133	170	132	
130	206	113	
128	111	210	
129	132	171	
130	128	175	
133	163	138	
131	214	110	
134	158	142	
146	326	86	
132	179	128	
191	65	314	
139	257	91	
134	142	151	
133	151	149	
131	94	264	
129	127	179	
128	95	266	
131	120	181	
145	280	87	
131	198	117	
135	153	139	
131	201	116	
134	162	135	
131	190	120	
129	118	188	
131	223	105	
133	141	155	
133	177	122	
131	129	172	
134	171	129	
130	105	199	
132	216	106	
128	107	215	
130	126	178	
135	88	298	
130	212	111	
130	135	164	
131	207	112	
127	103	231	
132	132	166	
130	122	186	
132	190	118	
143	278	89	
133	131	169	
132	123	175	
133	139	158	
134	193	116	
133	258	96	
135	148	147	
133	186	120	
129	111	207	
133	202	115	
129	121	187	
134	175	126	
133	197	117	
131	231	104	
142	267	90	
128	105	221	
136	159	135	
130	222	106	
134	197	115	
135	165	128	
134	126	171	
131	210	111	
132	126	174	
135	147	149	
134	188	117	
131	246	99	
135	134	160	
130	238	101	
135	152	145	
132	205	110	
147	320	86	
134	139	157	
135	125	170	
134	201	113	
133	125	173	
134	135	161	
132	213	109	
134	137	158	
129	103	228	
132	245	100	
136	144	150	
134	131	166	
136	88	278	
134	229	104	
132	231	101	
137	151	144	
135	132	164	
131	110	196	
135	129	167	
135	230	100	
131	98	238	
135	139	155	
150	300	85	
153	348	82	
136	164	134	
133	94	240	
134	185	119	
131	118	186	
135	194	114	
137	270	92	
207	322	66	
138	146	142	
137	141	149	
132	114	194	
130	103	221	
136	174	126	
135	219	104	
137	158	133	
133	214	107	
135	200	112	
134	211	106	
136	184	121	
148	290	86	
136	138	156	
131	100	216	
137	170	122	
132	122	179	
130	113	198	
137	132	162	
134	245	98	
129	99	239	
136	176	123	
135	135	159	
139	156	137	
129	117	189	
138	181	117	
131	119	185	
195	63	287	
137	140	153	
133	109	190	
136	228	102	
134	255	96	
132	96	246	
136	243	97	
136	129	164	
134	218	105	
134	210	108	
138	137	153	
136	128	167	
132	117	187	
137	184	120	
138	164	129	
138	144	145	
133	96	227	
134	112	184	
136	135	158	
136	195	111	
135	203	111	
132	98	230	
137	189	114	
135	116	177	
135	209	109	
158	329	80	
151	320	84	
139	149	140	
137	238	99	
137	219	100	
136	187	118	
135	245	95	
138	129	159	
155	351	81	
134	117	183	
154	331	82	
139	162	131	
136	120	172	
138	133	157	
136	204	109	
140	150	137	
153	337	83	
137	125	169	
138	140	151	
154	324	83	
141	155	136	
138	179	120	
138	134	156	
138	120	168	
135	120	175	
138	204	106	
140	168	127	
139	141	148	
139	137	149	
137	203	110	
138	128	162	
135	216	105	
140	161	132	
141	157	135	
137	241	97	
139	134	155	
138	126	167	
139	188	113	
139	177	120	
138	255	94	
156	334	81	
138	199	110	
140	143	145	
138	220	99	
132	101	210	
138	267	92	
137	210	105	
140	163	130	
141	168	125	
141	158	132	
138	190	112	
142	152	133	
138	238	98	
141	175	115	
139	123	162	
141	166	127	
140	135	153	
142	160	128	
136	217	104	
138	203	108	
141	142	147	
142	140	144	
142	148	141	
152	319	84	
140	178	118	
141	123	157	
153	310	84	
209	359	65	
139	199	109	
137	213	104	
142	166	126	
140	227	98	
143	144	142	
141	139	148	
143	146	140	
141	132	154	
143	163	121	
140	252	93	
135	92	253	
138	88	274	
143	157	131	
142	149	139	
139	196	110	
139	212	103	
141	135	150	
138	240	97	
139	242	96	
155	302	83	
142	169	124	
141	134	151	
142	173	119	
133	98	225	
136	117	176	
140	236	97	
139	87	259	
140	197	108	
143	147	139	
138	112	183	
155	312	82	
140	188	111	
143	149	136	
141	182	114	
132	103	208	
144	159	129	
142	246	93	
137	116	172	
160	332	79	
133	108	194	
144	155	132	
146	258	89	
134	96	222	
135	94	236	
144	141	142	
140	180	117	
138	114	182	
137	92	250	
139	208	104	
141	237	96	
144	145	140	
142	138	147	
138	210	104	
142	135	148	
139	203	107	
140	218	102	
142	186	110	
144	148	138	
145	157	130	
142	129	156	
135	91	256	
152	78	294	
143	162	127	
133	101	205	
140	243	95	
136	93	233	
154	309	84	
139	114	170	
141	198	107	
141	212	100	
136	89	253	
142	133	151	
145	151	131	
141	184	113	
142	232	95	
135	110	185	
145	142	139	
144	139	144	
155	296	84	
141	203	105	
143	129	154	
142	195	108	
134	107	197	
146	143	138	
158	313	81	
146	148	137	
138	90	237	
145	161	127	
148	266	88	
141	86	280	
146	157	129	
135	98	216	
155	276	85	
145	168	115	
144	243	92	
145	150	135	
145	162	126	
147	157	126	
140	120	163	
143	132	152	
144	138	146	
147	154	130	
144	137	147	
142	86	277	
147	147	131	
144	239	94	
142	208	101	
142	183	112	
145	132	149	
135	102	201	
143	198	106	
143	192	107	
136	105	195	
149	289	86	
140	112	176	
146	150	134	
136	108	191	
144	174	116	
142	207	103	
143	217	97	
145	137	142	
151	285	86	
145	131	153	
136	100	207	
147	162	125	
145	135	147	
148	156	129	
147	145	137	
137	95	220	
143	86	273	
143	201	104	
141	224	98	
146	179	110	
145	122	155	
138	106	192	
148	161	121	
146	123	151	
137	109	189	
147	139	141	
144	255	91	
148	275	87	
149	153	129	
146	135	144	
140	119	167	
141	109	179	
146	133	147	
148	144	136	
144	84	259	
215	340	64	
149	156	125	
144	190	108	
159	76	349	
153	281	86	
139	107	186	
148	148	130	
148	159	125	
136	99	211	
146	250	91	
138	103	195	
146	225	95	
148	141	137	
142	216	98	
143	205	103	
149	155	128	
144	185	111	
136	97	218	
142	213	99	
146	200	103	
148	145	135	
137	94	228	
142	118	169	
147	166	119	
145	196	106	
147	175	113	
145	236	94	
201	62	310	
158	307	82	
145	187	107	
146	130	150	
156	290	84	
147	247	90	
146	237	93	
144	120	162	
149	159	122	
146	199	105	
151	255	87	
148	140	140	
163	306	80	
150	150	126	
154	265	86	
147	133	146	
144	118	164	
140	87	256	
156	299	83	
144	203	103	
146	201	101	
147	129	147	
149	145	132	
147	196	104	
143	89	235	
139	98	212	
147	188	106	
145	114	168	
160	76	287	
149	133	140	
150	139	136	
141	105	190	
148	164	119	
147	135	142	
147	243	91	
146	234	94	
150	265	88	
149	142	136	
148	130	145	
140	106	189	
149	144	133	
157	278	83	
140	94	213	
160	288	82	
142	93	220	
150	158	122	
139	99	196	
167	349	77	
143	88	252	
142	91	231	
137	99	208	
145	186	109	
145	208	98	
141	112	173	
146	118	159	
138	94	225	
157	268	84	
149	240	90	
147	229	93	
150	166	115	
143	107	181	
149	129	142	
151	80	289	
150	249	89	
138	102	197	
151	138	135	
163	310	79	
161	312	81	
149	180	107	
145	117	167	
148	123	146	
148	195	101	
151	153	124	
150	174	112	
148	224	95	
142	110	177	
148	178	110	
151	159	118	
141	102	194	
162	298	81	
141	98	203	
149	189	105	
149	218	96	
147	113	164	
151	171	114	
141	103	193	
142	102	186	
148	186	106	
149	176	112	
151	142	134	
150	148	129	
144	88	248	
149	239	92	
145	83	277	
152	155	122	
168	348	77	
146	116	167	
150	159	121	
152	144	131	
146	87	253	
144	110	174	
150	233	92	
170	311	77	
145	113	170	
152	133	138	
147	205	99	
150	147	130	
142	97	211	
164	322	78	
153	140	132	
146	120	157	
152	149	126	
151	222	93	
144	92	230	
152	170	113	
150	175	110	
150	188	104	
156	256	85	
147	210	97	
154	143	129	
146	86	258	
152	163	116	
145	91	212	
152	147	129	
145	88	244	
143	106	185	
147	84	243	
143	97	203	
154	158	119	
146	110	169	
153	147	124	
147	109	176	
147	117	162	
146	106	180	
219	352	63	
151	234	91	
170	340	76	
149	196	100	
152	244	88	
148	83	273	
145	106	181	
154	133	133	
152	217	95	
144	96	195	
154	171	112	
155	157	121	
154	167	113	
147	121	155	
150	205	96	
154	154	123	
148	105	179	
149	179	109	
152	188	101	
155	263	86	
153	142	131	
148	120	152	
149	83	243	
148	116	163	
144	105	185	
153	225	92	
145	89	234	
205	61	262	
153	174	111	
148	108	178	
156	156	119	
150	119	156	
143	101	194	
155	153	123	
146	88	241	
154	178	107	
151	181	106	
149	113	159	
153	128	141	
154	146	128	
146	89	226	
154	160	116	
155	154	122	
153	184	102	
146	102	184	
155	172	108	
149	106	173	
164	293	81	
149	201	98	
150	128	145	
155	164	112	
154	177	108	
164	301	80	
157	153	121	
156	149	123	
152	179	106	
154	238	90	
144	95	211	
143	98	201	
153	215	94	
155	145	124	
146	103	183	
154	131	140	
157	143	122	
145	100	192	
151	118	158	
155	246	87	
161	287	82	
155	236	88	
149	110	166	
147	88	234	
156	133	128	
154	229	91	
151	82	264	
152	127	144	
154	79	270	
162	282	82	
167	310	78	
147	103	181	
155	230	90	
155	171	110	
155	144	128	
152	117	154	
146	95	195	
158	154	117	
155	131	139	
154	121	144	
156	163	114	
160	273	83	
171	347	75	
145	97	194	
155	137	132	
166	278	81	
147	101	191	
167	300	79	
165	298	80	
175	334	74	
157	170	111	
150	107	172	
156	209	95	
157	159	116	
148	85	239	
171	323	76	
151	198	99	
153	124	145	
153	182	105	
158	162	113	
148	101	180	
155	219	93	
158	131	136	
159	148	117	
159	242	86	
155	127	140	
158	169	111	
151	107	168	
146	92	211	
159	266	84	
166	288	80	
165	278	82	
152	111	165	
154	125	143	
157	219	92	
153	113	157	
156	175	107	
159	158	115	
156	227	91	
147	93	202	
153	189	100	
159	168	109	
150	99	180	
154	117	151	
158	77	267	
163	257	83	
153	81	274	
147	90	212	
154	198	96	
154	181	104	
156	130	139	
160	264	84	
172	330	75	
153	112	158	
149	105	177	
151	86	235	
156	184	99	
146	99	193	
159	218	92	
148	88	219	
157	177	102	
157	207	94	
158	157	116	
159	167	111	
157	221	91	
159	142	127	
157	233	89	
166	267	82	
162	243	84	
159	160	114	
160	215	93	
159	129	138	
149	101	179	
154	115	154	
156	119	150	
160	165	111	
158	222	90	
169	297	78	
156	78	267	
158	125	141	
155	110	158	
158	172	105	
168	291	79	
154	103	175	
153	82	257	
160	141	125	
150	104	178	
155	80	251	
225	364	62	
160	130	135	
160	125	137	
160	167	110	
154	109	166	
147	98	193	
157	119	145	
158	193	98	
161	154	115	
160	159	112	
160	171	107	
151	87	234	
159	231	89	
160	123	139	
154	104	174	
161	209	93	
153	87	213	
161	134	127	
161	155	114	
160	233	86	
150	98	190	
159	202	95	
161	165	110	
167	279	80	
162	164	109	
159	117	143	
160	170	108	
152	106	170	
160	132	133	
161	217	92	
160	128	136	
162	218	89	
214	60	287	
160	145	120	
152	103	178	
162	210	92	
156	108	165	
155	109	164	
162	168	106	
163	160	109	
160	218	91	
167	274	81	
150	90	210	
155	112	153	
156	105	168	
157	117	148	
161	140	123	
174	294	76	
151	97	187	
159	196	96	
161	126	134	
152	92	204	
173	308	77	
162	75	284	
163	231	88	
153	86	233	
155	116	152	
154	82	230	
163	153	114	
162	158	113	
160	204	94	
151	94	197	
162	131	126	
171	282	79	
155	101	177	
162	175	102	
156	107	167	
167	240	82	
164	163	108	
161	129	132	
160	191	98	
152	96	189	
157	109	163	
164	215	91	
168	254	81	
175	308	75	
159	195	97	
156	102	172	
174	290	77	
160	177	99	
157	115	151	
164	226	88	
163	156	113	
164	150	116	
161	200	94	
179	335	73	
153	89	210	
163	208	93	
158	107	161	
160	194	97	
170	295	78	
158	108	159	
162	146	119	
163	138	125	
163	142	121	
164	155	112	
161	121	141	
169	266	80	
164	199	93	
153	91	206	
160	114	150	
162	188	98	
162	174	103	
161	193	97	
165	253	83	
152	98	185	
173	289	78	
159	106	166	
165	164	107	
162	141	122	
157	104	171	
163	195	95	
165	157	110	
155	93	200	
166	206	91	
166	149	115	
163	168	105	
164	228	87	
154	86	228	
152	95	194	
162	189	97	
163	173	103	
158	110	155	
164	136	124	
164	146	117	
161	114	148	
164	240	85	
165	205	92	
165	144	119	
165	215	89	
159	100	168	
155	79	264	
155	91	203	
154	94	193	
176	320	74	
155	100	179	
164	145	119	
164	194	96	
163	123	134	
164	172	103	
155	98	184	
156	93	195	
165	224	88	
156	84	221	
164	154	113	
165	149	116	
158	100	176	
161	103	164	
163	122	135	
172	275	79	
157	92	193	
165	167	106	
167	151	113	
167	139	120	
163	187	98	
158	94	189	
165	129	127	
165	192	96	
164	138	123	
156	97	178	
162	127	132	
157	90	199	
166	168	102	
161	113	151	
163	118	140	
164	139	122	
166	236	85	
162	125	136	
174	280	78	
163	197	94	
165	161	108	
164	184	98	
158	96	181	
166	222	88	
168	142	115	
167	164	106	
166	212	89	
164	116	141	
159	109	158	
165	156	111	
168	221	87	
166	154	111	
167	232	86	
164	187	97	
168	140	117	
168	183	95	
163	111	154	
162	104	163	
167	162	107	
168	156	108	
165	174	100	
167	166	105	
168	230	85	
164	242	84	
158	81	244	
166	135	123	
164	112	152	
169	150	114	
163	108	157	
161	77	258	
167	202	92	
165	175	99	
161	76	286	
169	152	109	
157	91	198	
182	320	72	
233	346	61	
163	113	149	
166	120	137	
167	234	84	
164	115	142	
163	106	159	
170	215	88	
165	110	153	
168	192	93	
165	127	130	
158	89	206	
168	138	120	
167	211	90	
162	76	281	
165	125	133	
160	108	158	
159	94	186	
166	184	97	
171	142	112	
163	109	156	
161	94	177	
166	112	146	
173	266	79	
170	227	86	
165	183	98	
167	127	125	
168	209	90	
157	88	212	
168	161	106	
182	316	73	
170	161	104	
171	264	80	
166	110	150	
156	86	220	
166	182	98	
217	59	268	
162	98	174	
170	137	121	
166	108	153	
168	205	91	
177	272	77	
158	87	210	
168	124	132	
168	197	92	
169	151	112	
171	157	104	
158	86	215	
165	99	162	
175	266	78	
181	316	74	
166	106	156	
175	253	80	
169	131	123	
168	178	98	
160	93	192	
170	207	90	
167	172	100	
169	198	91	
172	222	86	
179	298	75	
163	76	254	
161	79	256	
171	128	122	
158	80	250	
160	95	185	
160	88	206	
169	126	127	
162	93	189	
168	116	139	
165	103	161	
160	89	203	
170	218	87	
169	211	89	
162	101	166	
159	81	243	
160	80	241	
170	166	102	
162	89	194	
172	202	90	
169	118	136	
173	151	110	
171	132	119	
173	219	85	
170	250	81	
163	78	243	
169	176	97	
182	313	74	
171	209	87	
169	113	144	
172	186	94	
166	105	160	
163	99	171	
169	169	100	
178	286	76	
160	85	218	
169	124	130	
172	231	82	
170	110	148	
171	123	127	
162	92	191	
168	109	151	
174	147	111	
170	122	134	
159	83	227	
183	304	74	
170	115	135	
162	81	237	
174	264	79	
168	105	155	
169	154	108	
173	204	89	
183	345	71	
170	165	103	
161	86	214	
171	136	118	
164	93	187	
171	194	92	
163	88	194	
163	87	205	
175	237	81	
163	96	175	
171	171	99	
167	101	160	
162	86	213	
172	152	106	
177	256	79	
171	122	128	
170	178	96	
173	139	116	
173	161	101	
172	112	141	
166	98	171	
165	92	186	
171	121	134	
163	85	210	
169	104	152	
175	229	84	
189	348	70	
173	191	93	
162	90	193	
174	150	109	
173	111	144	
180	289	75	
167	72	298	
171	168	100	
161	83	224	
171	108	148	
171	139	117	
173	194	90	
172	175	98	
177	187	93	
164	91	192	
164	80	230	
172	165	102	
163	100	166	
175	216	86	
164	83	211	
176	228	84	
172	118	133	
175	191	92	
169	73	289	
166	97	174	
174	149	110	
186	334	71	
179	277	76	
167	93	179	
172	116	134	
175	141	113	
177	245	80	
174	208	87	
167	90	187	
174	171	96	
173	138	117	
177	227	84	
161	82	227	
174	110	143	
167	96	172	
172	176	95	
185	298	73	
175	202	89	
176	179	94	
178	201	87	
164	86	198	
185	288	74	
175	148	110	
178	216	83	
173	121	129	
177	262	78	
170	102	158	
168	98	168	
175	140	114	
176	146	111	
177	149	107	
177	213	86	
174	137	117	
177	170	99	
176	149	109	
173	105	148	
172	114	140	
176	138	116	
176	147	110	
177	167	100	
179	184	92	
176	154	105	
172	125	124	
164	82	222	
174	157	101	
178	263	77	
167	74	256	
180	255	79	
173	135	118	
167	92	184	
175	109	139	
178	142	111	
176	191	90	
176	139	113	
169	96	167	
178	168	98	
174	116	132	
169	94	171	
175	218	85	
176	135	117	
178	146	109	
174	130	120	
181	237	79	
181	199	89	
184	279	75	
179	163	100	
165	78	238	
182	253	78	
171	101	157	
178	144	110	
177	136	116	
178	210	85	
240	358	60	
178	136	115	
174	112	140	
165	81	218	
176	134	118	
167	84	205	
171	73	278	
176	120	130	
189	320	71	
169	86	193	
168	90	183	
184	269	76	
178	154	104	
174	103	155	
187	314	72	
176	107	146	
180	167	98	
190	346	70	
182	195	89	
166	76	242	
176	113	137	
180	244	80	
179	147	107	
180	187	90	
170	89	188	
173	98	163	
171	92	182	
181	175	93	
177	128	118	
224	58	332	
177	122	126	
191	329	70	
179	153	105	
178	127	120	
181	163	99	
177	141	112	
179	230	82	
178	132	116	
175	99	157	
177	150	106	
165	82	214	
178	234	81	
178	138	114	
173	70	289	
178	115	128	
180	207	86	
173	91	178	
169	93	178	
182	197	88	
180	228	81	
170	79	213	
176	130	119	
179	143	109	
179	169	97	
178	101	155	
179	154	102	
180	151	105	
176	103	154	
179	136	112	
178	124	125	
164	87	197	
177	106	144	
181	170	95	
175	92	177	
179	126	123	
190	303	72	
172	72	263	
183	254	77	
183	156	99	
181	144	107	
177	114	134	
180	141	111	
179	97	165	
170	80	212	
181	226	82	
180	153	104	
183	192	89	
168	85	204	
177	103	153	
180	128	115	
181	149	104	
178	104	151	
175	93	176	
181	166	98	
171	87	192	
187	264	74	
184	205	86	
184	180	90	
181	140	110	
179	110	136	
183	249	78	
182	186	91	
183	207	83	
180	123	122	
180	124	120	
186	260	76	
178	94	169	
183	168	97	
169	84	196	
179	120	127	
171	88	191	
180	102	154	
177	93	172	
186	289	73	
182	225	82	
182	102	152	
182	163	98	
179	104	142	
182	148	106	
173	89	181	
176	98	162	
186	190	88	
187	200	85	
191	333	69	
185	163	95	
186	203	86	
186	217	82	
181	97	160	
172	73	250	
182	235	79	
174	88	189	
181	135	113	
181	153	103	
167	83	209	
179	96	166	
180	122	125	
181	119	126	
184	169	96	
182	136	109	
187	198	87	
191	308	71	
183	101	147	
184	186	89	
171	75	229	
183	147	104	
181	95	168	
182	112	133	
177	105	146	
183	170	94	
179	92	173	
184	247	78	
183	234	80	
183	143	107	
181	96	165	
182	99	154	
182	151	103	
182	134	114	
180	100	156	
170	82	209	
175	87	188	
185	227	81	
186	205	85	
172	81	204	
194	318	68	
182	95	163	
187	225	80	
183	146	106	
179	114	133	
185	178	92	
181	122	124	
182	116	125	
188	196	87	
181	117	127	
170	77	239	
185	245	78	
192	293	72	
184	161	98	
183	108	137	
182	127	119	
183	152	102	
186	234	77	
177	86	186	
173	71	273	
184	141	106	
192	322	70	
184	155	100	
181	98	159	
179	91	176	
184	133	113	
180	90	175	
182	93	167	
184	113	130	
190	274	73	
189	193	87	
183	119	121	
186	146	103	
188	153	100	
186	170	93	
190	224	81	
190	199	86	
189	244	76	
189	177	90	
186	129	111	
183	98	158	
186	122	119	
186	127	116	
178	88	183	
184	107	139	
191	220	81	
189	159	98	
175	86	191	
184	96	162	
192	195	85	
187	109	134	
190	173	92	
185	92	167	
183	99	151	
184	151	102	
189	162	96	
186	98	152	
187	140	104	
186	145	104	
176	85	190	
186	96	159	
191	206	84	
193	179	88	
188	214	82	
182	94	166	
174	83	198	
193	321	70	
181	90	174	
188	165	94	
193	288	71	
183	89	180	
187	120	118	
190	156	96	
189	232	79	
188	148	102	
189	152	101	
194	311	70	
193	185	87	
192	204	83	
191	259	75	
187	96	158	
173	77	220	
186	94	163	
186	105	141	
189	129	108	
185	102	146	
183	90	173	
187	89	179	
181	87	182	
187	95	160	
176	86	189	
187	112	132	
193	284	72	
190	140	101	
192	213	80	
191	231	79	
194	314	69	
188	97	156	
191	148	99	
188	110	133	
192	208	82	
189	125	116	
186	90	171	
193	201	83	
194	174	91	
188	89	176	
187	103	143	
192	194	86	
186	133	110	
188	106	139	
246	355	59	
187	114	126	
183	87	181	
192	229	79	
186	93	164	
189	100	150	
189	104	138	
193	169	92	
189	111	129	
189	133	107	
194	190	86	
177	84	190	
186	117	122	
184	87	180	
179	82	196	
192	257	75	
188	108	136	
194	225	79	
228	57	284	
190	98	149	
194	162	93	
189	91	169	
190	94	160	
188	127	114	
189	113	125	
189	145	103	
190	97	153	
189	87	179	
191	107	133	
197	199	84	
188	101	144	
192	155	98	
190	96	156	
175	70	266	
190	95	159	
177	85	189	
190	232	78	
194	247	75	
177	83	197	
197	173	91	
176	80	211	
189	89	174	
195	302	70	
184	85	184	
189	108	135	
198	174	88	
190	88	175	
190	124	116	
192	139	105	
176	74	242	
193	99	147	
191	164	94	
193	91	165	
191	108	130	
195	154	98	
179	85	188	
197	194	85	
177	80	207	
190	125	115	
198	161	95	
195	93	162	
194	272	73	
192	95	158	
192	260	74	
198	171	91	
198	189	84	
191	91	167	
194	231	76	
190	103	142	
195	277	72	
193	105	135	
195	223	79	
195	189	86	
189	127	113	
196	203	82	
182	85	186	
198	186	85	
182	83	195	
193	136	106	
187	116	121	
193	211	80	
199	149	96	
193	96	154	
194	230	78	
199	155	94	
185	84	182	
192	123	115	
188	115	124	
196	256	73	
190	89	172	
199	165	91	
191	90	169	
194	95	156	
192	102	141	
196	155	97	
177	78	217	
180	81	198	
183	83	191	
174	71	272	
193	94	159	
200	184	86	
196	228	77	
192	103	140	
195	92	164	
177	72	262	
192	124	113	
193	112	126	
196	97	152	
195	100	146	
196	221	79	
196	93	158	
198	173	89	
199	200	83	
194	210	81	
189	119	120	
178	72	248	
193	258	74	
178	79	207	
194	84	178	
202	182	86	
194	124	112	
193	122	117	
196	91	163	
190	85	181	
194	138	105	
197	210	78	
181	79	197	
199	139	99	
200	194	83	
198	207	81	
179	69	282	
197	96	150	
193	88	171	
199	171	90	
193	90	167	
196	100	145	
195	96	153	
194	86	177	
197	286	70	
178	78	213	
195	95	154	
193	101	143	
193	233	77	
196	250	74	
178	76	223	
194	111	128	
197	91	162	
191	85	179	
197	93	156	
196	139	102	
196	266	72	
196	117	118	
195	119	119	
197	280	71	
194	89	170	
195	109	127	
198	97	147	
195	121	116	
196	134	105	
205	181	87	
187	82	190	
193	114	122	
194	102	138	
197	296	69	
195	85	176	
198	99	143	
179	73	237	
202	202	82	
196	125	110	
195	101	141	
194	106	131	
196	103	136	
200	92	160	
197	241	75	
186	83	190	
197	88	169	
201	170	90	
197	132	104	
206	179	87	
205	164	92	
194	90	166	
196	87	175	
205	200	81	
201	206	81	
180	69	253	
199	157	93	
180	77	213	
197	95	153	
189	83	189	
197	116	117	
199	94	155	
205	166	90	
203	205	80	
197	89	168	
207	163	91	
197	87	173	
207	172	87	
198	89	163	
195	122	115	
193	113	124	
180	78	212	
198	112	125	
195	123	112	
190	83	187	
199	98	146	
203	148	98	
204	202	81	
196	110	126	
206	197	82	
193	131	107	
194	105	134	
200	95	151	
201	92	158	
199	99	142	
187	80	194	
182	78	210	
207	171	88	
202	94	154	
208	160	92	
197	138	102	
199	101	138	
200	220	77	
179	74	236	
204	183	85	
203	152	95	
201	90	161	
203	104	135	
197	114	121	
206	180	86	
182	76	212	
197	120	116	
200	121	115	
206	193	83	
196	113	123	
200	98	143	
206	147	98	
201	96	147	
198	107	128	
178	75	226	
206	164	90	
181	73	229	
202	244	74	
200	273	71	
202	122	111	
201	110	122	
198	87	171	
208	164	89	
202	105	132	
203	94	153	
203	100	139	
192	83	186	
197	85	175	
207	188	82	
198	240	75	
198	125	109	
183	77	207	
203	91	160	
202	136	102	
204	93	152	
204	104	134	
198	88	168	
201	238	75	
207	96	145	
207	145	98	
203	102	137	
202	92	156	
193	82	182	
203	306	68	
204	94	150	
205	148	97	
209	186	84	
200	114	120	
200	84	174	
199	89	162	
198	119	116	
207	177	86	
203	118	113	
200	113	122	
188	81	192	
202	130	106	
204	89	159	
206	103	130	
197	257	72	
201	255	73	
205	223	76	
182	75	225	
201	88	164	
202	87	168	
208	180	85	
212	161	90	
208	148	94	
201	86	173	
202	236	75	
199	131	106	
209	158	92	
202	251	73	
208	147	96	
205	93	149	
181	72	247	
209	101	134	
203	126	108	
204	105	130	
200	124	111	
201	108	126	
205	99	141	
210	198	80	
184	74	224	
186	78	204	
207	204	78	
205	91	158	
208	154	93	
211	182	84	
201	113	119	
200	118	116	
184	72	233	
198	108	127	
201	285	70	
193	80	190	
205	126	107	
203	105	131	
205	327	67	
210	170	88	
202	84	172	
205	133	103	
205	101	137	
206	92	153	
186	74	222	
208	203	80	
208	138	98	
206	282	70	
203	233	75	
211	96	143	
207	95	148	
214	145	96	
206	235	73	
204	263	71	
209	98	142	
206	148	96	
207	91	157	
205	138	101	
209	99	138	
206	106	126	
213	174	85	
205	109	123	
214	157	90	
212	168	88	
206	84	171	
211	197	81	
252	367	58	
206	100	138	
206	316	67	
202	131	105	
211	157	92	
198	287	69	
207	120	109	
183	74	226	
201	115	118	
204	247	73	
182	71	252	
196	83	180	
208	216	77	
187	74	214	
208	116	116	
208	95	146	
213	186	83	
195	80	188	
205	111	119	
210	98	139	
213	91	151	
214	196	81	
195	84	177	
203	87	166	
203	107	127	
187	78	202	
207	265	70	
181	67	279	
207	86	169	
188	66	284	
206	137	100	
207	128	106	
184	71	247	
204	120	112	
218	169	87	
207	226	75	
215	154	92	
209	88	158	
208	131	102	
210	99	137	
217	194	81	
238	56	325	
208	130	105	
215	140	97	
211	153	93	
207	105	129	
212	97	140	
208	88	161	
207	108	125	
219	166	88	
210	94	146	
216	180	84	
202	114	117	
200	83	176	
215	184	83	
198	81	184	
210	117	115	
205	299	68	
211	135	100	
189	77	197	
195	77	191	
204	252	72	
210	102	133	
206	131	103	
213	90	155	
211	92	152	
215	173	85	
213	100	135	
206	87	165	
211	122	108	
215	163	89	
209	86	166	
212	151	93	
213	354	65	
211	218	76	
213	95	144	
218	193	81	
209	128	105	
188	76	209	
212	209	77	
186	68	275	
215	146	95	
212	201	79	
214	104	127	
210	107	123	
217	172	86	
207	87	164	
219	160	89	
214	101	132	
213	129	103	
221	160	88	
214	197	78	
213	104	129	
215	123	105	
220	176	84	
199	82	181	
219	190	81	
211	115	115	
185	70	246	
209	113	118	
219	181	83	
221	167	86	
209	85	170	
211	117	114	
217	156	91	
218	185	82	
214	96	142	
215	144	96	
216	110	119	
213	119	112	
215	93	145	
186	71	245	
207	282	69	
216	151	92	
214	97	138	
216	196	79	
211	108	122	
205	254	71	
215	92	150	
202	82	180	
211	87	159	
212	124	107	
208	308	67	
214	327	65	
207	232	74	
217	130	100	
214	99	134	
212	85	169	
188	73	226	
187	71	242	
218	150	93	
207	251	72	
216	102	130	
225	150	91	
213	89	157	
189	76	205	
187	68	258	
219	194	79	
207	298	68	
216	94	143	
216	143	96	
217	96	141	
213	113	116	
212	113	117	
222	144	95	
203	82	179	
204	80	183	
213	225	75	
215	136	98	
216	90	154	
212	115	113	
212	112	118	
209	245	72	
217	105	124	
211	86	165	
204	83	173	
202	79	186	
208	286	68	
217	98	137	
221	146	94	
216	92	149	
225	160	87	
213	85	168	
188	75	213	
220	102	129	
215	115	110	
217	107	121	
221	149	93	
221	189	81	
215	224	75	
214	105	126	
215	89	155	
213	217	76	
222	177	83	
205	81	181	
192	65	290	
207	82	174	
218	128	104	
218	95	142	
193	74	204	
212	229	74	
220	140	96	
221	183	82	
218	96	138	
218	100	133	
221	172	85	
220	89	152	
212	86	164	
190	71	230	
221	159	89	
214	85	167	
221	193	80	
216	223	75	
210	275	69	
190	73	223	
215	209	76	
228	156	90	
220	91	145	
222	187	81	
197	79	189	
218	98	135	
211	83	170	
189	72	228	
214	114	115	
219	100	131	
217	112	117	
224	145	93	
219	91	150	
227	175	84	
222	103	125	
215	111	118	
217	220	75	
224	171	85	
223	192	80	
215	86	161	
228	158	89	
221	150	92	
219	109	120	
222	94	141	
217	138	97	
215	85	164	
225	142	95	
220	127	103	
229	153	90	
218	205	76	
215	87	157	
214	82	168	
223	144	94	
206	81	180	
220	97	137	
222	134	98	
209	300	67	
228	169	84	
226	182	82	
217	89	154	
225	187	80	
213	227	74	
225	167	85	
209	82	171	
226	183	81	
200	78	188	
222	100	129	
217	119	108	
198	75	201	
221	105	123	
230	154	89	
193	73	213	
226	99	132	
227	149	92	
221	90	148	
218	113	115	
207	81	178	
216	114	114	
218	111	116	
218	88	155	
231	165	86	
213	242	72	
224	95	138	
220	93	143	
228	176	82	
220	122	106	
217	110	118	
188	67	270	
209	263	70	
223	124	104	
226	102	126	
221	108	118	
222	128	102	
218	214	75	
209	253	71	
222	97	135	
208	312	66	
188	70	245	
215	226	74	
227	159	88	
208	233	73	
224	98	134	
214	87	158	
208	80	180	
213	252	71	
215	84	166	
231	146	92	
191	70	242	
226	139	95	
213	273	69	
224	135	97	
190	72	226	
217	224	73	
221	106	122	
212	262	70	
231	143	93	
228	96	134	
214	245	71	
234	158	88	
216	86	160	
222	113	113	
219	112	115	
220	121	107	
217	85	163	
230	175	83	
210	81	177	
223	193	79	
225	133	99	
217	241	72	
222	200	77	
214	259	69	
223	110	117	
212	231	73	
234	163	86	
199	76	197	
187	69	250	
207	78	184	
230	98	131	
232	150	90	
219	88	154	
226	104	122	
210	283	68	
219	237	72	
231	137	96	
226	94	139	
224	125	103	
223	93	142	
229	100	128	
224	192	79	
222	117	109	
227	107	120	
194	72	223	
220	220	74	
227	99	131	
232	148	91	
233	173	83	
211	81	176	
224	128	101	
225	89	151	
212	295	67	
234	142	94	
228	92	142	
236	156	88	
219	86	158	
219	85	162	
222	106	121	
220	87	155	
235	182	81	
222	84	164	
193	70	238	
226	129	99	
216	229	73	
229	126	102	
236	166	85	
225	87	153	
225	117	106	
230	191	79	
232	184	80	
217	258	70	
224	112	113	
223	195	78	
215	81	173	
211	80	179	
224	109	115	
228	112	112	
213	281	68	
222	121	105	
230	93	139	
235	159	87	
223	85	157	
236	179	81	
191	69	247	
227	89	150	
211	79	181	
233	94	134	
236	141	94	
238	162	86	
231	100	126	
218	249	70	
235	153	89	
232	99	128	
228	133	98	
231	190	79	
231	107	118	
238	164	85	
219	82	167	
192	66	262	
228	103	123	
228	88	151	
215	80	177	
239	145	92	
237	171	83	
219	212	75	
232	97	131	
228	89	147	
223	117	108	
232	106	120	
195	71	212	
213	311	66	
234	168	84	
215	278	68	
221	236	72	
240	155	87	
192	67	259	
232	102	125	
224	122	104	
240	145	91	
233	187	78	
227	105	121	
213	293	67	
239	159	86	
224	84	162	
236	137	95	
233	135	96	
225	194	78	
201	76	196	
214	297	66	
224	86	154	
192	68	256	
236	150	89	
238	139	94	
231	133	97	
224	83	166	
222	218	74	
237	142	93	
231	90	144	
227	111	113	
235	173	82	
224	228	72	
194	70	230	
233	131	98	
229	114	111	
230	122	103	
231	127	101	
241	149	90	
229	196	77	
220	242	71	
195	69	237	
241	143	92	
230	90	146	
231	108	117	
235	167	84	
210	77	187	
232	192	78	
204	75	195	
225	209	75	
214	292	67	
231	112	109	
234	183	80	
240	154	88	
215	324	65	
233	106	118	
240	162	85	
225	83	164	
233	124	101	
195	68	248	
217	275	68	
217	80	173	
225	203	76	
200	75	198	
243	166	83	
219	80	172	
215	289	66	
233	127	99	
233	98	130	
234	92	141	
238	176	81	
216	77	180	
233	102	123	
239	141	93	
235	91	139	
227	215	74	
235	104	120	
247	146	90	
239	166	84	
205	76	193	
229	88	150	
239	181	80	
234	96	133	
232	126	101	
227	84	160	
235	101	125	
245	153	88	
230	110	114	
230	112	110	
222	81	169	
222	241	71	
217	79	178	
199	73	211	
230	87	151	
234	186	79	
216	322	65	
235	107	114	
231	120	104	
237	103	121	
241	135	95	
234	93	137	
242	164	84	
212	77	183	
221	222	73	
242	136	94	
240	133	96	
218	266	68	
227	201	76	
218	288	67	
239	98	128	
241	140	93	
236	88	144	
224	240	71	
233	114	108	
237	132	97	
230	121	104	
226	205	75	
202	73	207	
245	158	86	
245	140	92	
241	172	82	
246	152	88	
246	161	85	
228	83	163	
240	184	79	
236	105	118	
219	279	67	
193	65	284	
218	305	65	
235	129	98	
209	76	192	
237	95	131	
263	350	57	
247	144	91	
236	99	127	
207	74	198	
225	235	70	
248	147	89	
241	180	80	
237	101	123	
234	194	76	
225	80	166	
229	211	74	
235	97	130	
225	220	73	
237	109	113	
234	111	111	
244	170	82	
219	248	70	
233	109	114	
246	138	93	
249	154	87	
226	85	155	
242	175	81	
236	119	105	
210	76	189	
248	157	86	
228	84	159	
220	79	177	
232	196	76	
236	100	125	
249	151	88	
230	85	153	
252	160	85	
230	83	161	
235	123	102	
233	126	100	
238	131	97	
239	90	141	
242	179	80	
219	324	64	
237	102	122	
240	106	114	
231	87	150	
250	161	84	
227	82	164	
224	246	70	
222	256	68	
252	143	91	
233	116	107	
242	182	79	
240	55	290	
240	99	126	
243	174	81	
221	79	174	
249	156	86	
230	84	157	
238	119	103	
248	145	90	
255	153	87	
224	80	167	
237	193	77	
244	97	129	
238	92	138	
246	175	80	
239	104	119	
251	134	95	
239	93	135	
255	156	85	
227	218	73	
225	227	72	
195	70	227	
233	86	151	
250	149	88	
246	132	96	
238	118	104	
241	129	97	
238	103	120	
193	66	257	
237	87	147	
241	125	99	
243	98	127	
196	68	241	
240	122	102	
240	100	124	
238	110	112	
255	142	91	
247	172	81	
222	80	170	
228	203	75	
252	169	82	
207	72	205	
240	189	77	
214	74	192	
232	225	72	
242	126	98	
239	96	130	
254	165	82	
223	77	179	
194	65	261	
242	101	121	
254	155	86	
256	151	87	
222	255	69	
232	83	159	
256	144	90	
232	210	74	
242	99	125	
243	123	101	
227	230	71	
199	69	222	
246	180	78	
212	76	188	
255	135	94	
244	92	135	
252	137	93	
252	132	95	
230	82	162	
234	113	107	
230	213	73	
244	105	116	
245	97	127	
247	130	96	
244	93	133	
250	138	92	
223	252	69	
196	67	247	
251	145	89	
244	104	118	
241	114	105	
226	77	177	
257	140	91	
258	161	83	
205	72	208	
235	208	74	
242	89	143	
243	124	100	
247	97	125	
260	154	86	
234	84	154	
233	219	72	
245	121	102	
215	76	187	
235	196	75	
239	117	105	
244	100	122	
246	102	119	
208	73	202	
258	143	90	
248	96	127	
220	278	67	
252	147	88	
241	86	150	
256	158	84	
240	110	110	
240	109	112	
252	171	81	
225	79	170	
242	108	113	
257	132	94	
254	136	93	
239	91	138	
248	121	101	
243	99	124	
213	74	197	
243	90	138	
232	81	164	
222	269	67	
248	94	130	
218	76	182	
249	175	79	
214	75	191	
245	89	140	
261	151	86	
238	83	153	
238	85	151	
261	150	87	
226	249	69	
246	128	97	
236	204	74	
247	103	117	
237	81	161	
253	170	81	
261	141	90	
242	86	149	
248	123	100	
227	78	176	
248	173	80	
225	335	63	
246	119	102	
242	188	77	
218	74	189	
260	135	93	
248	91	136	
241	87	146	
262	144	89	
256	130	95	
258	137	92	
261	155	85	
243	116	104	
245	108	110	
259	139	91	
269	146	87	
256	169	81	
250	128	96	
246	99	123	
229	228	71	
249	123	99	
244	193	76	
213	71	200	
243	108	112	
237	82	160	
244	107	113	
230	78	175	
246	109	109	
244	112	107	
202	67	228	
243	86	148	
264	146	88	
246	118	103	
248	101	120	
249	95	129	
251	126	97	
247	182	77	
245	87	143	
234	211	73	
223	288	66	
235	80	162	
249	104	115	
230	247	69	
249	121	100	
251	97	123	
249	192	75	
251	125	98	
263	143	89	
250	100	120	
261	133	93	
264	154	85	
259	168	81	
224	282	66	
224	294	65	
200	70	220	
249	91	133	
261	136	92	
231	78	173	
256	170	80	
262	163	82	
252	93	130	
244	85	150	
265	156	84	
239	82	156	
222	75	188	
221	322	64	
261	137	91	
234	226	70	
265	145	88	
244	86	146	
263	160	83	
216	73	195	
249	102	118	
251	120	101	
247	99	122	
250	188	76	
271	139	90	
251	88	141	
234	218	72	
231	246	69	
251	94	127	
238	202	74	
239	204	73	
260	167	81	
229	79	167	
252	107	111	
251	101	119	
265	153	85	
224	75	187	
249	117	103	
223	321	64	
271	150	86	
246	84	150	
249	106	113	
234	80	165	
249	111	107	
267	142	88	
246	85	146	
251	104	113	
233	243	68	
235	216	72	
201	70	217	
265	131	94	
262	135	92	
253	90	134	
256	124	97	
252	96	126	
197	64	276	
225	317	64	
250	110	106	
273	158	83	
259	128	95	
210	70	210	
236	225	71	
253	89	139	
254	116	102	
212	71	204	
233	234	70	
257	126	96	
267	165	81	
260	178	78	
227	76	180	
227	74	184	
254	102	115	
197	67	246	
232	78	172	
257	122	98	
226	265	67	
267	160	82	
274	152	85	
224	252	68	
255	98	120	
256	118	101	
264	172	79	
232	77	174	
238	219	71	
273	148	86	
252	102	117	
273	155	84	
255	114	104	
249	200	73	
272	141	89	
242	80	160	
272	132	93	
240	215	72	
265	133	92	
198	65	246	
255	101	118	
268	130	94	
253	92	130	
266	135	91	
234	78	168	
271	168	80	
254	89	138	
226	278	66	
259	120	100	
253	98	122	
253	86	145	
256	96	125	
253	106	112	
235	240	69	
275	138	90	
256	87	140	
226	308	64	
260	100	119	
275	150	85	
275	154	84	
242	214	72	
205	70	214	
255	87	141	
274	140	89	
255	112	105	
278	145	87	
276	157	83	
243	81	159	
263	177	78	
228	76	178	
259	121	99	
227	357	62	
258	94	126	
272	164	81	
250	196	74	
251	186	76	
235	79	166	
273	131	93	
244	212	72	
255	86	144	
272	127	94	
258	88	134	
229	264	67	
249	83	150	
231	247	68	
260	101	117	
266	125	95	
256	93	127	
281	134	90	
280	153	84	
243	82	155	
262	181	77	
257	115	103	
231	75	183	
219	73	194	
258	96	123	
262	118	100	
276	146	86	
248	84	149	
266	176	78	
224	74	188	
278	156	83	
246	81	157	
231	260	67	
256	107	109	
255	106	110	
273	166	80	
260	109	106	
285	144	87	
262	125	96	
275	163	81	
238	238	69	
275	139	89	
229	277	66	
226	326	63	
239	79	163	
262	99	118	
269	171	79	
236	77	171	
258	105	112	
225	282	65	
280	157	82	
251	190	75	
262	96	122	
268	120	99	
223	73	191	
266	177	77	
233	74	178	
230	275	66	
264	95	125	
278	141	88	
256	86	142	
265	123	96	
219	72	199	
277	131	92	
274	130	93	
258	91	132	
269	175	78	
232	76	177	
265	100	114	
245	210	72	
277	133	91	
277	148	85	
225	74	187	
264	117	101	
207	69	216	
267	185	76	
281	152	84	
251	82	154	
250	84	147	
259	113	103	
281	154	83	
280	161	81	
273	170	79	
267	121	98	
287	143	87	
256	85	144	
239	237	69	
277	138	89	
224	71	198	
263	100	116	
244	217	71	
229	334	62	
271	173	78	
235	76	176	
231	274	66	
270	184	76	
283	140	88	
286	151	84	
255	82	152	
263	115	102	
242	231	69	
240	78	162	
284	165	80	
265	108	108	
259	90	131	
247	81	156	
276	129	93	
279	166	79	
256	187	75	
261	105	109	
263	96	121	
269	119	99	
235	254	67	
289	145	86	
233	268	66	
247	208	72	
199	63	272	
267	122	97	
266	95	123	
225	72	193	
252	195	74	
260	104	112	
267	91	126	
229	304	64	
203	62	291	
267	116	101	
271	181	75	
289	142	87	
248	79	159	
238	75	175	
265	111	105	
269	101	113	
259	87	137	
242	222	70	
208	68	223	
287	136	89	
247	214	71	
271	109	104	
277	120	97	
229	73	188	
286	162	80	
255	194	74	
288	150	84	
264	98	119	
289	147	85	
253	83	147	
240	77	166	
272	115	100	
267	94	122	
291	136	88	
263	86	140	
283	157	81	
288	153	83	
250	81	155	
291	144	86	
256	84	146	
281	130	91	
277	172	78	
238	76	174	
284	128	93	
249	206	72	
218	70	203	
251	80	158	
289	155	82	
273	112	102	
272	121	96	
290	141	87	
261	84	142	
257	189	74	
266	97	119	
275	114	99	
229	319	63	
275	125	94	
268	107	108	
269	108	107	
271	176	77	
232	301	64	
268	104	110	
265	99	117	
274	123	95	
265	93	126	
294	147	84	
257	82	151	
255	197	73	
247	79	160	
203	64	257	
292	143	85	
202	66	243	
290	152	83	
255	81	154	
284	169	78	
239	76	173	
271	103	109	
277	119	98	
270	185	75	
254	80	156	
271	98	117	
241	239	68	
288	129	92	
251	213	70	
214	69	212	
268	89	133	
291	127	93	
298	140	87	
296	133	90	
280	174	77	
251	205	72	
277	180	76	
234	265	66	
244	220	70	
290	134	89	
262	81	149	
242	76	171	
296	151	83	
257	81	153	
239	252	67	
235	72	186	
233	293	64	
253	208	71	
246	230	68	
269	93	125	
265	86	139	
294	142	86	
292	154	82	
252	203	72	
273	114	101	
270	99	114	
282	179	76	
279	106	106	
213	68	221	
274	107	106	
298	160	80	
287	165	79	
228	280	65	
206	65	238	
273	108	106	
284	118	98	
228	71	192	
271	95	119	
300	139	87	
268	84	141	
250	229	69	
273	88	132	
292	126	92	
268	90	129	
305	131	90	
260	195	73	
279	102	111	
308	149	83	
241	248	67	
268	86	136	
263	82	146	
230	307	63	
288	122	94	
235	264	66	
288	177	76	
256	80	154	
289	173	76	
283	111	102	
301	153	82	
251	222	69	
291	119	95	
300	164	79	
231	72	189	
299	141	86	
234	273	65	
276	97	118	
236	73	181	
285	168	78	
247	76	169	
243	237	68	
256	199	72	
281	120	95	
271	93	123	
214	68	213	
298	156	81	
236	261	66	
256	79	158	
314	137	86	
269	85	139	
297	145	84	
276	113	101	
296	128	91	
217	69	210	
274	88	131	
295	172	76	
247	75	173	
269	87	133	
269	187	74	
269	83	144	
286	117	98	
315	152	82	
294	122	93	
302	161	79	
244	77	163	
281	105	107	
306	131	88	
252	78	160	
303	157	80	
271	193	73	
281	108	104	
295	167	78	
281	97	113	
304	140	86	
274	91	125	
310	153	81	
258	79	155	
300	118	97	
286	110	103	
283	101	112	
295	171	77	
223	70	202	
273	348	56	
316	145	83	
211	67	226	
244	247	67	
240	254	66	
318	138	85	
260	80	153	
208	66	233	
317	150	82	
259	205	71	
224	69	208	
277	89	129	
309	130	90	
303	166	78	
252	76	167	
234	292	64	
272	90	126	
248	243	67	
286	184	74	
279	112	101	
284	93	121	
242	74	176	
310	139	86	
228	70	198	
291	111	98	
281	95	118	
306	169	77	
250	75	172	
275	189	73	
235	289	64	
286	180	75	
276	91	123	
285	113	99	
285	104	107	
312	144	84	
287	107	105	
326	134	87	
274	85	133	
258	78	159	
307	165	78	
218	67	219	
266	80	152	
261	197	72	
272	82	143	
304	115	97	
281	102	109	
256	54	315	
274	93	122	
231	333	62	
237	271	65	
289	109	102	
290	101	111	
310	123	91	
314	129	90	
251	75	171	
293	178	75	
228	69	205	
301	125	92	
271	84	140	
235	319	62	
285	98	112	
308	160	79	
258	77	162	
238	282	64	
305	118	96	
290	94	119	
330	164	78	
257	76	165	
270	80	148	
262	78	156	
318	142	84	
282	96	116	
268	80	150	
243	74	175	
271	201	71	
338	149	82	
256	211	70	
290	120	94	
255	221	68	
240	73	178	
276	82	140	
312	168	77	
252	75	169	
243	270	65	
268	79	154	
250	239	67	
269	195	72	
236	301	63	
240	72	183	
293	181	74	
320	128	90	
283	88	125	
263	77	155	
231	71	191	
289	105	106	
203	63	263	
244	262	65	
275	84	139	
305	106	101	
279	87	131	
301	103	107	
260	218	69	
331	130	89	
212	66	230	
250	74	174	
209	64	244	
293	107	104	
272	81	147	
294	176	75	
293	101	109	
234	70	197	
299	100	111	
321	116	96	
231	69	200	
243	251	66	
271	79	152	
260	207	70	
218	68	210	
281	188	72	
234	71	189	
282	92	122	
258	76	163	
301	110	98	
252	74	173	
376	135	86	
278	84	136	
279	194	71	
235	69	196	
341	125	90	
257	74	167	
278	81	146	
340	128	89	
292	94	117	
315	118	95	
295	93	120	
287	187	73	
220	66	227	
303	104	106	
253	74	170	
316	120	92	
353	130	87	
309	103	105	
266	215	69	
254	238	66	
247	73	176	
236	70	191	
319	102	108	
278	200	70	
239	279	64	
245	247	66	
293	186	73	
240	71	187	
245	72	182	
299	180	74	
237	291	63	
285	91	121	
334	118	94	
309	100	109	
279	81	144	
300	95	115	
257	237	67	
220	67	216	
288	87	128	
230	68	209	
312	99	111	
273	78	151	
334	130	88	
288	85	132	
259	76	162	
287	90	122	
301	93	119	
279	83	139	
298	184	73	
259	233	67	
299	94	116	
322	113	97	
259	75	166	
249	71	181	
273	203	70	
232	68	201	
242	276	64	
282	80	145	
214	65	234	
253	73	175	
224	65	226	
263	76	159	
244	70	185	
271	213	69	
281	79	148	
324	104	103	
249	259	65	
296	92	120	
251	72	179	
324	99	108	
263	75	163	
350	127	89	
304	96	114	
294	85	131	
233	68	199	
236	344	61	
236	311	62	
284	83	135	
226	66	217	
252	242	66	
229	67	211	
256	73	171	
317	99	109	
308	93	118	
284	81	140	
310	109	100	
328	98	111	
210	63	250	
239	329	61	
248	270	64	
272	209	69	
314	97	112	
260	232	67	
244	71	184	
253	257	65	
315	92	119	
295	84	130	
252	72	178	
290	88	124	
240	70	188	
321	96	113	
265	229	67	
221	64	229	
268	219	68	
291	83	134	
322	93	117	
290	82	136	
310	95	114	
300	90	120	
258	72	171	
254	256	65	
240	289	63	
341	98	110	
267	76	156	
304	86	125	
275	75	160	
273	77	154	
255	254	65	
290	80	144	
318	92	118	
336	94	115	
310	193	71	
239	69	193	
292	88	122	
283	79	146	
215	64	239	
267	74	166	
270	217	68	
281	78	150	
241	306	62	
293	90	121	
293	83	132	
241	284	63	
324	96	112	
268	226	67	
279	202	69	
235	67	208	
251	267	64	
324	90	117	
282	77	151	
257	250	65	
262	73	168	
292	80	143	
268	74	163	
285	196	70	
286	77	148	
273	214	68	
254	71	179	
221	65	228	
293	80	142	
255	260	64	
245	69	192	
263	236	66	
297	79	141	
294	81	135	
270	223	67	
243	302	62	
315	85	128	
282	76	155	
277	75	158	
236	67	207	
247	280	63	
230	66	214	
249	69	189	
321	88	121	
261	249	64	
257	71	178	
236	68	198	
250	70	182	
295	80	141	
241	67	205	
265	234	66	
242	316	61	
278	213	68	
263	247	65	
297	78	143	
230	65	223	
266	73	167	
286	76	151	
278	74	162	
327	87	123	
247	68	193	
258	71	175	
215	63	249	
247	298	62	
241	348	60	
282	208	68	
276	222	67	
336	88	120	
271	230	66	
248	277	63	
272	73	164	
303	80	140	
218	63	244	
266	241	65	
286	75	155	
244	67	202	
233	66	212	
277	221	67	
280	73	160	
251	68	187	
304	82	131	
272	72	169	
325	85	127	
292	201	69	
278	219	67	
232	65	222	
317	82	129	
257	256	64	
213	62	254	
260	70	180	
307	80	133	
250	289	62	
252	274	63	
243	66	211	
236	65	219	
262	71	172	
283	210	67	
245	66	205	
333	86	124	
341	82	126	
283	74	159	
255	69	186	
247	67	199	
272	227	66	
339	84	128	
273	72	163	
297	77	147	
225	63	235	
256	271	63	
261	70	179	
302	207	68	
243	341	60	
261	68	185	
250	67	192	
290	75	152	
290	74	157	
269	240	65	
298	75	150	
239	64	217	
308	79	139	
308	205	68	
266	70	177	
302	77	145	
263	69	184	
272	238	65	
245	314	61	
274	225	66	
225	64	226	
260	267	63	
300	76	149	
273	71	167	
264	68	183	
239	65	216	
246	306	61	
313	78	139	
274	237	65	
251	288	62	
221	62	250	
294	74	156	
277	222	66	
270	70	174	
240	65	215	
265	68	182	
302	75	147	
245	329	60	
276	236	65	
254	285	62	
310	79	137	
243	64	214	
320	76	144	
280	231	65	
261	265	63	
247	66	204	
300	74	154	
266	68	179	
309	80	131	
243	65	213	
299	72	159	
269	248	64	
259	278	62	
251	66	200	
282	221	66	
262	258	63	
324	76	141	
247	65	210	
271	244	64	
225	62	246	
300	73	158	
308	76	146	
290	220	66	
230	63	234	
275	70	172	
296	209	67	
254	301	61	
286	72	162	
305	74	151	
292	218	66	
339	79	136	
236	63	232	
303	72	156	
274	69	177	
283	343	55	
282	227	65	
295	72	161	
277	71	164	
338	80	130	
252	64	209	
335	78	138	
273	242	64	
227	62	245	
254	67	189	
305	216	66	
239	63	231	
220	61	260	
359	79	135	
226	58	313	
277	70	171	
252	66	199	
253	65	203	
248	328	60	
257	299	61	
231	62	242	
262	276	62	
240	63	228	
251	323	60	
265	53	329	
275	68	176	
263	66	198	
285	70	168	
276	239	64	
268	256	63	
223	61	250	
304	73	155	
339	77	137	
327	77	140	
312	213	66	
258	297	61	
263	273	62	
264	66	196	
277	69	175	
292	224	65	
321	73	150	
270	254	63	
315	73	154	
324	74	146	
232	62	236	
259	289	61	
267	67	186	
356	78	136	
299	70	163	
242	63	226	
281	69	172	
284	237	64	
253	315	60	
266	266	62	
266	66	192	
272	252	63	
319	73	152	
335	75	145	
307	71	160	
250	341	59	
360	78	135	
243	63	223	
293	220	65	
293	69	167	
285	236	64	
279	245	63	
346	75	140	
287	235	64	
260	65	200	
275	67	185	
290	234	64	
286	68	171	
278	66	184	
248	63	222	
325	71	155	
295	232	64	
233	62	235	
261	288	61	
255	311	60	
290	68	168	
270	66	187	
252	63	221	
264	283	61	
237	62	232	
357	76	139	
315	71	159	
280	67	183	
229	61	248	
271	265	62	
225	60	260	
326	72	154	
265	65	198	
255	62	220	
296	226	64	
272	264	62	
284	67	180	
257	64	208	
320	71	158	
274	262	62	
257	63	219	
234	61	246	
327	73	149	
349	74	143	
261	307	60	
227	58	305	
349	72	153	
246	62	230	
286	242	63	
258	64	206	
258	63	215	
269	65	192	
275	261	62	
313	70	162	
272	271	61	
237	61	241	
254	339	59	
276	259	62	
250	62	224	
262	296	60	
256	328	59	
317	70	159	
261	64	205	
290	66	179	
288	239	63	
302	69	166	
278	255	62	
265	64	203	
309	224	64	
233	60	259	
292	67	178	
260	63	214	
317	69	165	
235	59	256	
294	66	176	
262	63	213	
300	237	63	
242	61	240	
268	64	201	
338	69	163	
245	61	239	
279	254	62	
264	63	211	
328	70	158	
283	66	183	
304	236	63	
247	61	236	
280	253	62	
235	60	255	
271	65	191	
251	62	223	
270	64	197	
284	252	62	
237	60	252	
297	67	175	
305	234	63	
289	66	181	
265	63	209	
350	70	157	
273	65	189	
259	323	59	
288	245	62	
339	69	158	
255	345	58	
311	67	174	
263	288	60	
283	253	61	
315	233	63	
250	61	235	
351	70	156	
312	67	167	
241	60	250	
270	63	207	
338	232	63	
252	61	234	
284	65	187	
323	68	166	
260	62	219	
344	230	63	
254	61	230	
262	319	59	
243	60	248	
276	64	195	
264	62	213	
272	63	203	
342	68	161	
286	65	183	
234	59	267	
244	60	242	
263	313	59	
295	243	62	
280	63	194	
275	282	60	
255	61	229	
283	64	193	
258	61	227	
304	238	62	
285	64	189	
276	63	197	
315	66	170	
266	310	59	
261	60	226	
309	65	182	
268	62	210	
253	59	239	
263	61	223	
278	279	60	
231	57	273	
311	65	180	
268	308	59	
315	235	62	
257	338	58	
271	307	59	
283	277	60	
253	60	238	
272	298	59	
300	64	188	
278	62	207	
270	61	220	
328	65	179	
255	60	236	
288	265	60	
240	59	254	
303	63	187	
332	234	62	
330	65	178	
296	251	61	
311	64	186	
260	60	235	
246	59	252	
346	65	177	
272	61	219	
260	336	58	
282	62	204	
298	249	61	
313	64	185	
276	61	216	
264	334	58	
368	65	176	
249	59	242	
314	64	183	
305	246	61	
237	58	269	
290	63	191	
268	333	58	
369	65	175	
278	295	59	
269	332	58	
291	62	203	
270	330	58	
279	60	214	
333	64	181	
301	61	202	
313	245	61	
284	293	59	
271	329	58	
239	58	266	
272	321	58	
302	62	196	
328	243	61	
281	61	211	
285	292	59	
287	286	59	
290	260	60	
357	64	177	
341	241	61	
242	58	256	
265	60	223	
239	56	311	
348	238	61	
284	61	209	
297	358	54	
273	316	58	
330	62	186	
296	258	60	
289	285	59	
294	61	206	
291	281	59	
341	63	185	
279	52	313	
306	62	190	
300	257	60	
267	59	230	
303	256	60	
360	63	180	
277	309	58	
310	254	60	
296	61	203	
294	277	59	
318	252	60	
255	58	249	
328	249	60	
297	274	59	
279	305	58	
305	61	199	
265	340	57	
300	259	59	
329	245	60	
284	302	58	
283	60	211	
271	59	227	
260	58	244	
246	57	272	
333	61	189	
286	301	58	
249	57	261	
288	300	58	
282	59	223	
292	296	58	
295	60	209	
268	337	57	
265	58	243	
304	60	205	
294	293	58	
272	336	57	
267	58	242	
274	328	57	
285	59	221	
270	58	239	
296	292	58	
298	283	58	
300	59	211	
273	58	232	
302	257	59	
252	57	260	
277	318	57	
243	55	279	
253	57	259	
326	253	59	
260	57	257	
261	57	248	
302	280	58	
332	251	59	
277	58	229	
306	279	58	
345	249	59	
282	316	57	
308	277	58	
285	314	57	
288	58	227	
333	59	209	
313	275	58	
248	56	273	
287	307	57	
312	58	223	
315	270	58	
265	57	245	
253	56	265	
279	57	239	
290	304	57	
321	266	58	
295	303	57	
298	301	57	
324	264	58	
299	295	57	
333	263	58	
290	57	238	
336	262	58	
254	56	262	
280	344	56	
294	57	229	
342	259	58	
266	56	261	
302	291	57	
281	343	56	
282	331	56	
383	257	58	
267	56	255	
303	287	57	
310	285	57	
277	56	249	
314	280	57	
283	330	56	
287	320	56	
315	279	57	
282	56	245	
316	278	57	
320	277	57	
324	270	57	
262	55	276	
295	314	56	
265	55	265	
331	268	57	
297	313	56	
302	311	56	
257	54	290	
340	263	57	
303	303	56	
272	55	263	
314	340	53	
278	55	262	
308	296	56	
294	55	249	
295	51	338	
315	292	56	
316	291	56	
317	290	56	
319	278	56	
260	54	279	
293	338	55	
296	326	55	
332	276	56	
266	54	278	
334	274	56	
279	54	276	
341	271	56	
282	54	265	
268	53	318	
349	270	56	
298	325	55	
299	313	55	
273	53	315	
309	308	55	
276	53	304	
314	304	55	
319	302	55	
320	290	55	
282	53	303	
284	52	300	
287	53	293	
291	53	291	
326	285	55	
296	53	284	
332	283	55	
336	282	55	
339	281	55	
359	277	55	
300	325	54	
312	324	54	
315	316	54	
320	314	54	
327	297	54	
333	295	54	
336	284	54	
338	282	54	
337	359	52	
326	50	350	
329	331	53	
300	51	325	
337	296	53	
330	51	320	
339	294	53	
376	290	53	
353	309	52	
356	50	345	
377	302	52	
