42	316	316	
42	307	330	
42	337	312	
42	305	337	
43	314	271	
43	301	286	
43	292	300	
43	291	352	
43	289	359	
44	286	285	
44	281	304	
45	280	273	
45	279	280	
45	274	291	
45	273	340	
45	271	350	
46	268	276	
46	267	293	
46	266	299	
46	265	329	
46	263	336	
44	297	255	
47	260	259	
47	259	286	
47	257	295	
47	256	304	
47	255	331	
48	254	246	
48	251	271	
48	250	282	
48	248	290	
44	334	253	
49	246	256	
45	294	239	
49	245	258	
49	244	267	
49	242	279	
49	240	285	
50	236	262	
50	234	270	
50	233	287	
51	230	251	
45	303	233	
51	228	257	
51	227	272	
51	225	307	
46	288	227	
52	222	242	
52	221	276	
52	220	283	
46	291	225	
52	218	309	
46	298	220	
53	215	261	
53	211	328	
46	300	219	
47	284	213	
54	208	305	
54	207	309	
54	204	330	
47	301	211	
47	307	210	
55	203	275	
48	295	207	
55	199	300	
48	310	205	
56	196	294	
48	312	204	
49	290	201	
56	192	319	
49	296	198	
59	189	318	
49	319	195	
60	187	299	
50	287	192	
44	289	271	
42	314	323	
61	185	298	
50	323	189	
62	184	299	
62	180	324	
51	281	188	
51	297	185	
63	178	315	
52	299	183	
64	177	306	
65	174	290	
52	306	182	
52	316	180	
67	173	295	
52	364	179	
67	172	316	
53	310	176	
68	171	289	
68	169	300	
53	326	173	
46	273	268	
69	168	285	
69	166	294	
54	328	171	
70	163	278	
55	311	169	
43	310	280	
44	294	261	
71	162	295	
56	313	167	
72	160	286	
56	345	166	
73	159	286	
57	302	165	
44	285	302	
45	283	259	
74	156	297	
57	321	162	
75	155	296	
58	284	161	
75	154	299	
58	323	160	
76	151	283	
59	286	159	
59	306	158	
45	287	249	
60	290	155	
77	149	274	
46	274	253	
79	148	278	
61	292	153	
79	147	281	
80	146	273	
61	299	152	
46	279	247	
80	145	282	
62	301	150	
80	144	302	
81	142	293	
63	292	148	
47	258	294	
83	139	272	
63	323	146	
46	271	274	
47	268	241	
46	285	239	
64	300	143	
85	138	276	
85	136	290	
49	248	248	
65	302	141	
86	135	275	
87	133	331	
67	311	140	
49	250	244	
46	277	251	
54	214	256	
67	319	136	
46	281	246	
47	274	233	
46	284	244	
54	211	284	
88	132	293	
48	260	239	
50	240	251	
89	130	315	
49	253	236	
50	243	237	
50	242	239	
90	129	294	
69	299	135	
51	233	246	
90	128	300	
69	302	134	
91	127	285	
71	291	133	
47	271	239	
47	277	231	
91	125	316	
71	322	132	
50	244	229	
48	273	222	
47	282	228	
48	270	230	
73	286	130	
48	274	221	
93	124	320	
48	267	234	
55	209	252	
49	259	228	
51	234	234	
93	122	334	
49	265	217	
73	289	129	
48	286	211	
74	295	128	
50	239	260	
51	236	228	
95	121	321	
75	309	127	
48	277	219	
57	192	313	
96	120	267	
50	251	210	
75	312	126	
53	221	254	
49	267	216	
96	118	315	
49	256	234	
76	327	125	
59	194	277	
48	276	220	
49	274	212	
51	241	218	
55	213	241	
51	239	225	
49	285	208	
49	258	233	
78	278	124	
59	193	292	
49	262	225	
59	192	303	
98	117	290	
78	282	123	
50	266	203	
57	196	288	
52	228	219	
98	115	355	
80	270	122	
63	182	290	
57	202	283	
80	301	121	
63	181	306	
60	192	279	
58	200	273	
63	180	309	
54	216	230	
101	113	300	
80	305	120	
50	278	202	
56	207	264	
59	198	252	
50	247	228	
58	202	261	
51	260	199	
51	248	205	
61	191	264	
82	271	119	
56	203	269	
59	196	275	
61	189	273	
101	111	336	
83	308	118	
51	269	194	
61	187	289	
64	179	295	
53	288	181	
57	205	267	
83	336	117	
54	312	174	
64	180	289	
62	185	292	
58	206	238	
52	235	211	
53	225	218	
57	207	258	
64	181	271	
58	204	242	
59	201	248	
102	110	282	
84	294	116	
63	184	287	
58	203	256	
55	295	172	
52	279	187	
53	308	180	
53	224	239	
60	196	254	
104	108	297	
62	188	287	
52	283	186	
63	186	276	
85	276	115	
54	223	222	
54	283	180	
54	290	179	
65	178	265	
60	194	270	
63	187	270	
52	290	185	
63	188	262	
63	185	281	
58	208	212	
51	244	216	
54	297	178	
55	212	250	
52	271	192	
86	281	114	
54	301	176	
56	209	246	
55	292	174	
106	107	297	
52	262	197	
86	317	113	
52	250	203	
53	279	185	
52	278	191	
53	267	191	
56	212	244	
53	272	189	
53	262	192	
52	259	200	
106	105	305	
87	299	112	
57	211	223	
54	270	183	
53	248	201	
56	213	235	
52	238	209	
55	288	177	
64	185	246	
62	189	267	
57	209	238	
53	275	187	
55	283	178	
62	194	243	
56	297	170	
53	254	198	
53	251	199	
52	242	206	
88	314	111	
52	231	217	
54	247	196	
54	222	229	
54	257	189	
66	176	277	
62	192	262	
54	262	188	
55	222	217	
55	216	224	
55	279	179	
108	103	320	
53	241	203	
53	232	210	
63	190	251	
90	268	109	
57	213	213	
53	237	205	
54	254	191	
68	173	275	
63	193	230	
55	265	182	
60	198	245	
69	170	259	
63	189	254	
68	175	264	
55	272	181	
55	291	176	
53	230	217	
61	197	245	
54	227	213	
68	174	274	
56	274	176	
54	236	200	
61	196	248	
54	233	202	
60	203	241	
56	289	175	
55	259	187	
64	183	270	
59	204	233	
56	294	172	
61	201	224	
65	183	258	
56	220	223	
57	274	172	
57	298	169	
112	101	288	
57	289	171	
56	221	222	
91	309	107	
55	223	216	
56	267	180	
55	242	195	
54	230	211	
61	200	230	
57	292	170	
54	246	199	
55	245	193	
61	199	244	
68	176	248	
55	225	215	
55	227	207	
55	239	197	
55	230	201	
62	199	228	
55	264	186	
54	232	208	
62	198	231	
70	167	253	
56	222	211	
56	256	184	
62	197	239	
55	254	189	
55	253	191	
59	206	232	
64	191	231	
56	243	192	
56	254	186	
66	180	252	
57	258	178	
59	207	231	
114	99	303	
92	291	106	
60	206	220	
56	247	191	
60	204	227	
56	252	188	
63	196	227	
56	225	209	
56	266	181	
57	271	177	
56	251	189	
69	174	234	
56	234	196	
58	276	170	
67	179	264	
56	228	204	
57	243	190	
58	261	174	
93	306	105	
57	224	200	
56	237	194	
63	197	223	
72	162	282	
68	178	242	
58	214	201	
57	222	210	
57	249	187	
57	240	191	
57	251	185	
65	187	233	
58	279	169	
58	238	188	
61	205	211	
117	98	285	
57	254	183	
57	235	193	
94	279	104	
61	204	218	
58	283	168	
57	228	198	
58	264	172	
66	184	249	
58	247	182	
59	273	165	
75	158	264	
66	183	250	
62	200	211	
59	262	171	
58	256	181	
117	97	327	
58	230	196	
75	157	285	
95	323	103	
67	182	245	
63	198	201	
67	184	231	
58	235	190	
59	266	170	
66	185	245	
59	244	180	
71	166	270	
58	243	186	
67	183	239	
57	234	194	
68	180	223	
62	201	202	
75	156	290	
59	253	175	
73	160	277	
72	164	261	
59	232	193	
58	217	199	
121	95	295	
58	246	184	
73	162	273	
58	213	207	
97	279	102	
60	275	163	
59	220	196	
58	234	192	
76	155	258	
59	239	186	
60	215	195	
60	262	169	
58	226	198	
58	211	210	
64	195	212	
73	163	268	
60	218	193	
59	256	173	
60	267	168	
59	240	185	
64	193	222	
60	228	191	
59	235	188	
59	252	177	
59	208	206	
76	156	255	
60	282	161	
59	211	200	
72	166	257	
60	243	179	
98	280	100	
60	270	166	
65	191	225	
60	233	187	
59	238	187	
65	190	231	
60	241	181	
61	272	157	
60	246	178	
61	249	170	
74	161	257	
66	188	224	
60	236	185	
60	232	189	
61	261	167	
60	251	175	
60	239	184	
123	94	268	
74	160	272	
61	221	190	
61	252	168	
61	239	177	
61	267	164	
61	264	166	
70	170	251	
61	224	189	
61	234	182	
61	216	192	
62	228	181	
62	271	156	
62	282	152	
71	171	242	
68	179	241	
66	191	209	
67	187	230	
60	209	203	
62	241	171	
62	274	155	
65	194	214	
123	93	310	
62	261	161	
98	318	99	
76	154	281	
61	237	180	
73	165	242	
62	254	166	
61	214	198	
77	153	249	
67	190	221	
62	224	185	
73	169	217	
72	170	243	
62	208	199	
73	164	252	
127	92	296	
88	134	279	
68	189	207	
62	204	200	
100	315	97	
63	231	175	
62	212	197	
77	151	267	
61	215	193	
64	276	148	
63	219	186	
63	260	160	
62	213	196	
88	133	289	
62	215	191	
62	259	165	
68	187	217	
63	205	195	
69	177	232	
76	160	230	
65	278	146	
65	196	211	
72	173	225	
62	244	169	
62	281	154	
63	263	159	
63	256	165	
127	91	338	
62	227	183	
75	162	239	
63	273	154	
65	197	210	
63	214	192	
64	253	161	
76	158	248	
72	171	233	
70	178	223	
63	253	166	
69	186	206	
62	251	168	
63	221	184	
63	270	157	
63	217	190	
63	213	194	
66	197	193	
66	195	200	
64	250	166	
63	234	174	
63	250	168	
68	287	138	
64	262	158	
69	182	216	
64	220	183	
64	212	192	
64	215	187	
64	226	180	
64	243	168	
71	174	231	
65	282	145	
82	144	280	
74	164	247	
63	237	172	
75	161	256	
71	177	222	
65	200	194	
64	267	157	
132	89	299	
64	229	178	
103	306	95	
65	209	188	
65	245	162	
64	270	156	
68	188	216	
82	143	281	
65	259	152	
66	284	143	
65	215	181	
65	203	192	
63	243	170	
63	220	185	
72	174	218	
64	241	170	
68	302	136	
65	218	179	
64	256	159	
67	192	196	
65	240	168	
73	168	241	
64	218	185	
82	142	288	
80	147	270	
65	225	177	
64	233	173	
79	150	271	
65	238	171	
67	284	142	
80	148	266	
69	181	221	
74	168	228	
74	165	232	
64	219	184	
65	230	174	
65	232	172	
70	180	221	
66	222	170	
65	243	166	
80	149	262	
67	295	141	
64	232	174	
79	152	253	
71	179	215	
66	209	186	
80	150	248	
82	145	272	
65	274	150	
69	185	214	
67	191	204	
66	225	168	
65	248	160	
66	235	166	
65	208	191	
71	184	205	
66	261	150	
65	258	157	
79	151	255	
77	155	242	
70	185	204	
66	207	191	
66	243	165	
66	248	156	
65	255	159	
67	205	190	
133	88	279	
67	212	185	
72	177	212	
104	315	94	
90	130	274	
83	143	247	
66	269	147	
67	208	189	
72	183	200	
69	190	201	
67	213	184	
67	237	164	
67	234	165	
68	278	141	
68	201	186	
66	221	178	
68	207	183	
82	146	253	
72	305	132	
67	243	161	
67	204	191	
75	164	238	
68	204	185	
67	219	178	
66	247	161	
67	215	179	
70	189	195	
68	219	172	
67	279	143	
68	212	180	
66	202	192	
67	250	154	
76	162	223	
133	87	321	
105	303	93	
67	241	163	
68	263	143	
67	246	159	
69	289	136	
68	214	178	
75	167	223	
94	122	315	
72	180	210	
67	231	167	
86	136	271	
68	240	160	
68	199	191	
66	268	149	
82	149	247	
68	217	177	
75	165	231	
70	191	188	
69	196	189	
69	209	177	
70	188	203	
68	238	163	
67	258	151	
76	166	216	
77	158	240	
73	180	201	
69	212	175	
73	172	215	
69	226	161	
67	257	153	
69	194	192	
68	245	158	
71	187	200	
140	86	281	
106	312	92	
68	256	153	
68	213	179	
80	152	241	
69	229	159	
79	154	246	
73	179	209	
99	115	314	
72	186	192	
78	158	237	
69	269	140	
69	201	184	
69	245	152	
68	257	151	
69	207	182	
74	176	214	
92	125	290	
85	142	251	
72	184	199	
73	177	211	
69	242	158	
69	214	174	
79	157	222	
69	252	147	
79	153	247	
69	205	183	
68	262	148	
75	173	210	
70	203	180	
69	283	139	
71	188	199	
74	177	209	
80	153	237	
94	124	288	
69	224	169	
70	215	170	
70	212	172	
85	140	265	
70	200	182	
79	158	221	
79	155	230	
70	235	156	
69	265	141	
141	85	327	
75	179	199	
76	168	209	
112	309	91	
70	222	169	
70	232	158	
70	196	187	
71	218	163	
89	132	274	
69	284	138	
75	177	207	
70	208	179	
70	285	136	
70	271	138	
71	198	185	
75	169	216	
82	150	228	
71	206	176	
71	189	193	
71	201	179	
77	301	125	
75	172	214	
70	243	153	
78	160	227	
75	178	206	
70	254	145	
71	209	174	
70	251	151	
72	185	198	
76	171	207	
87	138	259	
72	279	133	
72	195	181	
71	271	137	
76	165	221	
142	83	310	
76	178	194	
71	239	150	
113	312	90	
76	177	200	
94	123	314	
73	184	196	
86	140	246	
74	183	196	
74	181	198	
95	123	285	
77	164	219	
71	205	177	
76	176	203	
73	188	187	
71	216	169	
70	214	171	
71	284	136	
83	149	241	
72	193	186	
72	211	171	
72	206	175	
95	122	289	
72	274	136	
72	203	177	
78	162	220	
71	250	146	
75	183	191	
81	154	230	
70	258	144	
76	174	206	
73	205	172	
88	136	250	
72	217	167	
72	214	169	
83	146	245	
71	235	154	
73	208	169	
89	135	269	
78	165	217	
71	233	157	
77	175	204	
78	166	214	
75	182	192	
73	211	167	
73	199	176	
72	200	180	
71	249	149	
72	225	159	
73	194	183	
72	226	158	
71	260	142	
73	196	178	
76	283	127	
114	313	89	
73	186	189	
72	243	148	
79	163	213	
78	172	197	
73	195	179	
84	148	233	
72	224	161	
76	180	187	
74	187	186	
77	171	206	
72	229	156	
74	191	184	
71	268	140	
72	228	157	
79	165	208	
77	176	199	
73	217	162	
71	270	139	
78	175	193	
81	156	223	
73	220	159	
72	260	138	
90	132	262	
73	204	173	
76	179	193	
71	257	144	
84	146	240	
72	237	152	
72	249	143	
74	214	162	
79	161	219	
73	228	155	
79	160	220	
74	202	171	
82	154	221	
75	192	180	
92	128	276	
80	161	218	
73	270	134	
74	194	182	
90	135	254	
79	168	206	
86	145	236	
73	234	152	
73	242	147	
75	185	190	
72	259	140	
73	207	171	
143	82	314	
74	190	185	
81	161	213	
77	177	198	
97	118	311	
78	171	205	
73	284	132	
115	317	88	
73	249	142	
73	233	154	
74	201	172	
72	270	137	
81	159	219	
74	212	165	
73	219	160	
74	205	168	
75	189	185	
86	143	240	
76	187	183	
73	237	150	
73	223	157	
79	171	202	
75	196	175	
76	191	178	
73	246	145	
73	222	158	
80	167	197	
74	224	152	
93	126	289	
74	272	131	
73	265	137	
74	199	175	
82	156	214	
74	237	148	
85	147	227	
80	164	209	
73	255	140	
75	210	161	
75	278	128	
98	119	271	
74	236	150	
95	126	256	
78	277	125	
76	193	171	
92	127	282	
75	199	172	
92	131	259	
76	186	186	
81	157	221	
74	218	158	
75	209	167	
74	262	134	
82	153	226	
82	159	212	
76	190	181	
75	233	145	
74	245	145	
75	212	158	
102	112	274	
74	204	170	
74	217	160	
76	207	157	
77	185	182	
148	81	305	
78	178	185	
74	244	146	
82	160	211	
81	166	201	
77	188	177	
116	310	87	
73	248	144	
98	118	282	
95	125	280	
93	130	233	
83	152	224	
94	127	257	
85	149	218	
74	257	138	
87	142	228	
75	203	170	
74	254	141	
93	128	241	
77	184	185	
75	244	139	
82	163	209	
75	204	169	
74	221	156	
75	200	171	
82	165	202	
79	173	194	
77	190	170	
75	229	149	
76	195	170	
81	164	208	
76	205	165	
92	134	241	
74	248	143	
84	150	215	
76	196	169	
85	148	225	
77	183	186	
82	157	213	
79	177	185	
88	140	245	
95	124	281	
83	159	204	
76	198	168	
88	139	248	
82	155	220	
84	152	208	
82	164	205	
74	260	136	
100	115	290	
74	256	139	
89	141	233	
75	223	154	
75	264	132	
78	181	183	
83	155	215	
79	176	186	
78	184	180	
92	133	251	
77	203	160	
80	170	195	
89	138	242	
75	222	155	
75	243	144	
75	255	137	
76	210	155	
149	80	289	
80	174	184	
119	297	86	
76	234	144	
76	275	130	
75	228	150	
77	215	154	
77	201	167	
83	164	196	
96	125	255	
89	137	246	
76	240	143	
83	157	208	
76	224	150	
79	179	178	
81	172	192	
76	253	134	
91	135	231	
76	246	137	
76	223	151	
76	227	148	
76	276	129	
77	264	129	
78	199	163	
77	219	152	
76	261	131	
90	140	213	
82	168	192	
79	189	169	
90	136	238	
76	243	141	
81	169	196	
77	271	127	
76	231	147	
83	162	202	
82	173	185	
76	242	142	
79	182	176	
87	147	214	
77	236	143	
149	78	297	
77	241	140	
81	289	120	
86	148	222	
122	308	85	
78	195	167	
82	172	186	
87	145	226	
77	230	146	
77	228	147	
79	186	175	
78	237	139	
77	225	149	
77	242	138	
84	163	198	
83	167	192	
80	176	177	
77	222	150	
82	171	189	
78	218	147	
84	160	202	
84	155	206	
77	256	133	
78	198	165	
77	221	151	
80	188	174	
79	193	164	
77	250	135	
88	146	222	
77	232	145	
84	161	201	
78	217	149	
82	169	191	
84	282	118	
79	194	163	
91	137	223	
78	229	143	
81	184	165	
78	216	152	
85	161	200	
84	164	191	
78	202	162	
88	144	227	
86	155	202	
78	209	154	
89	145	213	
78	259	129	
77	206	158	
83	169	185	
79	225	146	
78	234	142	
79	212	151	
86	159	197	
85	162	199	
78	245	136	
89	144	218	
79	196	162	
77	270	128	
79	262	126	
80	199	158	
86	151	212	
87	149	207	
124	304	84	
89	143	226	
86	162	182	
78	258	131	
84	168	179	
78	206	156	
78	253	133	
77	263	130	
79	227	145	
79	236	139	
89	146	212	
82	175	178	
79	247	132	
81	182	172	
78	247	135	
80	227	138	
79	238	136	
100	117	272	
79	276	125	
83	173	176	
81	180	175	
80	226	142	
80	217	146	
80	265	125	
84	167	189	
80	203	156	
96	123	265	
86	158	200	
81	204	154	
79	253	130	
81	208	152	
79	215	149	
81	222	141	
87	152	205	
83	171	183	
79	243	135	
101	116	282	
82	193	161	
84	166	190	
87	161	187	
87	157	199	
97	123	264	
153	76	325	
82	179	175	
82	180	170	
80	214	150	
126	304	83	
98	122	257	
85	167	183	
85	165	189	
89	147	209	
88	154	203	
82	198	157	
88	160	188	
79	246	133	
89	155	196	
81	193	162	
84	170	172	
81	202	157	
82	210	145	
97	126	242	
88	158	196	
82	190	163	
80	251	127	
82	203	151	
80	216	148	
80	238	134	
83	188	158	
81	219	145	
89	152	201	
83	176	175	
80	236	136	
83	179	173	
82	201	156	
89	157	190	
89	151	206	
89	159	181	
81	216	147	
81	240	132	
80	248	131	
82	213	143	
83	198	153	
90	149	205	
80	235	137	
82	260	122	
100	120	259	
83	183	164	
93	134	230	
89	158	188	
83	193	156	
90	153	194	
81	229	136	
82	208	150	
91	151	204	
99	125	246	
127	315	82	
94	136	221	
81	261	125	
100	119	264	
80	250	130	
98	124	255	
89	148	208	
84	182	169	
90	146	207	
81	246	129	
92	150	187	
82	228	135	
90	143	211	
82	221	140	
93	131	232	
82	250	126	
84	179	171	
83	205	146	
91	138	222	
85	177	169	
85	182	166	
102	116	271	
99	124	248	
95	132	223	
89	302	111	
93	133	231	
82	218	142	
89	156	195	
82	242	130	
92	139	217	
92	148	197	
99	122	256	
103	118	266	
82	231	134	
85	181	168	
82	226	137	
85	187	157	
92	144	208	
82	239	133	
101	123	244	
82	252	125	
90	155	187	
86	165	180	
96	129	231	
83	201	151	
83	224	134	
92	147	202	
85	197	149	
83	235	130	
93	137	212	
86	174	165	
86	184	163	
85	258	118	
82	245	128	
86	169	178	
84	217	141	
111	104	289	
84	201	149	
104	116	247	
102	113	273	
83	263	120	
85	192	155	
101	120	258	
159	75	299	
101	122	245	
97	128	233	
101	119	262	
86	185	162	
93	145	201	
102	115	272	
128	308	81	
84	223	135	
102	119	229	
87	167	171	
106	108	296	
88	269	112	
92	145	207	
82	259	124	
104	118	233	
93	140	210	
84	220	139	
98	127	236	
107	109	277	
85	196	153	
85	216	136	
83	208	144	
83	255	124	
87	186	159	
101	125	216	
83	244	128	
87	165	178	
86	182	164	
93	143	208	
84	234	131	
83	246	127	
87	163	180	
111	103	312	
95	130	231	
85	213	141	
87	179	162	
86	192	152	
94	143	201	
84	238	127	
84	204	147	
87	184	161	
85	223	133	
95	133	222	
96	131	224	
84	244	123	
95	136	216	
109	106	299	
90	158	177	
100	126	219	
104	115	263	
85	207	143	
87	190	154	
86	202	146	
94	142	208	
108	107	295	
95	135	221	
83	247	126	
88	182	154	
84	257	119	
109	107	290	
88	166	176	
87	173	169	
89	162	179	
85	204	145	
83	251	125	
85	228	131	
104	114	264	
96	134	212	
97	130	219	
94	147	189	
86	210	141	
95	137	209	
84	252	120	
159	74	300	
106	110	274	
86	271	117	
96	141	192	
87	196	148	
90	165	169	
92	151	186	
87	215	135	
87	189	156	
134	306	79	
110	105	297	
87	172	170	
94	149	182	
95	146	193	
87	212	138	
88	178	164	
98	129	228	
92	153	185	
112	103	280	
98	128	230	
110	106	287	
87	194	151	
89	171	164	
104	112	272	
87	197	147	
87	204	144	
88	180	161	
85	233	129	
110	108	279	
106	112	260	
92	256	107	
87	209	141	
96	139	204	
86	274	116	
95	144	200	
92	154	184	
89	176	161	
88	191	151	
90	159	176	
86	221	135	
88	194	150	
87	201	145	
90	181	153	
88	202	139	
86	237	126	
87	256	117	
89	187	153	
93	155	176	
88	258	115	
86	235	127	
91	160	174	
88	262	114	
87	226	130	
106	114	252	
85	227	132	
88	200	146	
90	179	160	
110	107	283	
89	193	149	
87	217	132	
98	133	216	
86	222	134	
90	186	147	
91	166	167	
89	196	146	
86	241	124	
106	111	273	
159	72	308	
98	136	202	
85	247	122	
91	180	154	
87	231	128	
89	199	145	
91	175	162	
107	111	269	
87	224	131	
86	234	128	
88	214	136	
91	164	171	
99	132	217	
89	201	140	
91	176	159	
92	169	162	
89	210	137	
97	139	201	
89	209	138	
99	133	206	
88	227	127	
90	196	142	
87	234	125	
91	163	172	
99	134	205	
86	251	119	
107	110	273	
91	169	165	
93	152	184	
111	109	267	
100	130	217	
100	131	216	
92	176	155	
93	151	185	
110	110	256	
86	249	121	
96	257	103	
92	171	161	
109	111	267	
111	106	281	
92	162	170	
111	107	279	
89	212	136	
88	231	123	
101	131	210	
111	108	270	
90	193	146	
87	246	120	
87	242	123	
88	221	131	
119	97	301	
89	222	128	
90	211	130	
89	216	131	
94	154	181	
94	170	159	
90	201	138	
88	239	120	
94	161	170	
98	139	198	
110	111	254	
93	164	166	
91	184	151	
96	144	190	
93	156	175	
95	147	186	
107	113	247	
89	226	124	
91	193	145	
90	209	137	
96	150	173	
136	302	78	
92	163	169	
95	160	168	
88	255	117	
93	167	165	
95	159	169	
112	107	277	
90	210	133	
106	117	233	
91	206	133	
103	122	221	
89	245	118	
91	188	146	
100	137	187	
92	194	142	
90	199	140	
97	146	189	
93	182	146	
101	126	215	
94	171	158	
88	250	119	
113	105	254	
93	168	164	
109	112	251	
92	185	146	
112	104	279	
101	128	214	
98	143	182	
106	116	234	
93	191	142	
93	162	168	
95	148	185	
92	178	154	
95	166	161	
112	106	278	
94	167	162	
94	175	154	
90	258	112	
93	176	153	
100	135	199	
92	197	140	
101	129	213	
89	249	116	
92	204	136	
102	129	197	
93	180	152	
117	100	277	
112	109	260	
90	216	128	
96	148	184	
97	162	162	
95	164	165	
89	234	122	
96	158	172	
95	170	154	
90	222	123	
91	200	139	
93	189	145	
108	113	239	
100	134	204	
94	180	148	
93	194	140	
94	197	136	
97	151	171	
96	165	163	
101	133	203	
93	197	138	
166	71	334	
94	177	151	
90	255	115	
98	146	180	
95	168	159	
138	302	77	
90	233	119	
94	190	143	
98	154	166	
97	154	169	
94	185	145	
102	127	209	
105	121	225	
101	134	202	
93	205	132	
93	289	106	
116	102	273	
95	186	139	
100	136	198	
90	244	116	
92	215	126	
92	210	129	
94	200	135	
113	103	262	
105	124	211	
92	244	114	
94	193	141	
91	257	113	
99	147	172	
97	166	160	
94	267	106	
110	112	243	
111	110	252	
101	135	197	
92	208	132	
92	253	109	
97	168	158	
96	174	150	
107	120	215	
91	227	122	
91	240	118	
98	160	165	
97	164	161	
102	130	196	
107	118	224	
104	126	206	
94	203	133	
98	163	157	
107	122	211	
112	110	235	
116	101	280	
96	179	147	
95	194	137	
99	161	163	
105	125	202	
94	207	130	
102	133	194	
100	138	186	
110	115	229	
93	220	120	
96	181	144	
97	172	149	
130	91	307	
95	180	146	
91	243	116	
96	178	148	
102	128	208	
94	202	134	
99	167	150	
109	117	227	
92	221	122	
99	143	181	
99	158	165	
168	70	346	
102	140	180	
93	214	128	
100	160	159	
141	303	76	
92	236	117	
103	127	206	
95	200	128	
100	144	179	
95	198	135	
94	213	126	
103	135	193	
110	116	220	
113	106	253	
100	158	164	
97	184	139	
120	97	296	
112	113	231	
100	162	155	
96	189	136	
94	206	131	
93	218	125	
101	151	165	
98	171	152	
103	136	192	
100	146	177	
114	109	239	
101	292	99	
97	174	147	
93	249	112	
103	128	205	
96	192	134	
93	238	116	
101	159	160	
104	131	187	
97	179	144	
94	215	121	
108	119	223	
99	166	155	
93	228	117	
104	144	174	
97	182	142	
95	210	126	
103	158	154	
101	157	164	
94	234	115	
110	117	218	
98	178	143	
104	146	172	
117	108	250	
97	199	127	
121	97	280	
102	150	170	
104	134	185	
101	305	98	
107	124	208	
94	242	110	
103	157	157	
117	101	276	
103	156	161	
118	102	257	
102	142	179	
99	176	142	
98	194	133	
102	132	195	
120	99	279	
95	256	105	
104	135	184	
121	100	253	
96	214	120	
104	147	163	
101	166	144	
171	69	321	
96	205	127	
105	142	175	
106	127	195	
118	108	232	
145	309	75	
100	181	137	
103	155	163	
118	107	244	
104	132	186	
99	180	141	
100	170	148	
96	211	125	
101	161	156	
104	139	182	
103	150	167	
107	123	210	
98	198	131	
107	121	214	
112	115	225	
101	165	154	
95	227	116	
100	175	145	
117	104	253	
113	114	230	
123	96	260	
102	159	159	
109	124	201	
95	233	113	
109	122	205	
102	160	158	
99	194	129	
126	93	279	
111	120	201	
107	140	171	
97	207	126	
95	225	119	
102	300	97	
104	138	183	
111	118	213	
102	164	153	
114	114	228	
99	189	135	
96	213	124	
106	129	183	
115	112	231	
118	105	248	
107	137	177	
104	151	162	
105	145	167	
121	99	267	
97	210	123	
101	181	136	
116	113	230	
97	213	119	
109	126	193	
101	188	133	
103	164	148	
115	114	227	
98	209	122	
101	184	134	
105	148	161	
104	156	156	
96	225	118	
115	115	224	
102	275	98	
117	113	216	
107	144	162	
98	200	126	
102	174	141	
116	114	219	
117	111	228	
99	205	125	
103	161	152	
122	98	276	
101	180	139	
105	151	159	
109	125	200	
101	193	128	
97	222	118	
96	240	109	
101	171	143	
96	232	115	
116	109	235	
114	117	211	
173	68	329	
103	170	137	
96	249	107	
109	123	204	
107	135	182	
98	219	116	
120	106	239	
115	116	213	
151	305	74	
101	189	132	
99	208	124	
97	231	114	
119	107	243	
109	127	191	
98	211	119	
112	125	189	
108	133	176	
98	268	102	
118	104	249	
100	200	120	
98	222	115	
120	107	231	
104	163	151	
96	239	111	
106	151	156	
99	196	128	
118	112	227	
113	122	192	
104	157	155	
102	185	130	
114	119	209	
108	138	170	
97	234	112	
102	263	99	
104	159	152	
120	105	242	
105	161	150	
119	112	207	
119	110	229	
131	91	291	
100	266	101	
98	229	110	
106	146	165	
100	194	127	
122	102	246	
104	290	96	
115	119	197	
104	280	97	
115	117	210	
119	111	227	
103	181	134	
122	104	234	
99	213	118	
108	143	167	
106	160	149	
123	99	250	
106	155	152	
101	195	125	
97	247	108	
120	110	215	
106	165	146	
117	118	197	
97	254	106	
98	227	113	
120	108	224	
104	178	136	
118	113	210	
102	188	128	
109	139	168	
106	161	148	
107	149	160	
107	164	140	
110	126	192	
117	116	207	
99	237	107	
110	137	170	
108	159	145	
100	274	100	
111	131	178	
100	214	117	
105	181	131	
98	251	105	
131	92	284	
175	67	311	
98	226	114	
122	106	231	
113	126	187	
155	311	73	
108	147	159	
107	153	155	
105	177	134	
108	160	143	
99	224	113	
108	155	150	
111	134	171	
109	142	166	
100	256	102	
103	192	124	
99	220	115	
109	148	155	
102	198	120	
99	239	106	
108	153	154	
100	218	116	
105	302	94	
98	238	109	
124	103	240	
114	126	173	
136	87	290	
100	208	119	
100	220	114	
106	284	95	
110	142	163	
101	208	118	
101	217	112	
118	117	205	
111	138	167	
113	130	181	
100	224	111	
107	176	135	
100	250	103	
110	151	152	
110	146	159	
101	271	100	
99	235	109	
101	216	115	
104	190	123	
109	156	148	
122	107	228	
105	185	127	
101	209	117	
107	180	129	
114	124	185	
107	175	136	
125	101	244	
118	115	209	
111	140	166	
133	90	271	
102	210	114	
99	243	105	
125	102	243	
117	119	196	
100	221	113	
119	117	191	
112	143	161	
102	207	117	
119	115	202	
107	178	133	
121	109	212	
110	138	169	
107	181	127	
123	97	259	
108	174	136	
113	131	176	
113	137	163	
118	120	190	
103	206	113	
100	231	106	
128	97	258	
133	91	270	
106	287	94	
108	175	135	
113	146	155	
115	123	190	
108	168	139	
113	142	160	
111	154	147	
142	85	274	
126	106	222	
126	104	230	
124	107	227	
111	142	162	
109	168	133	
108	176	132	
129	98	251	
125	103	237	
104	204	119	
112	135	169	
177	66	338	
107	179	132	
127	102	230	
99	236	108	
129	100	242	
132	92	272	
131	93	278	
156	315	72	
112	148	152	
123	108	216	
107	299	92	
113	144	159	
111	153	151	
103	251	100	
105	189	126	
104	196	121	
118	122	178	
101	248	104	
101	220	110	
116	123	185	
129	95	267	
109	162	142	
112	153	146	
110	164	136	
105	198	119	
106	185	124	
108	179	130	
126	101	243	
113	145	158	
105	204	114	
112	152	151	
126	103	235	
101	225	109	
104	271	98	
131	94	264	
106	272	97	
119	113	206	
131	97	244	
103	237	104	
129	101	240	
101	254	102	
114	138	156	
127	103	229	
116	130	166	
114	135	166	
106	195	117	
120	116	188	
117	124	181	
110	175	131	
107	271	96	
112	154	145	
110	163	138	
120	114	200	
110	159	143	
114	146	151	
102	242	105	
113	152	149	
128	105	216	
115	134	167	
106	194	121	
103	243	103	
103	248	102	
111	161	138	
130	96	259	
132	95	256	
125	110	210	
108	281	93	
110	172	132	
126	107	221	
113	158	140	
105	270	98	
101	229	106	
132	96	252	
111	172	130	
133	93	261	
115	150	145	
107	188	122	
131	100	237	
118	121	189	
111	160	141	
107	260	98	
122	113	200	
128	107	207	
111	175	128	
114	290	91	
108	184	118	
113	156	143	
130	104	220	
103	218	107	
126	110	202	
103	216	112	
115	145	154	
101	228	108	
108	272	94	
114	152	142	
117	131	164	
117	123	183	
105	261	99	
120	115	199	
105	210	110	
128	106	215	
110	181	125	
133	94	249	
120	117	187	
131	98	243	
132	100	236	
184	65	331	
115	146	150	
116	142	149	
162	312	71	
104	217	111	
108	255	97	
108	297	92	
123	113	198	
132	99	237	
104	226	104	
114	291	90	
133	100	233	
106	259	99	
112	176	127	
121	121	184	
106	238	101	
106	198	115	
111	166	135	
133	102	225	
119	135	157	
123	114	197	
112	168	132	
111	295	92	
104	241	103	
104	249	100	
134	91	269	
107	253	99	
120	126	171	
114	158	134	
124	114	196	
135	92	255	
113	165	134	
112	284	92	
112	178	126	
122	120	181	
135	101	221	
117	149	147	
135	98	242	
114	157	139	
118	123	177	
114	171	129	
127	114	183	
111	183	123	
113	173	126	
110	261	95	
115	304	89	
127	112	195	
103	225	106	
136	98	241	
134	103	218	
114	166	133	
135	94	247	
124	125	175	
115	166	131	
120	127	170	
118	146	147	
113	179	123	
115	153	139	
118	141	155	
123	118	186	
107	199	111	
137	96	226	
121	134	153	
143	84	306	
135	99	235	
105	213	108	
136	97	243	
106	237	103	
106	203	114	
138	88	264	
130	106	211	
136	100	224	
126	113	197	
121	128	168	
125	118	185	
131	109	202	
135	95	246	
107	247	100	
107	231	103	
119	139	152	
132	104	214	
129	111	195	
118	149	145	
109	249	99	
125	120	173	
115	169	129	
110	194	115	
116	150	142	
122	132	156	
136	99	228	
115	165	133	
125	124	169	
114	178	120	
132	105	208	
145	84	285	
108	222	105	
122	121	180	
109	245	100	
110	273	93	
113	182	122	
119	147	140	
190	64	344	
115	171	128	
111	254	97	
115	177	119	
165	315	70	
116	162	127	
111	191	116	
107	237	102	
132	108	205	
116	156	135	
122	129	167	
131	110	201	
112	245	98	
115	168	130	
130	113	190	
146	83	302	
116	287	89	
120	145	148	
110	244	99	
124	122	177	
110	234	102	
140	91	259	
137	93	236	
123	130	159	
115	173	124	
127	119	182	
113	278	92	
122	127	169	
116	278	91	
123	120	180	
133	110	200	
117	294	88	
119	137	156	
124	129	164	
109	209	108	
111	235	100	
114	182	114	
111	221	106	
112	265	94	
125	127	167	
133	108	202	
111	195	113	
129	118	176	
112	254	96	
121	143	145	
134	110	190	
136	102	219	
135	103	216	
110	215	107	
121	139	150	
121	146	136	
112	212	105	
146	82	303	
111	208	109	
135	107	206	
134	109	198	
110	226	103	
117	154	138	
130	111	193	
113	189	116	
111	233	101	
126	126	160	
141	87	275	
136	104	204	
112	204	108	
136	106	195	
118	169	124	
117	157	132	
112	248	97	
109	225	104	
112	223	101	
138	100	216	
140	92	247	
136	103	208	
141	90	254	
112	271	93	
118	155	132	
112	193	113	
111	241	99	
110	223	104	
114	273	92	
125	122	172	
131	111	190	
134	108	200	
130	117	178	
116	174	122	
119	149	139	
122	140	148	
121	141	149	
147	83	300	
117	301	87	
119	153	137	
114	253	95	
123	138	146	
112	192	114	
114	261	93	
118	154	135	
131	112	189	
139	99	217	
127	124	166	
126	122	170	
114	255	94	
113	218	104	
148	82	275	
113	191	114	
135	109	193	
139	102	209	
113	195	112	
122	142	147	
118	282	89	
114	240	99	
134	113	180	
122	144	139	
113	243	98	
113	252	96	
113	201	110	
142	87	266	
124	136	149	
131	115	177	
118	158	130	
113	209	107	
141	89	263	
115	232	99	
115	178	117	
113	246	97	
144	91	248	
192	63	320	
115	270	92	
143	88	260	
119	166	126	
171	312	69	
112	229	100	
115	243	95	
118	172	121	
115	241	97	
128	130	153	
118	265	91	
128	123	165	
128	120	170	
141	96	222	
132	119	170	
114	220	103	
135	111	182	
114	196	111	
137	94	235	
139	100	213	
125	133	155	
115	200	109	
119	280	90	
124	139	144	
145	92	236	
117	234	98	
143	95	231	
114	208	105	
137	105	192	
120	167	125	
115	191	113	
144	89	259	
125	134	152	
131	122	167	
114	215	104	
118	291	88	
129	128	157	
121	151	133	
115	193	112	
119	171	120	
116	197	106	
145	88	258	
133	118	171	
121	161	128	
120	262	89	
128	125	164	
146	90	252	
119	172	119	
144	86	273	
139	103	206	
126	143	141	
116	208	103	
147	84	270	
145	89	257	
126	135	148	
121	164	125	
135	115	175	
120	170	123	
140	100	211	
115	220	102	
145	86	266	
117	193	108	
142	98	221	
121	168	122	
116	190	112	
119	286	88	
121	160	129	
131	121	169	
147	90	237	
117	259	93	
146	89	254	
130	124	163	
121	156	130	
138	110	182	
140	104	202	
138	109	185	
120	279	87	
127	142	143	
143	98	213	
116	206	104	
116	224	100	
146	94	224	
129	124	164	
115	249	94	
125	137	147	
142	102	207	
147	87	247	
118	240	96	
117	182	113	
145	95	225	
140	103	203	
118	264	92	
122	164	124	
129	134	151	
123	150	129	
130	132	152	
133	121	163	
116	196	108	
116	230	99	
141	99	215	
119	251	93	
132	124	160	
140	101	210	
119	228	97	
121	170	116	
120	256	92	
130	126	157	
122	160	127	
136	116	172	
132	120	169	
122	163	126	
117	211	102	
118	177	117	
128	139	141	
144	103	187	
121	153	132	
116	180	116	
134	114	179	
143	101	207	
130	128	155	
131	130	148	
144	101	196	
119	217	100	
117	242	95	
146	97	212	
139	108	186	
118	189	107	
119	226	98	
146	92	232	
117	228	99	
123	164	122	
124	159	126	
123	161	126	
136	118	168	
120	173	117	
137	114	176	
129	138	145	
129	136	146	
124	148	132	
125	162	125	
129	140	139	
146	100	203	
119	187	107	
148	86	259	
125	145	138	
139	112	178	
193	62	333	
118	178	115	
125	157	126	
138	116	166	
122	290	86	
180	318	68	
121	237	96	
122	168	119	
119	245	94	
125	298	84	
142	107	186	
135	123	156	
131	127	153	
130	138	140	
149	84	263	
132	136	143	
132	135	146	
147	96	217	
156	76	319	
130	140	138	
147	99	205	
117	205	104	
125	163	124	
139	115	172	
128	145	137	
148	92	225	
119	225	99	
121	176	108	
126	155	124	
140	110	176	
121	238	95	
122	256	91	
120	176	116	
126	147	131	
148	94	217	
119	195	104	
119	181	114	
120	222	99	
122	250	93	
140	114	173	
138	120	165	
137	121	160	
133	134	141	
123	244	92	
122	222	96	
122	265	88	
125	165	119	
147	88	246	
131	142	131	
120	213	101	
123	242	93	
122	239	94	
140	109	184	
127	161	119	
135	127	150	
129	146	134	
151	89	244	
139	119	161	
126	291	85	
149	91	223	
147	98	210	
133	131	146	
124	282	86	
149	81	288	
142	109	177	
142	108	183	
157	77	311	
141	113	171	
149	86	255	
138	126	154	
120	181	113	
120	224	98	
122	215	98	
151	81	286	
151	83	272	
152	88	240	
122	233	95	
117	206	103	
128	151	124	
119	202	102	
150	96	212	
152	85	262	
123	261	90	
149	98	208	
152	81	277	
153	84	261	
123	254	91	
120	226	97	
141	114	170	
121	223	98	
139	125	153	
139	117	165	
121	209	101	
139	122	159	
124	258	89	
122	171	113	
122	271	87	
123	168	116	
141	111	175	
146	107	180	
154	85	253	
151	96	210	
153	82	269	
148	100	194	
151	90	233	
128	159	122	
136	133	143	
133	139	139	
150	86	251	
134	140	136	
142	114	169	
125	253	89	
123	209	100	
143	117	164	
125	236	94	
145	108	182	
151	98	200	
140	121	157	
143	111	174	
152	79	285	
128	288	85	
137	127	149	
154	89	230	
146	106	181	
151	95	216	
133	146	124	
140	124	155	
125	251	91	
128	295	84	
134	135	139	
147	102	194	
153	97	209	
143	115	168	
141	126	152	
134	137	138	
137	131	143	
123	231	95	
158	77	293	
125	239	93	
139	120	160	
120	189	106	
143	118	163	
154	83	261	
149	92	222	
126	277	86	
152	95	214	
126	165	114	
144	112	171	
195	61	330	
136	130	147	
158	76	316	
137	129	148	
129	299	83	
186	303	67	
154	96	208	
141	124	153	
126	248	91	
156	86	243	
129	275	84	
129	154	123	
154	93	215	
126	230	94	
122	207	101	
145	115	163	
141	123	154	
144	117	162	
155	86	247	
142	125	150	
152	90	231	
140	120	159	
124	229	95	
144	116	165	
149	105	184	
142	113	170	
155	96	198	
122	197	103	
135	139	131	
142	122	156	
131	150	127	
156	84	259	
140	129	143	
123	214	98	
148	102	191	
154	94	212	
154	80	284	
145	113	167	
138	127	147	
140	119	160	
124	243	92	
125	211	96	
149	106	178	
147	109	173	
126	234	92	
130	154	121	
155	88	231	
156	80	279	
145	117	160	
125	259	88	
143	119	157	
123	191	105	
157	81	273	
127	270	87	
124	199	101	
127	247	91	
137	133	141	
129	301	82	
145	121	147	
126	251	89	
158	84	255	
127	219	95	
136	136	137	
129	270	86	
131	286	83	
155	78	296	
128	259	87	
142	123	152	
148	111	166	
158	85	252	
128	231	90	
153	99	199	
156	95	209	
158	86	236	
128	164	110	
147	112	168	
156	90	227	
125	208	100	
159	82	257	
157	78	281	
156	92	219	
152	104	186	
159	85	234	
143	126	147	
154	101	182	
132	159	114	
126	250	90	
147	113	162	
152	107	172	
123	200	102	
138	134	140	
123	174	112	
139	132	140	
154	98	196	
151	105	178	
138	135	133	
126	198	100	
153	102	185	
135	144	129	
129	162	113	
143	123	150	
142	128	145	
127	210	99	
146	117	156	
122	185	107	
158	80	270	
124	191	104	
145	119	152	
158	83	258	
128	228	94	
149	110	170	
160	84	246	
123	184	106	
128	204	98	
141	134	138	
157	90	223	
123	195	103	
124	196	102	
158	90	221	
140	131	140	
157	95	205	
158	92	211	
124	190	105	
157	93	211	
128	258	88	
147	116	160	
125	172	109	
131	296	82	
136	158	118	
143	127	137	
155	99	186	
157	89	226	
129	218	94	
136	153	123	
130	257	88	
159	80	266	
158	94	209	
130	263	85	
125	184	104	
142	133	136	
133	292	81	
137	143	129	
126	167	113	
159	90	216	
142	130	140	
131	248	88	
137	156	114	
126	193	103	
160	82	254	
129	240	89	
129	228	93	
124	183	107	
137	148	123	
138	143	128	
159	78	274	
148	113	159	
145	123	146	
152	106	177	
153	109	171	
138	151	121	
140	139	126	
154	110	169	
160	92	207	
142	132	138	
156	104	180	
127	180	107	
158	88	228	
155	112	156	
160	80	262	
127	192	102	
206	60	342	
158	95	204	
147	125	140	
153	105	176	
159	77	291	
159	89	225	
160	83	253	
155	98	189	
192	300	66	
155	109	169	
138	145	127	
156	109	166	
159	86	233	
131	226	91	
132	248	87	
150	116	153	
149	117	155	
137	154	120	
132	260	83	
161	82	250	
160	95	202	
130	187	101	
129	180	105	
161	89	224	
160	97	192	
129	191	102	
161	94	204	
163	86	230	
128	206	97	
161	76	284	
154	105	173	
130	203	99	
155	108	170	
160	77	287	
157	103	179	
143	138	131	
164	88	222	
131	215	95	
160	88	226	
134	271	82	
156	111	162	
132	254	86	
132	222	92	
160	90	213	
161	84	242	
131	197	98	
146	119	149	
131	177	107	
164	80	260	
154	115	157	
158	103	176	
143	133	134	
138	155	117	
162	94	199	
162	79	271	
163	83	247	
140	147	121	
144	136	131	
140	153	120	
165	89	214	
157	106	166	
164	86	227	
156	108	167	
147	123	145	
161	77	282	
134	305	80	
161	96	191	
130	194	100	
165	80	256	
163	93	204	
139	154	117	
133	245	88	
158	108	164	
142	145	124	
143	129	136	
132	211	95	
157	102	180	
128	175	108	
135	292	80	
132	203	96	
141	152	120	
154	114	158	
150	117	152	
165	91	212	
164	79	264	
133	174	105	
133	214	94	
156	99	183	
164	83	241	
145	131	130	
148	123	142	
134	217	92	
139	147	123	
142	152	118	
130	172	108	
166	91	202	
144	143	125	
163	94	197	
148	122	143	
166	84	230	
134	235	89	
142	149	120	
130	186	103	
165	87	221	
158	104	175	
164	75	297	
144	134	133	
153	116	150	
134	243	88	
133	169	109	
132	183	104	
158	102	177	
156	115	154	
168	81	247	
138	289	81	
151	119	145	
159	108	161	
145	144	121	
163	76	280	
165	93	198	
160	101	180	
165	82	248	
161	97	186	
132	184	102	
145	133	129	
166	92	199	
158	105	172	
160	104	174	
166	75	291	
133	180	104	
163	78	272	
165	85	229	
166	94	188	
132	187	100	
165	88	220	
135	242	86	
133	207	95	
134	195	97	
166	90	209	
164	77	272	
143	150	117	
169	70	328	
134	254	85	
167	71	331	
159	105	167	
159	111	159	
137	161	112	
133	202	97	
135	241	88	
161	99	177	
163	103	171	
139	284	81	
167	86	218	
135	207	94	
161	102	174	
146	141	125	
164	78	268	
157	113	155	
134	169	107	
145	137	127	
135	223	90	
135	182	103	
146	143	120	
156	116	149	
168	82	246	
137	234	88	
143	153	114	
149	125	135	
137	209	93	
157	115	151	
165	79	263	
134	194	99	
166	83	233	
135	231	89	
138	159	113	
138	165	105	
169	71	308	
169	82	244	
151	122	140	
146	145	115	
161	113	152	
168	88	214	
167	79	256	
168	89	211	
209	59	335	
164	98	184	
136	177	101	
168	74	292	
156	118	148	
147	142	124	
163	110	160	
135	193	99	
196	322	65	
138	161	111	
170	79	247	
168	75	288	
144	149	115	
152	121	138	
165	96	184	
159	107	165	
160	111	156	
149	130	134	
138	293	79	
165	73	300	
136	204	95	
168	78	266	
170	82	237	
140	279	81	
168	85	225	
136	222	91	
137	201	96	
168	90	206	
137	184	99	
150	140	119	
139	291	80	
137	170	106	
164	109	158	
165	104	170	
147	135	128	
139	160	111	
158	117	146	
149	141	119	
139	157	113	
160	107	164	
140	289	80	
137	251	84	
137	215	91	
137	240	87	
168	101	168	
170	78	257	
136	256	84	
167	93	196	
169	75	284	
165	98	181	
168	76	276	
148	135	126	
155	120	143	
139	230	89	
138	192	98	
150	127	128	
161	112	154	
169	89	208	
170	80	246	
151	138	124	
169	76	268	
166	103	168	
138	163	110	
142	159	112	
165	106	163	
138	196	94	
141	284	80	
163	107	162	
140	229	87	
169	87	213	
162	114	147	
169	88	210	
140	176	104	
171	81	243	
138	238	87	
141	216	88	
139	231	88	
138	246	85	
171	90	204	
141	277	81	
140	162	107	
169	105	163	
169	84	227	
169	93	192	
144	155	111	
165	109	149	
141	212	92	
142	260	82	
171	92	194	
157	119	144	
143	155	113	
142	173	101	
169	85	223	
172	91	193	
170	75	280	
166	108	158	
159	118	145	
169	100	174	
161	111	155	
170	74	285	
140	221	90	
168	97	182	
167	103	167	
144	259	81	
140	189	98	
141	160	107	
169	73	292	
163	112	153	
171	88	206	
170	76	265	
142	191	97	
158	120	142	
172	83	223	
169	98	178	
172	80	241	
168	107	159	
174	90	200	
162	118	142	
152	131	121	
140	204	93	
143	291	79	
142	279	80	
164	111	152	
172	84	222	
159	123	137	
140	235	86	
170	72	294	
142	298	78	
172	82	233	
167	94	185	
169	104	166	
170	84	224	
163	115	139	
140	259	83	
150	132	127	
171	86	217	
143	209	92	
168	106	161	
171	70	295	
170	88	208	
176	85	216	
145	153	107	
144	285	79	
160	120	140	
171	75	271	
172	81	240	
169	97	179	
173	88	204	
142	183	100	
171	99	176	
147	152	113	
142	254	83	
170	77	264	
141	243	85	
147	143	118	
171	80	245	
173	87	211	
173	86	213	
153	126	133	
143	192	96	
170	104	163	
144	158	110	
161	123	130	
145	168	103	
145	211	89	
172	95	176	
174	80	238	
171	76	261	
173	95	173	
172	92	188	
142	185	98	
144	182	96	
171	78	253	
138	248	84	
143	293	78	
149	148	111	
172	108	154	
170	101	166	
171	74	275	
145	278	79	
174	89	202	
170	105	160	
145	173	100	
144	207	92	
175	81	232	
174	99	170	
154	125	131	
177	87	201	
145	239	83	
177	90	196	
146	270	80	
171	106	158	
160	121	137	
170	73	289	
173	77	258	
176	82	229	
171	101	163	
144	201	93	
167	113	148	
143	244	84	
176	83	220	
171	105	159	
144	252	83	
175	89	200	
143	195	95	
172	107	157	
175	79	240	
177	86	207	
145	205	92	
173	78	251	
147	202	90	
144	290	78	
145	233	86	
167	114	145	
210	58	348	
162	122	136	
174	103	161	
170	71	299	
145	299	77	
205	311	64	
142	161	106	
171	72	287	
151	143	117	
143	227	87	
168	113	147	
163	120	137	
145	191	95	
144	258	82	
177	85	214	
176	76	255	
178	82	217	
178	92	181	
146	180	99	
175	107	154	
175	88	203	
155	142	117	
172	94	179	
170	112	148	
176	78	247	
146	234	85	
146	251	82	
154	137	120	
147	227	86	
173	75	269	
178	88	198	
147	281	78	
176	100	169	
171	73	286	
146	199	93	
164	119	135	
156	130	127	
146	169	102	
177	91	192	
145	225	87	
176	104	151	
148	296	77	
171	113	139	
146	165	104	
178	90	189	
172	73	281	
177	79	232	
179	84	213	
155	144	115	
172	112	147	
156	139	117	
177	81	230	
175	103	158	
175	74	267	
177	100	168	
173	108	153	
150	145	111	
178	77	249	
146	193	94	
169	114	142	
178	91	186	
145	163	105	
148	175	98	
147	266	80	
173	111	143	
176	98	171	
180	85	207	
160	126	130	
175	76	259	
148	276	78	
179	89	197	
165	120	133	
147	192	93	
155	137	119	
147	221	87	
157	129	127	
149	281	77	
162	125	125	
174	74	271	
178	99	166	
147	181	98	
157	141	116	
179	77	246	
177	74	265	
177	99	169	
175	108	151	
148	199	92	
178	81	220	
170	118	137	
182	89	188	
150	188	94	
148	275	79	
180	78	243	
148	170	101	
150	163	102	
148	231	83	
173	69	319	
179	86	205	
177	102	161	
150	158	106	
151	273	79	
174	72	279	
161	128	127	
171	71	293	
151	160	104	
180	75	257	
148	254	81	
150	147	110	
173	109	148	
146	237	84	
150	301	76	
177	98	170	
149	164	104	
149	264	80	
161	136	118	
178	97	170	
149	226	86	
147	246	82	
158	143	112	
171	117	133	
152	252	79	
180	100	165	
175	73	274	
151	286	75	
183	87	192	
149	219	87	
178	80	231	
150	223	86	
178	98	169	
149	213	88	
167	120	132	
175	110	147	
181	85	204	
150	194	91	
181	78	236	
180	83	212	
176	108	150	
150	251	80	
148	181	97	
151	225	85	
150	207	89	
153	185	95	
179	76	249	
162	135	114	
181	80	228	
181	100	162	
162	130	124	
159	141	112	
150	170	100	
183	90	178	
182	102	153	
152	152	107	
181	83	210	
184	84	203	
181	97	168	
150	180	97	
150	169	101	
148	304	75	
150	212	87	
173	116	137	
177	107	146	
179	93	179	
153	166	98	
159	140	116	
166	123	128	
169	119	129	
183	94	177	
185	84	200	
176	71	290	
181	96	171	
182	100	161	
154	155	106	
182	97	165	
153	158	104	
166	119	134	
154	150	109	
180	103	155	
152	178	97	
179	91	183	
163	132	120	
151	219	86	
181	77	245	
163	127	123	
150	242	82	
177	73	267	
183	84	207	
152	275	78	
161	139	116	
184	90	175	
179	109	141	
182	77	234	
183	80	224	
155	190	93	
183	101	160	
153	208	88	
174	111	141	
156	180	93	
185	98	163	
182	74	252	
175	113	136	
154	183	94	
177	69	307	
154	263	78	
178	70	287	
155	202	89	
154	159	103	
181	75	254	
151	246	81	
185	79	231	
182	82	216	
187	94	170	
164	129	118	
154	177	97	
150	200	90	
153	220	84	
185	100	158	
157	151	104	
185	94	172	
185	86	199	
156	186	92	
182	76	244	
183	106	148	
156	149	108	
179	72	275	
153	214	85	
186	78	229	
183	82	213	
184	94	174	
224	57	345	
156	179	94	
168	123	127	
157	171	97	
154	240	82	
179	71	283	
153	279	75	
188	95	168	
185	81	218	
178	69	299	
211	313	63	
186	86	197	
184	88	191	
156	154	106	
157	165	101	
186	98	160	
157	147	107	
155	194	90	
187	80	223	
176	116	135	
189	83	202	
180	111	134	
157	177	96	
187	78	225	
188	89	186	
157	161	102	
154	271	77	
160	144	110	
189	88	180	
157	203	88	
182	78	233	
155	235	82	
186	105	149	
159	164	100	
188	79	221	
182	73	262	
172	122	124	
187	101	150	
188	81	214	
157	209	86	
169	124	125	
182	72	266	
182	75	251	
155	242	81	
180	108	143	
172	117	131	
188	86	194	
186	82	212	
164	125	124	
181	71	279	
191	96	165	
183	75	250	
170	128	114	
177	115	131	
152	282	76	
159	196	89	
189	92	172	
166	139	111	
188	85	198	
157	186	91	
160	162	101	
184	76	242	
189	82	208	
162	143	108	
166	129	117	
159	176	96	
185	75	245	
157	157	103	
188	97	163	
188	80	220	
152	246	80	
153	227	83	
173	119	128	
161	144	108	
158	157	102	
184	106	145	
181	66	320	
189	87	183	
172	126	122	
189	77	219	
161	177	95	
178	68	310	
155	290	74	
160	169	96	
182	107	145	
191	98	159	
159	200	87	
185	76	241	
187	100	153	
188	102	148	
165	142	111	
181	69	298	
192	85	192	
156	239	81	
180	67	307	
182	71	270	
189	80	216	
183	73	258	
189	86	188	
188	76	240	
160	229	80	
193	92	167	
190	81	208	
182	69	286	
162	161	101	
181	110	139	
169	133	115	
175	121	126	
193	97	155	
177	118	130	
161	162	98	
189	94	168	
163	148	106	
159	199	88	
156	257	78	
182	70	274	
168	135	113	
185	107	140	
186	77	231	
161	155	103	
189	76	230	
173	124	122	
190	104	143	
156	263	77	
193	96	164	
192	92	170	
160	165	99	
163	174	95	
174	127	120	
182	67	292	
193	95	166	
159	190	90	
163	158	101	
189	84	199	
182	108	141	
191	82	207	
158	222	83	
184	74	250	
157	244	79	
187	75	241	
157	236	81	
157	275	76	
166	141	110	
164	182	92	
178	117	124	
196	95	160	
195	84	190	
164	176	94	
193	82	204	
158	294	73	
191	79	215	
183	72	262	
158	214	84	
188	73	254	
169	138	110	
166	160	100	
176	123	121	
185	106	143	
188	77	229	
188	74	247	
157	243	80	
193	83	201	
163	194	89	
164	148	104	
160	206	85	
162	152	102	
191	80	214	
159	206	86	
182	114	132	
186	109	138	
162	145	107	
162	162	97	
195	91	174	
158	241	80	
158	235	81	
186	107	139	
190	78	218	
195	83	193	
192	80	210	
171	139	109	
198	94	164	
166	196	88	
158	274	76	
174	123	122	
190	89	178	
165	164	95	
172	137	112	
179	116	129	
162	225	82	
159	255	78	
168	145	105	
163	179	93	
189	75	233	
159	269	76	
197	91	173	
187	110	136	
177	125	119	
166	191	89	
168	155	101	
194	82	202	
163	189	90	
186	72	258	
190	73	245	
183	113	133	
189	73	248	
194	80	206	
162	215	83	
184	71	268	
168	156	100	
165	182	91	
165	170	94	
193	103	146	
165	175	93	
161	243	78	
198	96	152	
165	204	86	
168	158	99	
174	133	111	
198	90	172	
190	86	185	
166	181	91	
191	106	136	
194	100	150	
158	259	77	
178	121	121	
165	185	90	
172	143	107	
184	115	128	
191	74	243	
173	141	108	
195	89	176	
186	70	266	
185	113	131	
173	137	111	
162	165	96	
200	82	196	
167	192	87	
168	177	91	
162	298	72	
183	69	280	
198	93	166	
167	151	103	
199	91	170	
196	80	203	
166	198	86	
178	126	114	
189	112	133	
158	288	74	
192	79	213	
162	210	84	
196	85	189	
163	224	82	
183	66	305	
193	80	208	
159	272	75	
188	101	149	
197	87	178	
196	87	180	
189	72	251	
202	93	161	
168	184	89	
160	256	75	
187	71	265	
232	56	324	
192	74	241	
193	102	147	
160	235	79	
189	110	135	
199	93	165	
220	319	62	
192	105	141	
192	76	227	
164	223	82	
181	124	116	
171	150	103	
200	83	182	
187	114	129	
160	280	74	
196	103	142	
191	71	256	
173	143	105	
172	150	101	
170	161	98	
198	89	175	
188	65	329	
202	100	144	
175	142	107	
190	112	132	
194	78	214	
165	219	82	
195	78	211	
163	227	80	
174	136	110	
191	111	130	
202	91	167	
194	74	240	
196	102	145	
176	132	104	
187	67	289	
180	120	122	
172	149	103	
169	145	104	
199	88	177	
200	79	201	
185	116	126	
191	110	133	
172	167	93	
199	96	151	
168	201	85	
204	89	169	
206	92	166	
172	160	97	
189	65	326	
202	95	159	
201	99	149	
182	123	120	
195	74	233	
170	155	99	
193	109	134	
162	254	77	
187	69	278	
168	190	88	
193	76	224	
193	75	232	
165	225	81	
167	209	83	
198	79	209	
209	85	174	
166	214	83	
168	183	90	
174	148	103	
172	173	92	
207	92	163	
174	156	98	
200	99	150	
204	94	154	
193	105	140	
188	68	284	
195	75	229	
190	65	299	
161	288	73	
178	130	112	
173	153	100	
169	207	84	
192	73	244	
183	119	121	
204	81	200	
192	115	120	
163	250	77	
189	69	277	
183	122	117	
171	181	90	
192	113	128	
197	104	138	
169	224	81	
201	84	180	
168	213	82	
195	72	241	
190	69	272	
175	147	103	
173	149	101	
204	82	191	
169	184	88	
190	72	248	
172	163	96	
194	108	135	
198	77	216	
205	81	198	
171	197	85	
170	212	81	
208	90	165	
196	76	223	
161	267	74	
194	109	130	
171	203	84	
189	117	123	
192	70	262	
197	74	228	
173	160	95	
206	90	168	
185	120	119	
178	143	103	
179	145	98	
173	195	85	
198	76	222	
193	114	126	
204	98	148	
165	235	77	
203	102	142	
172	179	90	
202	99	147	
174	150	99	
175	156	97	
196	108	133	
210	87	171	
195	110	128	
190	67	282	
208	86	178	
204	93	157	
164	231	79	
196	72	240	
206	79	192	
169	190	87	
199	75	220	
194	71	249	
197	103	141	
173	173	91	
194	72	245	
175	183	89	
201	107	134	
180	129	112	
162	279	73	
210	92	161	
200	78	207	
200	77	214	
198	73	232	
213	91	161	
173	166	94	
174	169	92	
184	66	304	
170	218	80	
192	68	277	
193	68	265	
163	290	71	
176	180	89	
175	192	86	
197	113	126	
172	204	82	
186	66	302	
163	284	72	
204	103	139	
175	177	90	
193	70	257	
164	252	76	
204	105	137	
180	131	110	
177	149	98	
200	75	219	
204	100	142	
175	187	87	
182	126	111	
207	97	147	
174	160	94	
173	200	83	
201	77	207	
210	89	168	
208	99	140	
207	98	144	
201	74	217	
202	106	135	
187	66	293	
188	124	114	
177	159	96	
213	92	158	
206	82	187	
170	226	79	
190	119	118	
194	114	125	
201	108	132	
205	104	132	
210	88	170	
189	66	286	
187	121	118	
199	111	127	
205	95	152	
213	88	164	
202	107	132	
177	173	90	
177	180	88	
177	189	86	
188	123	116	
204	78	203	
180	156	96	
177	179	89	
174	163	93	
202	76	213	
167	246	76	
175	169	91	
177	154	97	
210	102	138	
180	140	100	
177	183	87	
200	74	222	
197	71	246	
213	96	146	
203	108	130	
174	199	84	
195	114	124	
194	70	253	
200	113	122	
212	93	154	
171	234	78	
180	177	89	
200	112	125	
175	194	85	
215	89	156	
177	165	92	
194	69	257	
189	121	116	
187	128	106	
163	275	73	
207	80	191	
178	196	83	
200	71	232	
173	227	78	
181	154	95	
213	95	149	
192	120	115	
176	193	85	
202	109	129	
217	94	152	
211	102	136	
185	131	109	
210	86	172	
168	254	74	
220	87	170	
171	221	79	
201	73	220	
212	80	187	
179	186	85	
199	114	123	
214	84	177	
198	71	240	
194	118	118	
208	82	180	
166	311	70	
190	124	111	
207	107	130	
178	189	85	
181	152	97	
206	109	126	
191	120	116	
184	172	89	
193	67	278	
193	64	310	
205	109	127	
213	78	200	
203	75	212	
195	70	252	
221	87	168	
237	55	325	
181	168	90	
182	179	87	
204	109	128	
169	266	73	
174	213	80	
213	101	137	
172	210	81	
225	332	61	
196	70	250	
169	242	76	
207	108	128	
193	120	114	
209	76	205	
204	75	210	
180	193	84	
169	248	75	
218	86	171	
186	131	107	
197	117	117	
181	162	93	
219	94	151	
184	178	88	
205	112	124	
170	300	70	
222	93	153	
184	158	94	
210	109	125	
185	139	102	
214	97	144	
210	106	129	
171	277	72	
217	92	154	
208	98	143	
213	102	134	
201	70	238	
177	209	81	
180	185	86	
183	150	95	
195	67	270	
222	86	168	
184	164	92	
217	84	172	
185	164	91	
185	171	88	
222	87	167	
185	160	93	
214	76	204	
178	202	82	
219	95	146	
220	94	150	
214	78	190	
224	91	148	
174	234	77	
217	83	179	
179	207	80	
174	219	79	
215	100	139	
193	127	110	
196	123	113	
187	133	103	
183	183	86	
205	114	118	
196	69	253	
217	78	186	
198	116	119	
211	112	120	
217	77	200	
211	111	123	
215	98	141	
186	161	91	
175	225	77	
174	240	76	
224	87	160	
192	65	297	
199	119	115	
184	188	84	
194	68	261	
223	88	156	
187	154	94	
221	82	173	
211	105	131	
194	65	279	
219	81	181	
203	72	230	
212	108	127	
180	199	82	
221	96	143	
178	212	80	
223	91	153	
178	218	79	
223	100	138	
225	85	169	
180	205	81	
198	124	105	
214	107	128	
197	120	113	
186	149	97	
189	158	93	
175	231	76	
177	222	78	
194	64	302	
184	182	85	
209	113	119	
174	242	75	
218	101	135	
198	122	111	
185	177	87	
185	188	83	
217	103	133	
179	213	79	
173	271	71	
225	99	139	
215	109	123	
200	118	115	
189	144	99	
218	103	130	
204	72	228	
188	130	101	
226	85	166	
200	68	250	
172	273	72	
170	262	73	
186	164	90	
208	74	216	
189	147	95	
223	97	141	
184	181	86	
224	100	135	
214	108	125	
186	170	89	
183	203	81	
228	98	135	
198	68	258	
216	107	125	
209	74	214	
231	93	146	
188	160	92	
182	196	82	
221	106	124	
190	143	98	
230	95	143	
198	67	269	
219	77	199	
189	180	86	
174	252	74	
173	286	70	
210	75	209	
190	153	93	
187	167	88	
217	111	122	
187	173	87	
208	116	115	
206	72	224	
180	215	78	
221	105	127	
194	62	317	
219	102	133	
202	67	259	
230	89	153	
203	69	243	
220	76	197	
201	119	113	
212	74	208	
185	198	80	
220	79	185	
191	178	85	
230	84	165	
215	79	189	
192	157	92	
198	65	277	
173	265	72	
174	255	73	
191	141	99	
189	183	84	
224	101	132	
175	244	74	
208	73	219	
210	74	212	
172	308	69	
208	121	112	
190	146	97	
229	96	137	
212	75	207	
189	152	94	
228	97	138	
223	80	182	
195	63	315	
223	111	120	
211	113	117	
175	238	75	
180	211	79	
195	64	292	
210	73	216	
222	107	122	
231	86	162	
226	80	178	
222	102	131	
200	66	273	
182	206	80	
204	71	231	
185	193	82	
225	103	127	
221	74	205	
208	123	110	
209	118	110	
188	136	100	
232	91	145	
221	77	195	
191	143	95	
189	181	85	
192	175	86	
197	63	310	
209	71	227	
180	224	77	
193	158	91	
193	160	90	
207	72	222	
224	83	172	
190	164	89	
208	70	237	
173	292	69	
185	204	79	
230	100	134	
181	222	77	
217	112	119	
192	138	97	
225	110	121	
212	114	115	
234	94	143	
209	69	231	
176	229	76	
233	95	142	
190	150	94	
188	170	87	
222	75	202	
230	83	170	
213	117	114	
226	77	194	
214	73	210	
193	152	92	
231	89	152	
201	66	270	
211	71	218	
176	235	75	
212	121	109	
235	87	158	
187	192	82	
186	197	81	
230	80	177	
182	221	77	
242	97	133	
189	187	83	
228	77	193	
206	69	242	
198	62	295	
237	85	164	
185	211	78	
225	102	130	
183	219	76	
176	251	73	
232	101	126	
234	95	140	
242	85	160	
174	263	72	
219	112	114	
231	90	151	
227	78	183	
236	110	118	
227	110	120	
193	172	86	
192	182	84	
188	191	82	
190	193	81	
183	218	77	
226	108	121	
207	68	239	
235	96	134	
192	149	93	
230	101	131	
232	81	174	
191	184	82	
216	73	207	
203	66	261	
229	77	190	
182	298	68	
204	68	249	
176	242	74	
214	117	113	
239	85	162	
195	154	91	
237	83	168	
194	163	89	
237	88	154	
191	149	94	
205	66	252	
239	92	144	
177	233	74	
193	177	85	
225	75	201	
241	93	140	
232	82	170	
193	166	87	
194	177	84	
226	74	195	
190	187	82	
246	99	131	
177	262	72	
206	129	104	
205	68	244	
219	122	108	
232	90	148	
235	104	125	
240	87	156	
199	64	290	
175	282	70	
179	250	72	
197	158	90	
197	162	88	
195	173	85	
214	72	217	
228	79	182	
192	146	94	
238	109	120	
177	239	73	
246	86	158	
181	229	75	
201	135	99	
185	217	77	
201	134	100	
211	70	221	
222	115	113	
202	64	288	
214	128	104	
216	72	213	
189	207	78	
253	95	139	
222	117	112	
228	76	194	
238	88	151	
233	79	178	
239	54	346	
225	74	204	
206	65	273	
174	269	71	
245	82	163	
242	83	167	
202	157	89	
197	166	86	
189	208	77	
230	321	60	
191	183	83	
235	77	188	
187	203	79	
220	121	107	
234	81	173	
191	190	81	
213	129	99	
231	76	193	
206	64	282	
176	280	70	
192	190	80	
249	111	117	
199	142	96	
252	87	154	
213	119	109	
199	156	90	
180	248	71	
234	80	175	
195	181	83	
255	89	149	
217	127	103	
239	82	169	
190	198	79	
268	100	129	
247	86	157	
195	148	92	
240	80	172	
230	115	111	
236	76	187	
180	273	70	
229	117	111	
248	92	143	
202	134	98	
183	225	75	
204	134	96	
207	65	252	
251	84	159	
210	66	249	
205	133	99	
202	148	91	
247	79	171	
201	162	87	
179	291	69	
254	86	155	
218	126	103	
233	78	182	
200	168	84	
222	72	208	
190	206	78	
200	142	94	
226	121	106	
197	169	85	
229	73	203	
199	61	308	
196	179	83	
237	77	186	
272	114	113	
180	279	69	
197	186	80	
228	120	107	
202	151	90	
256	86	152	
204	144	91	
257	91	144	
204	161	88	
258	84	157	
192	203	78	
247	81	170	
238	77	179	
191	218	76	
217	71	216	
243	79	177	
207	64	270	
232	73	194	
236	115	110	
259	88	150	
211	67	239	
205	63	292	
198	182	82	
230	125	103	
205	159	88	
192	213	75	
224	128	102	
253	81	167	
202	137	97	
212	69	219	
190	223	75	
200	174	83	
211	68	236	
185	231	74	
244	79	175	
238	74	193	
209	141	95	
233	122	104	
194	194	79	
223	71	214	
256	83	161	
204	153	89	
182	259	70	
206	63	286	
239	75	192	
180	242	72	
194	200	78	
226	126	97	
200	179	82	
231	73	200	
189	229	74	
202	162	86	
208	60	301	
210	140	95	
208	158	87	
253	77	174	
185	238	73	
240	75	191	
201	185	80	
228	72	207	
215	67	230	
246	79	174	
226	71	212	
194	204	77	
247	76	186	
225	128	100	
184	282	68	
248	79	170	
187	237	73	
233	71	206	
192	219	74	
242	75	190	
201	184	81	
215	130	98	
211	136	93	
209	154	88	
202	165	85	
270	81	166	
250	76	183	
188	232	73	
219	70	216	
194	210	76	
261	124	103	
254	80	167	
233	72	205	
198	198	78	
208	142	92	
237	121	104	
228	71	210	
244	75	188	
203	181	80	
197	192	79	
208	63	283	
276	82	161	
203	176	82	
272	81	165	
204	147	90	
235	72	199	
249	125	102	
182	271	69	
203	171	83	
202	196	76	
232	70	209	
197	203	77	
211	152	87	
240	72	192	
212	66	237	
216	132	93	
247	74	187	
201	191	79	
225	70	214	
197	209	75	
210	160	86	
209	63	268	
208	64	267	
258	76	178	
199	201	76	
186	240	72	
207	164	85	
217	68	223	
244	74	190	
203	187	79	
254	75	185	
204	180	81	
214	149	87	
209	156	87	
193	227	72	
278	80	166	
203	194	78	
256	78	172	
205	167	84	
207	61	288	
262	125	100	
205	175	82	
227	70	213	
212	163	84	
188	238	72	
206	178	81	
210	64	263	
208	170	83	
288	80	165	
214	159	86	
208	164	84	
207	171	82	
231	70	212	
191	297	67	
215	162	84	
255	74	184	
215	135	95	
218	131	96	
236	70	203	
204	188	77	
186	246	71	
219	69	218	
187	258	70	
209	164	83	
215	156	86	
290	78	170	
184	270	69	
212	146	90	
212	140	91	
260	75	182	
207	177	81	
188	257	70	
216	158	84	
220	69	216	
189	258	69	
195	216	74	
213	65	249	
191	244	71	
205	186	79	
193	226	73	
212	64	260	
189	249	70	
215	144	89	
209	173	81	
211	62	273	
186	281	68	
195	219	73	
207	183	79	
252	73	191	
208	177	80	
274	76	176	
244	71	201	
192	294	67	
235	68	215	
191	269	68	
193	233	71	
267	75	180	
230	68	222	
236	67	212	
199	207	75	
213	64	257	
263	73	190	
244	53	333	
215	65	246	
216	138	92	
209	167	82	
233	68	221	
197	215	74	
247	321	59	
217	67	226	
216	154	86	
193	285	67	
249	70	198	
266	72	187	
234	68	217	
201	206	74	
278	75	175	
220	140	89	
273	75	179	
219	66	236	
216	148	87	
210	181	79	
215	64	248	
272	74	181	
217	65	241	
210	187	78	
214	59	325	
218	154	84	
220	66	234	
238	69	209	
202	202	75	
217	63	267	
276	75	178	
212	169	81	
222	137	92	
212	183	78	
210	173	80	
218	152	86	
218	62	261	
219	145	87	
195	244	70	
228	63	225	
223	134	90	
214	163	83	
257	71	194	
212	177	79	
271	72	184	
265	71	191	
230	66	223	
201	212	73	
214	166	82	
195	225	72	
220	162	83	
244	69	206	
191	257	69	
277	74	180	
204	194	76	
197	318	65	
224	65	235	
219	151	86	
221	165	80	
234	65	221	
195	250	69	
194	281	67	
221	160	83	
208	200	75	
203	223	72	
193	268	68	
200	242	70	
197	293	66	
222	163	82	
221	58	338	
219	167	81	
278	73	183	
220	148	86	
216	181	78	
219	63	253	
197	261	68	
220	59	323	
198	231	71	
220	151	85	
222	144	88	
215	188	76	
215	169	80	
262	70	193	
215	186	77	
215	61	284	
201	311	65	
206	221	72	
216	62	269	
252	68	204	
210	196	75	
215	175	79	
217	64	244	
205	236	70	
200	272	67	
221	59	313	
280	73	180	
222	158	83	
238	68	211	
210	202	74	
209	227	71	
227	142	86	
219	176	78	
224	161	81	
259	70	197	
207	219	72	
239	67	209	
217	184	76	
253	68	201	
216	60	297	
211	206	73	
219	61	275	
221	168	79	
260	69	196	
197	249	69	
269	70	189	
199	287	66	
230	139	89	
223	156	83	
211	212	72	
226	147	84	
203	247	69	
223	150	84	
247	67	206	
204	301	65	
215	194	75	
219	182	77	
199	256	68	
232	140	88	
225	157	82	
213	223	71	
222	58	319	
221	60	276	
216	201	74	
256	69	200	
207	232	70	
279	71	187	
221	62	250	
208	245	69	
218	197	74	
217	190	75	
222	59	298	
225	154	83	
220	175	77	
201	267	67	
209	243	69	
242	65	220	
203	281	66	
224	63	248	
215	219	71	
203	250	68	
243	65	219	
213	202	73	
210	241	69	
213	230	70	
222	61	268	
221	174	78	
244	66	213	
226	153	83	
228	156	81	
228	162	80	
222	171	77	
209	300	65	
232	146	83	
227	153	82	
220	193	74	
213	208	72	
205	261	67	
211	237	69	
215	229	70	
263	68	193	
220	187	75	
210	295	65	
220	181	76	
227	150	83	
216	228	70	
208	277	66	
224	217	71	
244	144	85	
230	165	79	
222	221	70	
223	200	73	
208	249	68	
210	247	68	
225	215	71	
213	233	69	
224	60	265	
232	168	78	
211	281	65	
298	69	192	
228	186	75	
223	206	72	
209	270	66	
230	158	80	
222	177	76	
264	67	203	
225	196	73	
228	192	74	
227	57	318	
208	255	67	
258	65	209	
215	244	68	
230	182	75	
252	52	343	
227	211	71	
223	58	318	
230	188	74	
258	335	58	
234	161	79	
226	59	292	
230	152	81	
225	202	72	
227	61	258	
226	58	297	
211	306	64	
215	232	69	
244	65	216	
228	60	243	
217	243	68	
232	149	82	
271	67	202	
234	164	78	
221	230	69	
219	237	68	
224	220	70	
284	67	200	
229	195	73	
210	266	66	
235	171	76	
265	65	206	
216	254	67	
231	209	71	
230	218	70	
226	228	69	
236	194	73	
237	152	80	
213	303	64	
227	59	281	
235	177	75	
218	251	67	
237	187	74	
234	170	77	
237	199	72	
255	61	215	
247	64	224	
288	67	198	
237	193	73	
238	185	74	
237	155	79	
257	64	213	
232	207	71	
235	215	70	
228	224	69	
237	167	76	
214	301	64	
238	190	73	
214	258	66	
239	148	80	
272	66	204	
219	250	67	
215	292	64	
221	248	67	
237	161	78	
214	276	65	
239	198	72	
233	205	71	
234	62	239	
221	233	68	
239	184	74	
236	214	70	
278	66	203	
242	195	72	
223	244	67	
245	183	74	
230	221	69	
238	208	70	
244	186	73	
234	203	71	
242	163	77	
282	66	202	
246	182	74	
237	173	75	
216	269	65	
237	61	236	
228	230	68	
249	176	74	
239	157	78	
242	200	71	
229	59	277	
244	191	72	
238	220	69	
230	241	67	
216	257	66	
240	219	69	
222	255	66	
216	287	64	
243	61	235	
238	226	68	
232	58	280	
218	311	63	
242	215	69	
246	185	73	
239	151	79	
232	57	313	
244	62	234	
227	254	66	
233	58	276	
235	237	67	
250	199	71	
220	292	63	
264	161	77	
233	59	275	
243	172	75	
252	183	73	
240	204	70	
228	252	66	
253	62	230	
252	195	71	
236	59	268	
218	268	65	
256	165	76	
250	190	72	
261	63	211	
218	281	64	
260	171	75	
222	258	65	
230	251	66	
244	225	68	
271	156	78	
252	186	72	
233	57	308	
263	182	73	
244	214	69	
234	249	66	
264	170	75	
271	159	77	
237	233	67	
246	224	68	
285	64	210	
246	208	69	
251	172	74	
267	180	73	
272	161	76	
248	219	68	
266	166	75	
235	245	66	
288	64	209	
242	203	70	
263	194	71	
296	64	207	
248	201	70	
220	280	64	
235	57	290	
272	158	77	
222	279	64	
237	58	254	
283	178	73	
269	191	71	
243	231	67	
224	269	64	
270	185	72	
261	198	70	
239	244	66	
274	183	72	
247	229	67	
240	242	66	
250	215	68	
287	177	73	
233	253	65	
248	204	69	
271	190	71	
289	175	73	
248	227	67	
244	238	66	
280	182	72	
222	303	62	
269	195	70	
280	187	71	
234	56	321	
282	180	72	
252	225	67	
222	291	63	
298	174	73	
259	213	68	
226	281	63	
236	56	310	
236	252	65	
248	234	66	
257	222	67	
265	203	69	
238	251	65	
271	192	70	
233	267	64	
261	51	303	
282	183	71	
251	60	240	
262	212	68	
270	336	57	
271	202	69	
242	249	65	
265	210	68	
235	264	64	
272	199	69	
243	245	65	
260	220	67	
255	58	233	
251	232	66	
243	58	253	
277	191	70	
269	207	68	
239	57	283	
236	259	64	
253	59	248	
263	219	67	
282	190	70	
290	62	214	
253	228	66	
277	196	69	
267	218	67	
306	186	70	
246	243	65	
230	279	63	
239	56	306	
271	214	67	
277	203	68	
230	291	62	
231	276	63	
254	238	65	
241	253	64	
261	227	66	
279	192	69	
241	57	273	
241	55	303	
261	60	229	
263	223	66	
235	273	63	
276	212	67	
326	185	70	
242	56	287	
280	199	68	
238	270	63	
256	234	65	
278	208	67	
255	248	64	
232	311	61	
300	191	69	
263	60	228	
280	219	66	
243	264	63	
264	59	226	
325	190	69	
233	287	62	
301	198	68	
326	188	69	
259	232	65	
270	59	225	
245	57	263	
306	195	68	
296	207	67	
258	245	64	
274	59	224	
284	218	66	
261	228	65	
298	205	67	
237	277	62	
280	60	220	
289	215	66	
256	261	63	
261	243	64	
236	305	61	
307	202	67	
308	191	68	
257	259	63	
282	227	65	
291	211	66	
263	239	64	
240	54	336	
284	226	65	
246	56	273	
261	258	63	
290	222	65	
309	198	67	
239	288	61	
264	256	63	
253	57	262	
276	238	64	
253	276	62	
255	57	258	
265	255	63	
307	207	66	
277	236	64	
254	271	62	
266	252	63	
292	218	65	
282	231	64	
257	57	255	
273	246	63	
244	55	288	
324	204	66	
259	270	62	
249	54	295	
264	269	62	
298	217	65	
260	57	241	
266	267	62	
316	216	65	
290	227	64	
254	56	269	
269	263	62	
345	203	66	
318	215	65	
242	310	60	
275	242	63	
347	202	66	
339	214	65	
340	212	65	
253	284	61	
282	58	230	
308	226	64	
256	55	262	
273	259	62	
310	224	64	
344	211	65	
293	237	63	
256	282	61	
351	210	65	
276	50	316	
299	335	56	
320	58	229	
322	222	64	
275	257	62	
353	203	65	
247	55	283	
258	278	61	
245	298	60	
324	216	64	
277	253	62	
302	236	63	
263	55	256	
306	235	63	
260	276	61	
253	54	280	
280	57	238	
322	234	63	
265	273	61	
289	248	62	
326	232	63	
283	57	235	
327	231	63	
270	267	61	
264	56	244	
345	215	64	
330	230	63	
347	214	64	
336	223	63	
294	242	62	
250	292	60	
369	211	64	
289	57	234	
281	263	61	
261	291	60	
252	53	329	
266	285	60	
310	236	62	
286	260	61	
353	215	63	
255	52	324	
250	311	59	
296	255	61	
270	56	243	
269	284	60	
292	56	237	
258	53	288	
277	274	60	
328	235	62	
330	234	62	
304	254	61	
352	231	62	
309	252	61	
257	299	59	
310	250	61	
303	56	236	
359	229	62	
269	55	252	
324	249	61	
369	223	62	
326	244	61	
261	54	276	
282	268	60	
275	55	251	
262	54	272	
282	55	248	
336	235	61	
289	266	60	
262	293	59	
284	55	245	
272	53	267	
294	260	60	
293	54	242	
259	322	58	
269	291	59	
273	54	259	
274	285	59	
325	254	60	
292	280	59	
342	249	60	
263	316	58	
282	54	255	
263	53	283	
296	276	59	
283	53	252	
352	243	60	
275	305	58	
271	53	279	
300	274	59	
280	49	330	
323	335	55	
302	273	59	
304	272	59	
309	270	59	
310	268	59	
280	299	58	
316	265	59	
324	261	59	
286	298	58	
290	293	58	
269	51	299	
278	53	266	
397	256	59	
278	52	287	
308	274	58	
287	322	57	
279	52	281	
291	320	57	
280	52	276	
300	310	57	
332	273	58	
359	267	58	
288	52	260	
319	308	57	
321	302	57	
322	286	57	
282	50	296	
283	51	295	
290	51	273	
341	284	57	
348	282	57	
380	276	57	
310	330	56	
312	328	56	
316	318	56	
298	51	269	
325	315	56	
326	312	56	
298	48	296	
339	329	54	
333	300	56	
281	50	314	
342	298	56	
343	294	56	
373	292	56	
383	286	56	
291	50	275	
327	331	55	
332	330	55	
339	320	55	
286	49	310	
342	319	55	
344	314	55	
354	308	55	
359	302	55	
294	49	306	
304	49	295	
306	48	292	
351	318	54	
356	312	54	
319	47	328	
363	335	53	
366	306	54	
327	47	324	
