45	313	381	
45	340	367	
45	348	362	
46	315	358	
46	323	353	
46	341	347	
46	349	342	
47	316	341	
47	321	340	
47	323	338	
47	329	335	
47	373	332	
48	316	330	
48	329	329	
48	342	322	
49	301	304	
46	285	370	
49	362	303	
50	314	296	
50	320	293	
50	363	291	
51	294	288	
47	279	374	
51	315	284	
48	273	368	
51	327	278	
49	264	368	
52	317	277	
52	335	272	
52	345	263	
50	263	364	
50	261	379	
51	258	361	
53	320	262	
51	257	368	
53	357	260	
51	255	376	
53	368	254	
52	246	370	
53	395	252	
54	381	245	
53	245	347	
53	243	355	
53	242	362	
54	239	351	
55	372	241	
54	236	366	
55	377	239	
54	234	374	
56	368	235	
55	232	367	
55	230	370	
56	384	233	
56	224	345	
57	370	231	
57	380	227	
57	215	364	
59	343	226	
59	363	224	
59	376	223	
60	359	222	
60	364	220	
60	382	217	
58	214	383	
58	212	400	
60	388	215	
59	211	338	
61	379	213	
59	209	368	
62	367	211	
60	208	374	
61	207	333	
63	362	207	
61	205	337	
62	201	345	
63	395	204	
63	200	334	
64	383	202	
64	197	319	
65	378	201	
45	333	376	
65	381	200	
64	194	333	
65	386	198	
66	348	197	
65	192	357	
66	363	196	
66	385	194	
66	190	307	
67	363	193	
66	188	359	
67	370	191	
67	185	345	
68	369	187	
47	298	343	
67	184	379	
69	181	319	
69	375	182	
69	179	349	
46	309	369	
47	285	355	
70	373	181	
71	175	318	
71	361	178	
71	366	176	
71	174	352	
72	173	339	
48	308	335	
72	365	172	
73	170	315	
48	285	338	
73	169	349	
73	387	170	
74	168	336	
75	164	329	
74	388	169	
75	396	165	
48	278	364	
77	162	322	
49	277	355	
76	418	163	
77	159	326	
49	294	313	
50	265	345	
78	372	162	
49	282	352	
79	400	160	
79	157	319	
50	277	326	
49	281	354	
54	322	252	
79	405	158	
51	261	354	
80	154	329	
82	395	157	
83	393	155	
50	264	357	
81	152	363	
52	256	354	
50	290	314	
85	375	154	
50	310	302	
50	274	338	
54	376	251	
82	151	340	
55	324	248	
85	396	152	
50	288	320	
52	257	353	
83	150	344	
50	272	342	
50	297	308	
52	254	367	
51	277	309	
52	260	341	
55	364	246	
84	149	333	
53	308	268	
51	265	339	
51	264	351	
50	276	337	
86	387	151	
53	255	336	
52	258	351	
52	253	369	
51	275	336	
51	263	353	
52	267	323	
84	147	366	
52	263	328	
52	297	282	
52	262	331	
51	267	338	
86	396	150	
53	297	276	
52	307	280	
88	372	149	
86	146	329	
88	383	148	
53	258	329	
51	292	308	
55	370	244	
53	257	332	
86	144	395	
53	256	335	
52	284	294	
89	400	147	
56	333	243	
52	287	291	
56	357	240	
89	405	145	
52	274	321	
57	365	233	
87	143	358	
53	260	323	
53	275	297	
53	284	277	
53	267	306	
88	142	364	
91	416	143	
53	252	343	
52	280	300	
57	335	239	
89	141	339	
55	235	351	
53	266	309	
54	242	344	
57	340	238	
54	253	320	
53	264	313	
54	244	332	
53	262	319	
57	350	237	
58	367	230	
89	140	367	
93	389	142	
52	279	303	
57	360	236	
58	379	229	
59	338	227	
57	323	240	
54	243	339	
90	138	361	
94	405	140	
54	294	266	
56	230	336	
58	341	234	
58	346	232	
53	259	328	
54	259	310	
54	313	264	
53	305	275	
58	326	236	
90	137	376	
96	382	139	
55	241	329	
53	279	295	
54	317	262	
59	324	231	
55	298	259	
54	280	275	
54	264	302	
55	239	335	
53	282	294	
91	136	338	
54	251	331	
96	405	138	
55	293	263	
55	247	313	
56	236	329	
55	308	256	
60	355	223	
55	282	265	
55	242	323	
54	270	296	
92	135	390	
98	364	137	
61	371	216	
61	327	219	
55	292	264	
58	318	237	
54	277	291	
61	351	217	
57	301	247	
55	320	252	
98	380	136	
93	134	381	
54	275	294	
57	308	246	
54	263	307	
56	294	254	
54	266	301	
55	273	277	
99	381	135	
54	262	309	
94	132	347	
55	323	250	
54	269	299	
60	329	225	
55	262	294	
56	300	249	
55	261	299	
55	256	306	
54	291	273	
55	271	281	
100	357	134	
61	378	215	
58	223	326	
62	363	215	
58	216	341	
64	355	204	
55	254	310	
59	312	235	
101	377	133	
94	130	377	
55	259	303	
55	267	292	
55	245	322	
62	350	216	
56	243	303	
56	241	322	
102	367	132	
57	320	244	
56	260	288	
56	252	294	
57	225	322	
56	233	335	
58	311	240	
58	301	245	
102	383	131	
96	129	340	
56	242	320	
56	266	284	
63	331	213	
103	366	129	
57	240	311	
56	276	269	
96	128	371	
60	323	230	
56	283	263	
56	289	261	
63	339	212	
57	237	316	
57	268	267	
97	127	333	
56	271	280	
57	292	254	
63	352	211	
65	352	202	
57	265	272	
60	210	349	
56	275	272	
57	249	291	
57	261	279	
56	251	300	
57	290	258	
105	355	128	
57	298	249	
62	344	218	
59	301	237	
98	125	348	
59	293	244	
57	277	262	
58	231	313	
58	297	246	
56	280	265	
60	315	232	
58	275	260	
59	295	242	
58	282	253	
57	254	288	
57	295	252	
58	238	300	
63	305	216	
105	377	127	
59	220	319	
58	241	291	
57	248	297	
64	329	209	
60	327	228	
58	250	271	
57	247	299	
58	289	251	
57	272	264	
57	294	253	
61	302	228	
57	245	301	
107	377	126	
61	312	225	
100	123	342	
59	277	246	
59	219	328	
58	235	309	
58	229	316	
108	366	124	
57	252	290	
61	296	232	
64	319	211	
60	302	236	
60	310	235	
60	212	315	
59	225	307	
58	280	257	
59	232	290	
65	323	204	
58	259	262	
61	326	223	
59	270	252	
100	121	372	
62	314	223	
59	223	310	
58	279	258	
59	271	251	
61	210	326	
59	297	241	
58	249	288	
59	230	296	
62	325	222	
60	298	239	
108	380	123	
59	239	287	
62	326	221	
60	284	244	
63	299	221	
60	285	243	
60	300	237	
61	284	238	
59	247	279	
61	282	240	
110	366	122	
60	290	242	
102	120	335	
61	288	237	
59	262	260	
64	314	214	
112	350	120	
59	244	284	
62	301	227	
66	338	203	
103	119	352	
62	309	226	
66	340	202	
60	229	294	
59	268	255	
59	257	262	
67	362	196	
60	245	268	
60	227	304	
61	292	236	
68	341	194	
60	242	277	
68	352	191	
60	221	308	
62	295	230	
61	266	243	
104	118	314	
63	203	307	
60	248	259	
61	295	234	
60	275	246	
62	278	234	
60	264	256	
61	220	290	
60	237	285	
113	342	119	
67	333	197	
62	206	314	
60	216	314	
62	287	232	
68	350	193	
61	260	248	
104	116	343	
60	224	307	
69	340	189	
60	240	284	
60	269	251	
65	314	210	
59	261	261	
61	230	278	
61	218	297	
60	236	288	
60	268	252	
114	344	118	
63	294	227	
62	210	303	
62	272	239	
61	259	249	
69	374	185	
68	184	306	
63	284	231	
70	344	182	
69	354	187	
67	325	202	
62	214	298	
61	241	276	
114	375	117	
63	292	229	
65	310	213	
64	285	226	
61	244	274	
106	115	355	
65	296	215	
64	292	222	
62	236	263	
64	278	229	
61	240	277	
66	306	208	
61	256	254	
64	303	220	
63	275	232	
115	388	116	
64	202	308	
67	188	331	
65	289	218	
69	335	192	
107	114	337	
64	201	311	
61	228	284	
66	313	205	
61	246	259	
68	319	200	
62	275	238	
62	243	256	
116	367	115	
69	330	194	
62	271	240	
62	264	243	
61	227	287	
107	112	353	
63	258	239	
62	257	249	
65	272	224	
68	320	199	
63	273	235	
62	223	282	
62	254	254	
68	307	202	
62	235	273	
70	336	187	
118	336	114	
66	304	214	
68	327	198	
63	242	253	
62	234	276	
64	264	235	
67	286	213	
62	219	296	
63	246	251	
63	227	258	
63	216	285	
62	258	248	
67	290	212	
62	228	278	
119	333	113	
62	217	297	
64	269	233	
68	295	205	
65	286	223	
63	249	248	
69	327	197	
63	211	299	
67	298	209	
65	264	229	
76	369	167	
109	111	316	
75	372	170	
66	277	221	
69	308	198	
66	286	217	
70	310	196	
71	358	181	
63	215	287	
63	255	247	
63	208	303	
70	329	193	
119	376	112	
66	289	215	
62	239	261	
63	225	275	
70	323	195	
63	257	245	
68	318	201	
64	207	283	
72	349	180	
66	281	219	
70	334	190	
75	375	169	
69	300	199	
110	110	326	
64	245	242	
76	374	165	
68	291	208	
71	309	192	
70	326	194	
65	197	306	
63	222	283	
72	357	177	
64	218	279	
64	239	247	
120	339	111	
65	247	236	
71	319	191	
71	327	186	
64	204	302	
67	297	211	
73	348	176	
112	107	310	
71	338	183	
71	301	194	
64	223	275	
73	342	179	
68	280	209	
71	297	195	
67	278	215	
64	254	240	
63	241	256	
74	353	175	
122	341	107	
64	226	268	
65	257	235	
66	259	227	
65	203	298	
65	222	255	
73	337	181	
66	253	230	
75	337	173	
67	263	219	
64	256	239	
80	383	161	
65	218	271	
82	365	159	
70	179	303	
64	238	248	
66	268	226	
72	318	185	
73	335	182	
65	202	302	
81	398	160	
64	217	281	
72	308	188	
76	366	170	
64	231	256	
66	270	225	
73	316	183	
66	201	282	
75	356	172	
65	213	278	
69	299	203	
77	328	171	
69	293	205	
66	199	299	
70	281	203	
74	320	177	
68	266	218	
65	236	248	
71	291	198	
77	350	168	
70	269	206	
65	243	245	
68	272	217	
65	215	277	
70	294	202	
113	106	336	
66	198	305	
77	373	166	
66	207	274	
65	233	253	
68	276	215	
67	196	289	
70	297	201	
66	212	270	
66	240	242	
75	331	176	
65	210	282	
68	278	212	
83	356	158	
78	368	166	
78	364	167	
66	219	264	
76	351	172	
66	245	236	
71	274	200	
69	252	216	
66	252	234	
66	224	250	
67	260	224	
69	271	212	
67	258	227	
117	105	337	
79	358	165	
67	192	303	
83	365	157	
67	246	232	
79	338	166	
67	257	229	
67	230	240	
66	231	247	
126	310	106	
72	298	193	
69	274	210	
79	364	164	
68	242	227	
66	228	248	
66	215	269	
68	250	226	
73	301	187	
68	259	222	
67	238	238	
84	372	156	
67	206	267	
68	192	290	
119	104	320	
73	293	192	
68	253	225	
80	358	163	
67	216	257	
126	336	105	
84	382	155	
67	240	237	
81	342	162	
68	261	221	
72	284	197	
69	245	222	
68	190	292	
74	310	184	
77	349	169	
68	226	235	
72	296	194	
78	329	170	
70	261	215	
119	102	326	
80	348	164	
86	374	152	
77	311	174	
67	205	279	
72	295	195	
127	359	104	
70	266	211	
68	196	279	
73	287	196	
78	337	169	
70	280	205	
67	210	265	
75	314	182	
68	204	269	
69	189	291	
76	303	180	
74	311	183	
74	282	189	
74	309	186	
68	214	252	
67	222	254	
69	188	299	
70	264	214	
67	227	249	
75	290	184	
128	336	101	
73	292	193	
82	364	161	
69	233	229	
85	343	155	
71	248	211	
83	347	159	
70	184	291	
74	273	194	
87	388	150	
68	201	275	
71	263	207	
68	213	256	
76	312	178	
76	295	182	
68	221	246	
92	382	144	
73	265	199	
69	193	281	
122	101	301	
75	302	183	
68	212	262	
72	270	205	
74	294	188	
73	279	197	
69	203	255	
93	368	143	
91	376	146	
81	338	165	
72	272	204	
69	249	221	
72	178	314	
91	368	147	
78	313	172	
69	196	274	
79	329	169	
70	250	216	
69	216	250	
70	235	226	
68	223	245	
75	169	323	
91	385	145	
122	100	314	
80	323	167	
73	175	303	
86	355	154	
71	267	206	
69	192	286	
69	240	227	
70	241	225	
69	223	240	
72	255	210	
69	202	272	
70	190	283	
84	357	157	
70	247	221	
71	234	219	
70	210	249	
73	178	298	
77	303	179	
73	278	198	
72	261	207	
70	199	263	
79	321	171	
70	215	244	
71	183	301	
87	356	153	
79	323	170	
69	222	245	
80	332	166	
70	228	229	
122	99	327	
70	188	287	
70	192	275	
78	302	177	
72	259	209	
73	264	202	
82	334	164	
72	179	288	
70	221	238	
129	349	100	
87	361	152	
70	207	251	
73	262	206	
71	227	225	
84	350	158	
73	237	208	
87	145	310	
77	300	181	
82	337	163	
84	327	161	
72	247	214	
75	275	190	
76	283	185	
70	195	273	
73	263	205	
76	166	299	
73	256	207	
71	187	279	
74	251	206	
90	355	148	
72	246	217	
79	293	176	
75	267	195	
71	195	264	
74	171	302	
74	259	202	
71	189	276	
77	302	180	
80	308	171	
125	98	336	
84	332	160	
80	314	170	
71	214	242	
82	317	166	
88	371	151	
71	191	274	
83	316	165	
78	292	179	
78	287	181	
71	222	236	
71	186	290	
132	345	99	
95	375	141	
89	351	151	
79	302	172	
85	339	158	
80	321	169	
77	294	182	
83	325	163	
84	341	159	
71	205	248	
83	323	164	
71	220	240	
89	367	150	
78	283	182	
71	225	234	
96	348	140	
74	261	201	
73	182	276	
81	312	167	
71	193	272	
72	202	239	
74	258	205	
79	291	177	
72	221	232	
127	97	355	
72	217	235	
77	264	187	
77	164	314	
92	373	145	
75	255	200	
71	212	246	
77	276	184	
75	247	202	
133	327	98	
76	266	192	
72	195	258	
76	257	194	
74	177	298	
90	341	150	
88	354	152	
88	345	153	
72	192	265	
85	330	159	
72	226	230	
75	170	300	
72	232	219	
75	175	287	
74	178	292	
72	225	231	
97	363	138	
92	356	146	
128	96	303	
73	189	267	
71	198	263	
94	361	142	
93	366	144	
72	188	278	
86	328	156	
73	219	228	
79	299	175	
73	191	259	
72	231	224	
133	333	97	
82	297	168	
71	203	253	
79	286	179	
73	226	224	
74	226	217	
72	201	256	
73	209	233	
80	287	173	
73	235	218	
82	287	171	
85	148	334	
89	342	152	
85	305	162	
74	179	286	
73	188	274	
73	200	245	
74	235	208	
83	311	166	
76	174	283	
93	352	145	
73	198	247	
73	225	225	
130	95	335	
79	268	183	
88	339	155	
86	315	160	
74	187	270	
135	352	96	
80	276	178	
75	180	279	
89	325	154	
85	326	161	
77	241	199	
78	163	310	
74	221	226	
75	245	207	
76	171	287	
78	161	319	
76	255	197	
79	281	182	
83	297	167	
78	273	186	
74	183	275	
84	308	165	
86	324	159	
90	334	151	
77	232	206	
74	211	230	
89	332	153	
75	224	215	
75	186	262	
89	306	155	
78	259	190	
79	159	311	
73	197	257	
74	223	225	
91	338	149	
76	179	271	
84	306	166	
132	94	305	
74	194	248	
75	184	269	
74	189	265	
136	329	94	
77	246	197	
79	162	307	
75	229	213	
87	315	158	
92	345	148	
78	251	195	
75	217	224	
74	214	228	
81	273	176	
83	152	313	
94	344	144	
87	312	159	
79	165	289	
75	222	223	
93	324	147	
77	170	284	
87	323	157	
94	352	143	
75	183	271	
76	232	212	
76	178	282	
79	254	190	
74	192	256	
81	268	178	
75	182	274	
76	216	221	
85	297	166	
74	207	233	
81	156	323	
132	93	318	
79	164	300	
77	174	276	
78	262	187	
83	293	170	
78	166	284	
93	333	146	
82	283	175	
87	326	156	
84	150	307	
76	214	223	
76	189	251	
81	259	185	
87	296	160	
76	185	261	
83	151	334	
78	235	200	
79	163	304	
82	155	310	
76	223	218	
83	294	169	
88	324	156	
79	259	189	
86	299	165	
83	278	174	
75	193	251	
74	203	238	
77	213	212	
88	311	157	
77	182	265	
75	201	238	
93	135	338	
79	252	193	
79	243	195	
75	199	246	
88	144	327	
90	327	153	
75	203	229	
89	142	321	
84	279	170	
76	187	257	
80	257	188	
84	292	168	
82	154	314	
81	157	304	
77	228	210	
75	192	254	
81	262	184	
83	284	172	
91	316	151	
75	200	240	
86	304	163	
76	197	237	
134	92	293	
82	156	309	
80	161	296	
138	340	93	
75	212	228	
92	333	150	
80	236	194	
82	260	183	
86	286	167	
88	143	344	
77	181	270	
79	240	198	
78	174	268	
80	251	192	
84	151	306	
85	279	168	
81	160	286	
76	195	247	
78	230	206	
80	248	193	
79	169	273	
99	357	136	
91	298	154	
78	182	255	
82	261	182	
92	336	149	
77	203	227	
86	292	166	
81	246	189	
87	285	165	
88	302	159	
77	193	245	
77	186	254	
81	257	187	
80	224	202	
77	209	224	
100	355	135	
78	226	210	
93	316	149	
82	265	179	
78	180	263	
82	243	187	
79	227	207	
84	275	174	
138	91	339	
77	190	249	
141	335	92	
78	185	246	
77	194	244	
95	334	143	
82	254	184	
91	140	314	
76	201	235	
83	260	177	
78	191	243	
81	234	193	
86	148	300	
94	134	331	
79	214	211	
98	350	139	
95	320	144	
77	191	248	
84	278	173	
87	283	166	
85	258	175	
80	163	295	
87	294	163	
79	177	262	
84	264	176	
78	194	241	
77	211	222	
85	267	171	
79	224	210	
91	139	332	
78	201	226	
81	162	283	
78	197	233	
99	346	138	
83	259	182	
88	281	161	
140	89	326	
142	336	91	
80	229	201	
79	188	235	
83	157	280	
89	305	158	
84	250	179	
78	211	212	
79	181	260	
78	210	219	
80	219	210	
97	317	142	
78	204	225	
83	248	185	
99	348	137	
87	274	167	
90	291	156	
81	165	274	
83	156	304	
102	333	133	
91	315	153	
79	205	217	
81	217	203	
79	180	261	
86	272	170	
81	233	198	
84	153	303	
80	177	257	
80	176	262	
92	301	152	
84	155	297	
81	171	265	
103	359	131	
79	183	252	
97	326	141	
82	214	200	
79	198	227	
83	240	190	
87	269	169	
80	175	265	
144	315	90	
82	228	199	
90	284	160	
97	330	140	
80	180	256	
88	270	166	
94	309	148	
84	156	294	
94	302	151	
80	174	266	
80	184	249	
80	182	254	
99	335	139	
82	230	198	
83	225	196	
81	179	249	
95	131	332	
81	208	210	
79	194	232	
84	225	190	
86	265	171	
84	240	185	
81	174	258	
80	204	217	
80	201	222	
81	183	245	
79	186	244	
94	318	147	
82	168	263	
94	307	149	
84	235	188	
100	335	136	
85	235	182	
80	193	228	
96	326	143	
87	261	170	
86	264	174	
144	343	89	
83	160	271	
144	87	309	
88	279	164	
96	130	325	
86	256	175	
90	141	318	
80	186	241	
81	178	256	
88	259	168	
80	199	226	
85	154	291	
81	215	208	
83	212	199	
103	345	132	
89	267	164	
100	326	138	
90	290	159	
81	223	202	
86	253	178	
82	178	245	
81	196	217	
101	342	135	
81	185	243	
82	174	254	
85	152	300	
91	281	159	
88	268	167	
82	167	273	
82	173	262	
80	189	233	
96	305	145	
81	176	257	
85	248	179	
89	271	162	
92	283	155	
87	257	174	
87	246	176	
95	319	146	
92	279	158	
81	202	216	
82	186	236	
82	180	244	
83	169	255	
147	331	88	
86	151	291	
82	185	240	
94	293	153	
82	213	205	
81	207	215	
88	246	171	
83	183	233	
93	291	154	
82	190	232	
83	167	265	
82	177	253	
95	299	149	
91	277	160	
85	218	198	
82	211	207	
82	206	210	
82	192	231	
83	176	242	
95	285	152	
87	255	175	
82	194	223	
104	359	130	
89	143	320	
83	166	267	
107	356	127	
86	156	270	
86	226	189	
92	137	333	
85	224	197	
88	238	181	
82	205	211	
83	189	230	
90	144	308	
96	319	144	
95	295	151	
89	262	166	
83	208	209	
86	213	194	
84	192	220	
83	174	253	
99	319	140	
83	197	215	
86	232	184	
84	163	260	
88	244	177	
105	335	131	
86	155	281	
149	322	86	
88	147	304	
105	346	129	
83	193	227	
92	139	315	
147	86	321	
98	315	141	
84	174	248	
90	142	315	
108	322	126	
84	206	205	
88	254	170	
83	203	210	
98	302	143	
84	189	223	
83	182	239	
92	272	161	
84	170	254	
93	138	317	
84	188	226	
89	230	180	
94	289	154	
86	154	285	
83	211	205	
96	304	147	
95	282	153	
88	146	308	
88	150	291	
105	342	130	
84	177	240	
101	329	136	
85	169	253	
93	136	323	
97	293	147	
87	213	188	
96	287	149	
93	261	159	
93	272	155	
91	269	163	
84	187	232	
83	195	221	
89	239	176	
90	253	165	
84	200	212	
95	277	154	
85	171	252	
89	146	293	
86	218	191	
87	153	288	
88	149	294	
84	181	237	
89	145	301	
87	230	184	
85	184	224	
91	142	287	
85	204	204	
86	173	243	
101	313	139	
89	147	290	
85	160	270	
85	168	254	
98	311	142	
92	267	163	
92	258	164	
149	85	329	
85	174	247	
88	151	267	
85	205	203	
86	162	261	
98	297	146	
85	179	235	
86	171	246	
109	350	123	
86	174	236	
88	220	187	
86	165	252	
89	228	181	
85	191	215	
101	315	138	
102	315	136	
88	230	182	
87	154	280	
104	335	132	
86	206	199	
85	200	211	
84	198	214	
89	244	175	
86	160	264	
100	317	140	
89	224	182	
86	200	205	
85	202	210	
86	180	230	
91	246	170	
102	332	135	
86	196	210	
90	224	177	
99	314	141	
85	183	232	
90	242	174	
103	321	135	
101	310	140	
92	141	303	
100	304	141	
87	168	241	
90	236	175	
99	300	142	
106	352	128	
153	329	85	
95	135	313	
85	197	214	
109	336	125	
92	241	169	
85	187	222	
89	150	289	
152	84	323	
99	289	145	
91	245	172	
96	281	152	
103	325	134	
97	265	150	
94	257	156	
86	209	198	
90	148	278	
94	136	305	
85	190	221	
96	270	153	
92	140	312	
86	163	259	
92	231	171	
98	278	148	
93	239	168	
107	327	128	
95	134	323	
87	182	227	
87	207	197	
94	248	163	
86	188	220	
87	163	253	
87	192	213	
87	179	233	
94	139	296	
93	140	310	
104	321	133	
88	161	252	
91	241	174	
87	174	235	
106	331	129	
93	248	166	
87	198	208	
93	253	164	
87	187	219	
98	291	147	
96	133	317	
106	327	130	
88	210	194	
88	158	261	
96	267	154	
105	326	132	
101	122	327	
100	285	143	
87	162	260	
97	262	152	
88	167	245	
102	294	139	
88	177	230	
94	140	287	
88	198	203	
88	204	202	
90	218	185	
87	186	221	
87	189	218	
155	351	84	
88	179	226	
102	314	137	
88	190	208	
99	275	147	
155	83	343	
103	290	138	
87	171	240	
89	198	199	
96	132	320	
89	164	241	
87	185	222	
106	315	131	
104	319	134	
96	262	155	
101	121	358	
93	252	165	
88	181	225	
89	171	235	
101	299	141	
104	318	135	
89	156	263	
88	189	215	
89	207	196	
89	175	229	
88	184	221	
91	219	184	
88	187	218	
89	159	258	
111	350	122	
88	212	192	
93	141	302	
96	134	301	
88	183	223	
103	293	137	
95	246	162	
89	182	220	
100	299	142	
95	240	164	
90	198	193	
89	196	202	
94	141	286	
91	145	286	
89	188	213	
101	286	142	
92	216	183	
90	182	218	
99	125	334	
105	287	135	
103	312	136	
89	179	222	
92	147	277	
95	250	161	
157	340	83	
91	208	186	
90	184	217	
90	208	192	
90	160	250	
92	223	181	
89	174	233	
91	148	272	
89	170	238	
93	229	170	
116	331	116	
157	82	351	
105	303	134	
89	178	228	
90	154	257	
89	162	250	
89	194	205	
90	187	215	
95	255	158	
93	146	275	
105	318	133	
92	222	182	
92	229	176	
90	176	224	
90	169	234	
98	127	319	
101	266	143	
99	267	149	
95	138	299	
90	174	229	
93	215	182	
90	186	216	
110	332	124	
90	163	241	
91	214	185	
93	219	180	
91	172	223	
91	157	246	
93	223	175	
96	240	159	
90	189	210	
97	131	320	
93	143	281	
91	187	213	
90	165	239	
106	311	133	
91	192	207	
91	184	215	
107	294	130	
95	234	169	
91	181	218	
97	132	299	
90	151	266	
90	188	212	
90	162	247	
95	137	302	
89	195	204	
103	276	141	
92	181	214	
92	188	205	
161	347	82	
92	206	191	
90	175	228	
102	121	320	
111	341	123	
115	345	117	
91	151	260	
97	259	155	
98	130	310	
91	180	220	
93	149	266	
91	167	233	
95	238	168	
91	183	217	
94	219	175	
92	186	210	
92	193	201	
160	81	331	
90	195	203	
91	194	203	
96	235	162	
97	256	157	
98	247	153	
100	270	147	
96	136	282	
94	228	174	
92	178	215	
103	284	140	
91	170	230	
92	197	200	
91	178	222	
95	139	293	
94	217	180	
94	144	276	
92	184	213	
92	212	185	
92	205	192	
95	209	181	
93	202	188	
112	344	122	
95	217	174	
91	156	248	
96	226	169	
91	162	242	
94	142	285	
93	193	197	
99	126	333	
94	147	270	
93	183	207	
93	191	200	
92	177	222	
92	164	235	
100	125	326	
110	330	125	
96	234	168	
94	211	185	
108	320	129	
93	173	221	
100	261	151	
92	155	252	
91	163	239	
95	142	284	
93	159	239	
91	169	232	
162	300	81	
93	171	224	
93	181	209	
113	316	121	
94	146	273	
100	250	152	
97	224	168	
92	153	259	
93	150	265	
96	142	269	
94	177	216	
101	260	148	
94	148	269	
96	214	175	
112	314	123	
92	168	231	
109	304	127	
97	232	166	
161	80	326	
94	143	277	
93	190	202	
97	221	170	
94	145	275	
93	152	248	
101	251	150	
94	150	254	
93	170	227	
93	207	187	
95	145	253	
99	128	314	
104	275	139	
94	193	191	
93	169	229	
94	176	219	
106	298	134	
94	186	200	
94	165	229	
95	206	185	
93	186	206	
95	176	213	
97	135	296	
94	163	234	
111	317	124	
95	172	218	
99	130	300	
101	125	312	
98	243	158	
96	202	183	
98	221	164	
94	169	227	
97	141	274	
96	213	179	
104	271	140	
96	191	197	
95	167	221	
95	197	190	
93	158	245	
94	162	236	
100	128	307	
117	329	115	
166	307	80	
98	134	293	
97	209	180	
95	178	212	
95	182	205	
101	233	156	
99	239	158	
94	164	232	
94	158	241	
94	171	221	
107	288	134	
96	197	189	
102	251	144	
97	139	279	
106	272	136	
99	127	318	
94	153	246	
162	79	339	
110	315	126	
94	156	245	
95	180	210	
97	218	173	
99	237	161	
95	160	230	
98	208	177	
96	171	216	
101	127	306	
104	261	142	
96	207	181	
96	190	199	
99	234	163	
96	200	188	
99	133	294	
95	155	240	
114	316	119	
99	135	281	
96	182	204	
96	179	211	
99	211	171	
120	334	112	
100	230	160	
97	191	191	
100	228	161	
97	186	197	
96	180	206	
98	140	262	
97	197	186	
95	163	228	
101	245	155	
96	183	203	
97	176	207	
96	174	215	
97	144	266	
95	151	246	
98	214	174	
98	203	182	
99	132	297	
96	176	212	
95	166	227	
99	134	288	
95	158	237	
100	232	158	
99	206	174	
97	185	199	
98	138	278	
101	128	291	
97	171	214	
168	332	79	
103	240	150	
96	164	226	
98	206	180	
97	189	194	
98	190	189	
100	130	299	
97	164	220	
100	132	292	
99	214	169	
108	279	131	
100	133	280	
101	248	152	
111	301	126	
97	174	213	
98	198	184	
98	139	277	
115	319	118	
98	181	198	
96	152	242	
98	144	252	
96	158	234	
165	78	351	
99	203	180	
96	181	205	
97	169	216	
96	150	250	
103	120	321	
99	138	270	
95	157	239	
112	309	124	
109	303	129	
107	115	327	
98	174	209	
103	124	300	
100	137	268	
110	289	128	
96	156	238	
105	256	141	
97	181	204	
99	174	205	
102	126	294	
98	188	196	
99	194	187	
104	254	143	
100	134	277	
98	179	206	
97	147	246	
96	162	228	
100	218	168	
98	201	183	
97	156	233	
100	199	182	
98	173	211	
101	217	163	
96	163	227	
99	177	204	
105	116	329	
99	188	192	
99	182	196	
100	204	176	
103	121	306	
97	168	219	
106	269	140	
98	153	236	
97	163	225	
102	130	285	
100	202	180	
103	238	154	
97	161	228	
98	155	232	
99	172	208	
104	237	147	
102	125	304	
99	179	203	
98	160	227	
102	226	160	
99	187	195	
169	351	78	
99	196	186	
98	166	214	
101	190	181	
107	261	137	
98	151	241	
99	155	228	
101	228	159	
110	299	127	
100	174	199	
98	143	259	
98	162	226	
101	199	176	
99	170	211	
100	190	187	
100	186	191	
100	160	219	
167	77	359	
100	209	172	
110	282	130	
113	289	124	
100	138	266	
103	221	162	
101	136	256	
102	210	168	
103	228	157	
104	232	154	
99	150	238	
108	275	135	
101	210	170	
99	158	226	
101	183	191	
98	152	237	
99	141	259	
108	112	351	
113	312	123	
99	143	256	
103	224	160	
100	165	212	
101	186	189	
103	214	167	
102	201	170	
114	315	121	
103	130	273	
99	146	244	
109	112	301	
101	134	275	
115	282	123	
101	202	175	
112	286	127	
99	171	210	
109	273	133	
115	295	122	
104	224	159	
100	171	206	
105	250	145	
99	151	235	
104	207	166	
103	125	297	
100	140	256	
101	181	195	
171	326	77	
102	198	180	
104	231	156	
101	180	196	
104	220	161	
102	135	269	
105	230	153	
100	170	208	
101	133	279	
103	128	288	
106	247	143	
100	145	246	
99	154	234	
100	146	241	
101	140	255	
109	254	136	
100	164	216	
102	183	185	
117	321	117	
101	169	211	
105	222	156	
103	133	264	
100	159	223	
104	210	165	
103	189	180	
101	179	198	
100	154	231	
102	140	244	
103	196	178	
115	299	121	
101	173	203	
171	76	351	
105	227	154	
102	167	209	
109	271	135	
111	282	129	
106	230	151	
108	260	137	
106	116	315	
100	151	234	
102	159	214	
100	144	251	
102	180	194	
101	152	227	
107	244	141	
103	127	292	
102	176	196	
104	128	282	
105	216	161	
108	257	140	
104	215	164	
101	156	225	
103	209	169	
104	123	300	
102	170	202	
106	245	146	
100	152	233	
101	144	240	
115	301	120	
110	267	132	
101	157	224	
110	260	134	
103	182	190	
105	221	158	
101	164	214	
104	127	289	
104	203	169	
102	169	207	
111	284	128	
104	193	177	
101	148	238	
105	203	163	
102	150	230	
118	305	116	
106	120	305	
108	114	322	
102	200	174	
108	258	139	
105	126	279	
106	217	159	
103	181	192	
104	125	295	
102	154	221	
107	233	146	
105	123	288	
103	179	194	
112	275	130	
103	164	207	
119	326	114	
111	278	131	
104	122	301	
109	247	140	
105	197	173	
116	295	119	
176	320	76	
103	199	175	
102	162	213	
102	148	234	
103	180	193	
102	173	200	
103	167	205	
104	178	194	
106	225	154	
107	210	160	
107	119	291	
103	173	197	
107	226	153	
118	324	115	
103	188	184	
105	128	266	
113	272	128	
104	181	188	
104	180	191	
174	75	402	
105	177	188	
108	237	145	
104	121	305	
104	169	197	
102	147	239	
105	173	192	
107	214	157	
105	196	176	
102	157	220	
102	139	250	
106	121	295	
104	184	181	
113	264	131	
114	281	126	
103	169	203	
103	162	212	
103	146	233	
108	217	152	
105	185	179	
106	199	169	
103	153	219	
106	194	173	
104	135	257	
109	230	144	
107	116	307	
108	243	144	
104	162	206	
120	311	113	
110	249	137	
105	166	202	
104	158	211	
103	138	254	
106	189	178	
119	311	115	
103	150	228	
109	225	151	
114	288	124	
111	265	133	
104	148	226	
106	178	183	
107	194	167	
105	134	259	
104	142	241	
109	242	142	
121	325	111	
104	145	238	
177	369	75	
106	192	176	
106	124	283	
104	154	217	
121	314	112	
104	138	250	
104	136	253	
110	221	150	
115	275	127	
112	259	133	
112	253	135	
116	288	121	
107	188	177	
104	151	224	
122	340	109	
113	270	130	
107	193	175	
110	238	143	
105	144	233	
107	121	281	
105	145	231	
105	133	260	
105	165	205	
104	139	249	
108	209	162	
178	74	331	
123	317	108	
106	166	196	
105	172	194	
105	132	264	
104	157	216	
109	207	158	
110	228	149	
106	127	274	
105	161	206	
105	143	236	
107	191	176	
106	176	189	
110	242	140	
108	118	289	
108	190	173	
111	240	139	
105	139	244	
104	147	229	
106	161	202	
116	262	126	
114	266	130	
105	135	248	
105	152	223	
106	154	215	
105	141	239	
114	270	129	
107	124	276	
108	201	164	
108	188	175	
106	128	262	
114	260	132	
110	215	156	
110	220	151	
113	253	134	
106	134	252	
107	173	190	
106	159	207	
111	219	146	
118	304	118	
106	152	218	
106	157	213	
106	123	287	
116	276	125	
106	149	222	
107	182	182	
106	171	192	
113	241	138	
119	294	118	
109	185	175	
113	245	136	
106	133	256	
109	117	289	
115	263	129	
109	203	162	
112	238	140	
112	226	143	
106	139	243	
109	213	157	
107	131	253	
111	214	153	
107	138	235	
108	192	172	
106	170	193	
115	271	128	
114	263	131	
179	305	74	
114	250	133	
108	179	180	
111	210	156	
107	152	211	
109	198	165	
108	175	186	
106	141	236	
108	172	188	
108	124	260	
115	249	130	
117	292	120	
107	164	199	
111	208	157	
119	300	116	
106	146	230	
116	277	124	
118	276	122	
109	206	160	
106	147	227	
107	126	275	
107	148	217	
113	250	135	
107	158	208	
109	192	171	
113	230	142	
106	143	232	
109	183	177	
120	302	115	
107	134	244	
107	169	193	
107	141	226	
110	185	169	
128	332	104	
110	203	161	
180	73	402	
110	200	162	
107	160	205	
118	287	120	
123	312	111	
111	213	155	
107	157	210	
109	172	184	
119	289	119	
107	168	195	
116	280	123	
113	235	140	
117	272	125	
107	163	201	
112	203	157	
109	171	186	
110	197	165	
108	129	254	
115	243	135	
112	210	153	
109	168	191	
125	328	107	
108	157	204	
108	122	276	
108	146	218	
109	162	195	
118	286	121	
109	181	179	
121	298	114	
113	210	149	
120	294	117	
109	164	194	
114	244	136	
111	191	163	
108	155	210	
112	216	152	
117	279	123	
109	156	199	
118	272	124	
119	283	121	
109	118	287	
116	256	129	
108	162	201	
113	238	139	
108	132	247	
108	137	233	
115	235	137	
109	178	180	
110	182	177	
110	174	182	
112	202	159	
110	183	175	
113	209	154	
110	191	168	
110	115	296	
114	231	140	
120	283	118	
114	236	138	
182	341	73	
109	150	214	
110	164	190	
120	279	119	
109	119	286	
118	271	125	
113	196	161	
114	203	153	
115	246	133	
121	290	116	
111	176	176	
121	310	113	
114	235	139	
109	167	193	
120	278	120	
110	117	275	
109	155	205	
108	134	241	
115	242	136	
119	259	125	
122	304	112	
113	192	162	
122	290	113	
114	225	142	
109	142	225	
110	168	187	
109	154	209	
110	122	269	
119	267	123	
108	139	231	
117	259	128	
110	176	181	
113	200	159	
111	184	171	
115	220	144	
109	145	224	
121	277	117	
108	121	280	
183	72	351	
119	264	124	
112	111	300	
116	241	135	
111	189	166	
115	214	147	
109	129	246	
109	121	278	
110	153	204	
116	245	134	
111	151	207	
110	141	223	
112	181	170	
111	114	283	
110	147	214	
110	127	258	
116	229	139	
114	106	334	
115	229	141	
110	154	203	
109	136	239	
117	235	133	
119	270	122	
110	158	198	
113	202	157	
118	254	127	
114	195	160	
110	145	221	
117	245	132	
123	316	110	
111	172	181	
121	268	121	
118	248	129	
111	152	206	
118	105	322	
111	150	210	
112	166	183	
111	161	191	
114	200	157	
111	128	250	
124	296	111	
109	133	244	
124	300	110	
117	229	138	
109	140	230	
112	184	167	
110	136	234	
116	226	141	
110	134	238	
111	164	189	
115	199	156	
114	209	152	
115	222	143	
112	174	178	
113	174	174	
111	140	218	
184	311	72	
110	139	227	
128	319	105	
116	212	143	
111	157	197	
112	149	205	
115	206	152	
111	133	236	
111	118	270	
115	198	159	
121	273	120	
111	123	263	
114	201	156	
111	130	245	
124	304	109	
111	126	254	
110	138	232	
117	231	137	
114	187	162	
117	224	139	
119	245	129	
116	207	150	
110	146	217	
117	220	142	
123	283	115	
112	160	195	
111	124	256	
111	132	244	
119	236	132	
113	112	276	
116	187	158	
111	136	230	
112	146	208	
113	186	166	
117	221	141	
119	252	128	
121	266	122	
115	191	161	
120	249	126	
111	146	215	
112	172	180	
113	178	171	
120	265	123	
117	202	153	
112	155	202	
114	165	182	
187	71	377	
121	251	123	
112	125	240	
115	110	291	
113	159	192	
118	231	136	
113	145	214	
111	122	268	
118	192	155	
113	154	200	
113	163	188	
114	172	175	
116	189	157	
119	243	131	
122	270	118	
115	170	179	
112	120	263	
112	136	225	
117	203	150	
120	246	128	
112	135	232	
113	150	202	
114	180	169	
118	207	148	
111	127	253	
116	206	151	
120	255	125	
114	155	194	
117	209	149	
113	165	187	
113	144	216	
118	229	137	
118	222	138	
120	227	135	
113	147	204	
118	195	154	
116	195	156	
122	265	122	
115	180	166	
113	162	190	
120	238	131	
115	108	299	
112	123	261	
129	312	102	
113	155	199	
118	210	146	
120	244	130	
112	134	235	
115	185	164	
119	106	292	
123	258	121	
128	335	103	
115	162	187	
112	130	238	
123	255	122	
115	175	171	
118	218	142	
123	287	114	
185	312	71	
124	269	116	
114	141	215	
116	166	180	
122	235	129	
118	200	151	
113	153	201	
119	228	137	
114	162	188	
113	130	232	
120	231	132	
123	263	120	
114	137	219	
113	111	294	
116	158	185	
120	215	140	
114	145	212	
125	288	111	
113	123	253	
113	160	191	
115	149	198	
115	164	186	
130	334	100	
120	225	137	
116	170	177	
114	134	224	
115	179	169	
119	202	148	
113	122	261	
121	244	128	
114	144	214	
120	207	145	
115	158	192	
127	305	107	
119	215	142	
115	184	165	
124	282	114	
122	238	127	
125	284	113	
115	144	208	
117	182	161	
119	105	307	
118	199	153	
116	174	170	
113	119	266	
123	267	119	
117	166	176	
193	70	341	
119	211	144	
114	122	248	
116	156	190	
126	297	109	
116	149	197	
115	140	213	
125	295	110	
126	269	114	
116	180	164	
120	217	139	
116	162	182	
111	117	274	
114	119	257	
119	192	152	
115	173	173	
116	177	169	
119	196	150	
121	226	134	
122	217	136	
117	173	168	
122	248	126	
116	151	196	
113	117	270	
129	307	105	
118	107	305	
121	204	146	
123	246	124	
121	207	141	
114	115	265	
124	262	119	
123	237	126	
114	129	230	
116	172	174	
114	124	244	
128	295	107	
121	215	138	
117	170	174	
115	142	211	
113	116	274	
116	144	203	
117	154	195	
118	173	162	
120	103	319	
117	158	181	
124	268	118	
113	128	238	
124	256	120	
121	229	132	
116	155	193	
123	232	131	
116	139	214	
126	286	112	
118	166	170	
189	339	70	
116	108	270	
125	265	118	
118	152	193	
133	317	99	
127	292	110	
126	283	113	
120	199	148	
131	321	101	
119	186	158	
122	222	135	
116	136	220	
115	131	228	
120	184	156	
117	164	179	
121	103	299	
117	143	205	
116	147	202	
128	299	106	
118	155	187	
127	274	113	
127	280	112	
117	156	184	
124	253	122	
122	196	147	
122	228	133	
118	158	175	
121	206	145	
119	185	159	
116	138	218	
125	267	117	
123	234	130	
117	145	201	
115	120	251	
122	213	139	
120	191	153	
128	285	110	
117	141	208	
122	224	134	
117	133	213	
124	217	132	
127	282	111	
124	245	125	
116	117	250	
126	260	117	
118	154	192	
126	255	119	
125	244	123	
124	227	131	
122	204	142	
125	230	128	
129	278	109	
126	246	120	
196	69	350	
125	247	122	
117	148	199	
123	198	146	
115	125	237	
121	180	155	
125	241	125	
114	126	239	
133	314	100	
119	154	186	
116	113	264	
118	150	195	
122	193	151	
119	153	189	
123	208	140	
116	124	232	
117	139	212	
127	260	116	
120	183	158	
117	132	225	
118	147	199	
122	186	153	
123	200	145	
119	149	193	
116	122	244	
118	138	205	
120	180	161	
129	311	104	
120	146	195	
123	191	150	
118	171	168	
129	287	107	
124	211	137	
120	151	189	
130	291	105	
128	273	112	
123	211	139	
130	308	103	
125	236	126	
118	129	225	
126	242	123	
118	146	200	
116	130	229	
127	255	118	
126	228	130	
127	265	115	
123	203	144	
129	275	111	
123	186	152	
126	233	125	
190	322	68	
123	195	148	
120	139	201	
119	132	224	
127	217	131	
125	211	136	
119	146	199	
128	271	113	
117	144	202	
124	199	144	
121	177	160	
116	121	248	
132	295	104	
124	207	139	
119	113	244	
126	241	124	
120	142	199	
120	128	222	
119	166	166	
124	185	149	
128	249	119	
124	203	142	
127	224	126	
121	163	172	
118	123	240	
125	206	141	
117	127	231	
119	157	182	
120	153	183	
127	258	117	
121	148	190	
127	237	124	
128	266	114	
128	234	122	
124	195	145	
126	215	134	
125	198	143	
118	121	246	
118	127	230	
118	136	211	
129	254	115	
126	202	140	
125	210	138	
125	189	148	
120	148	194	
130	259	113	
118	118	248	
120	132	221	
200	68	381	
120	107	286	
120	145	198	
121	152	187	
128	253	117	
119	128	226	
124	178	157	
119	118	238	
132	305	103	
127	209	138	
126	99	315	
130	267	111	
121	144	193	
122	105	291	
121	132	205	
122	167	163	
131	286	106	
132	311	102	
122	154	179	
128	258	116	
128	243	120	
127	210	135	
121	156	182	
125	192	145	
123	173	160	
120	137	205	
134	290	101	
132	273	108	
128	204	137	
122	148	186	
125	184	150	
121	130	217	
128	221	130	
128	252	118	
126	204	139	
127	197	139	
130	273	110	
122	165	169	
120	127	229	
122	162	174	
133	292	103	
121	125	223	
129	251	118	
121	106	285	
127	216	133	
127	214	134	
130	242	119	
120	110	266	
126	193	143	
125	175	159	
125	182	152	
119	134	212	
119	123	237	
122	143	198	
128	242	121	
130	245	118	
122	146	189	
123	164	168	
123	104	275	
123	149	184	
136	310	98	
128	231	125	
123	158	173	
128	211	133	
129	214	128	
130	249	116	
121	107	283	
132	279	107	
128	207	135	
130	237	121	
121	123	236	
126	175	154	
123	140	195	
131	276	109	
123	156	177	
126	189	147	
121	140	200	
130	228	123	
124	179	156	
124	157	171	
125	168	162	
131	262	112	
122	119	231	
130	219	125	
125	100	293	
135	312	99	
136	328	96	
130	240	120	
131	270	110	
121	129	218	
124	148	181	
121	138	202	
121	112	261	
123	152	183	
125	178	156	
133	277	105	
137	308	97	
123	106	267	
127	189	144	
125	160	167	
124	102	288	
131	255	114	
127	182	148	
125	170	161	
123	131	211	
121	124	231	
136	294	100	
120	133	212	
126	174	159	
122	145	191	
129	200	136	
132	283	106	
129	204	134	
126	180	153	
203	67	393	
127	195	141	
131	246	116	
124	165	166	
123	137	202	
122	124	229	
131	264	111	
125	151	173	
126	183	149	
129	212	132	
123	128	219	
124	143	194	
133	263	110	
126	171	160	
131	252	115	
127	168	158	
127	184	147	
125	146	179	
124	153	179	
131	238	119	
124	137	200	
134	266	107	
123	111	256	
132	241	118	
125	141	185	
128	180	151	
124	126	211	
124	156	176	
131	235	121	
123	126	221	
129	206	133	
132	252	113	
124	166	164	
132	259	112	
132	230	121	
124	139	198	
125	136	195	
123	124	223	
137	325	95	
127	174	153	
131	210	131	
128	193	142	
132	250	114	
134	289	104	
123	122	229	
128	188	146	
136	304	99	
133	244	115	
133	253	111	
133	229	119	
129	190	142	
126	163	165	
132	224	124	
135	285	104	
123	109	259	
133	276	107	
123	127	220	
197	357	67	
129	196	139	
129	187	145	
129	168	152	
127	173	156	
131	197	137	
126	132	204	
138	314	96	
129	192	141	
129	188	144	
124	121	217	
131	213	129	
134	240	116	
125	114	242	
128	181	150	
132	208	131	
127	163	164	
127	166	163	
127	167	162	
133	237	118	
130	191	140	
125	159	168	
130	183	145	
127	135	196	
131	203	134	
133	223	123	
139	336	93	
137	284	103	
132	210	129	
130	177	147	
132	217	127	
126	131	208	
133	225	122	
129	180	150	
127	140	191	
136	281	104	
128	165	160	
128	160	166	
135	254	110	
134	276	106	
126	116	234	
131	202	135	
135	265	109	
126	158	170	
130	189	143	
133	248	114	
124	111	252	
131	195	139	
133	203	132	
126	102	261	
126	155	172	
132	203	133	
135	270	106	
133	218	124	
129	182	147	
128	131	202	
131	187	144	
136	263	109	
132	193	135	
134	248	111	
123	118	236	
129	161	161	
139	320	95	
209	66	360	
133	216	127	
129	128	205	
140	331	93	
132	184	142	
129	138	186	
127	155	169	
137	292	99	
135	232	117	
132	199	134	
135	243	112	
131	189	142	
137	285	102	
135	230	118	
124	108	258	
127	149	175	
138	298	98	
140	315	94	
132	212	128	
134	212	126	
128	99	300	
134	207	130	
133	206	131	
137	258	109	
135	225	121	
132	190	138	
137	266	104	
127	159	167	
131	164	155	
136	264	108	
129	145	183	
124	120	230	
129	101	283	
130	154	165	
124	118	235	
129	132	199	
134	242	115	
124	109	256	
131	176	148	
138	281	103	
128	151	172	
125	111	248	
131	179	146	
133	186	140	
134	196	133	
134	221	123	
126	118	223	
125	118	234	
135	217	122	
135	238	116	
134	209	128	
130	97	289	
140	309	95	
131	175	151	
137	262	106	
141	307	93	
134	217	125	
134	201	131	
130	142	182	
140	299	96	
126	111	240	
135	240	115	
124	106	264	
136	225	120	
198	340	65	
128	152	171	
138	288	99	
129	137	190	
135	200	129	
130	143	181	
132	175	145	
127	148	176	
129	123	216	
129	96	301	
136	213	124	
126	107	250	
139	270	103	
131	156	160	
142	314	92	
139	280	101	
132	167	150	
134	198	132	
133	183	143	
136	236	114	
129	100	287	
137	260	108	
135	205	127	
129	154	169	
130	131	190	
133	197	134	
136	220	121	
130	122	213	
127	115	236	
138	247	107	
139	91	304	
129	146	174	
129	136	194	
136	228	119	
133	182	144	
125	106	262	
127	116	226	
136	249	110	
130	127	203	
135	187	139	
132	192	137	
137	231	115	
132	139	180	
132	152	170	
137	225	117	
134	177	140	
135	211	126	
133	160	159	
138	218	120	
144	309	91	
132	146	171	
135	190	136	
136	240	112	
140	294	98	
134	170	148	
128	113	237	
132	144	176	
136	187	136	
141	265	100	
213	65	386	
133	153	164	
136	209	126	
131	124	207	
139	284	100	
137	204	124	
137	247	110	
136	193	133	
130	130	202	
137	211	122	
131	141	182	
130	100	275	
134	162	153	
129	112	229	
130	139	185	
138	244	111	
128	109	249	
129	118	222	
132	129	193	
133	149	169	
139	224	118	
136	182	139	
130	137	188	
137	197	130	
133	147	170	
138	261	105	
137	218	121	
137	184	134	
135	196	132	
129	107	235	
142	292	97	
138	238	112	
131	119	213	
141	292	98	
131	142	181	
140	212	119	
132	99	288	
138	228	115	
134	147	166	
127	106	260	
139	258	105	
134	174	145	
139	235	113	
133	139	175	
133	98	266	
141	283	99	
142	298	94	
137	203	127	
132	135	185	
142	288	98	
134	161	155	
139	243	108	
128	105	259	
139	215	120	
131	96	299	
140	231	114	
138	195	128	
135	170	145	
132	124	199	
140	267	103	
133	120	211	
130	102	254	
139	241	111	
128	112	239	
140	264	104	
140	218	116	
135	159	154	
138	192	131	
134	160	157	
132	117	223	
133	155	162	
134	96	279	
140	257	106	
136	174	144	
139	226	116	
134	166	150	
134	137	183	
144	292	96	
141	248	106	
141	262	104	
140	235	110	
134	142	173	
135	167	149	
143	285	98	
138	210	123	
134	122	203	
138	201	127	
140	233	113	
131	101	273	
136	151	159	
133	118	221	
143	286	97	
135	152	161	
143	272	99	
138	190	133	
135	162	150	
138	171	141	
138	183	138	
130	114	228	
134	133	189	
140	199	124	
139	209	123	
134	113	220	
141	227	114	
142	253	104	
137	179	139	
136	168	146	
132	100	260	
136	158	158	
131	115	227	
140	225	115	
134	155	161	
219	64	347	
143	262	103	
135	138	179	
142	219	113	
139	177	138	
135	133	188	
144	276	98	
132	106	252	
140	208	122	
134	118	217	
135	148	165	
132	127	198	
139	190	130	
135	140	170	
139	183	137	
142	89	315	
141	233	111	
144	299	92	
139	188	133	
144	295	95	
137	173	144	
137	154	157	
136	134	178	
141	205	122	
135	134	187	
148	322	89	
140	238	109	
142	206	119	
134	126	197	
145	290	95	
133	103	250	
140	179	133	
136	166	149	
144	259	103	
142	208	118	
138	167	146	
143	228	112	
135	117	208	
140	198	126	
146	277	96	
136	125	194	
138	154	154	
136	130	188	
140	187	132	
145	254	102	
137	161	150	
136	145	166	
140	191	129	
131	110	233	
135	129	190	
137	129	186	
143	242	104	
138	150	159	
133	105	249	
138	162	149	
203	339	64	
141	196	127	
139	166	148	
139	176	140	
146	293	94	
134	105	243	
136	94	287	
139	154	153	
143	195	123	
142	214	117	
137	169	145	
140	189	131	
144	241	106	
141	191	128	
136	114	215	
139	143	163	
139	170	144	
134	109	228	
143	231	111	
140	165	148	
148	324	88	
140	168	139	
140	166	146	
136	120	207	
139	128	182	
142	197	124	
141	235	109	
144	239	108	
145	263	101	
145	232	110	
142	187	127	
141	187	131	
140	156	151	
139	168	145	
136	127	193	
134	112	224	
138	136	175	
138	143	168	
142	179	132	
146	287	95	
146	266	98	
135	122	201	
141	163	145	
143	203	122	
137	121	203	
149	318	89	
146	227	111	
142	178	135	
143	216	116	
146	296	93	
144	225	112	
138	128	189	
146	252	100	
139	151	158	
143	90	292	
147	314	90	
145	237	106	
148	306	91	
143	175	133	
135	96	277	
147	285	94	
144	202	120	
140	145	158	
149	312	90	
144	218	115	
143	185	130	
136	139	172	
146	232	107	
137	95	282	
147	214	110	
144	207	116	
222	63	359	
136	123	198	
144	194	122	
140	153	153	
137	120	206	
143	194	126	
134	102	249	
141	166	144	
147	291	93	
136	97	271	
148	267	96	
142	160	147	
139	161	149	
150	316	89	
139	125	190	
145	217	115	
151	291	89	
135	105	234	
149	290	91	
136	110	225	
135	101	254	
140	142	166	
137	115	211	
145	220	112	
136	104	247	
157	321	84	
139	121	193	
149	282	95	
140	119	201	
139	118	206	
143	174	138	
140	137	174	
144	193	124	
138	125	193	
147	247	103	
146	212	115	
141	149	157	
141	131	180	
142	159	150	
151	319	87	
143	184	131	
147	209	114	
143	167	142	
140	91	289	
137	110	217	
137	99	254	
148	265	98	
148	225	108	
144	192	126	
144	170	138	
141	134	173	
140	141	168	
137	102	242	
139	135	176	
149	254	98	
138	94	285	
144	162	140	
142	152	152	
136	105	231	
145	181	129	
145	168	137	
145	194	121	
138	95	280	
150	277	95	
143	158	150	
143	159	147	
146	200	119	
144	186	127	
210	357	63	
139	139	171	
138	96	272	
151	318	88	
145	186	126	
143	162	146	
139	127	189	
142	138	169	
146	238	105	
141	133	179	
153	314	88	
148	248	102	
151	277	92	
141	92	284	
149	284	94	
147	201	116	
141	155	151	
145	187	125	
144	185	129	
139	95	274	
143	150	155	
144	155	150	
139	96	265	
144	158	148	
145	173	136	
140	115	209	
140	126	188	
141	94	282	
150	279	94	
144	160	146	
143	137	162	
142	132	177	
148	245	103	
140	118	204	
137	101	253	
142	137	172	
149	233	105	
137	107	228	
138	112	214	
146	219	112	
141	114	203	
138	107	223	
139	97	264	
145	89	286	
141	125	187	
137	113	216	
145	155	147	
140	120	200	
139	100	241	
142	92	281	
145	184	128	
145	192	123	
142	122	188	
154	294	88	
146	180	130	
151	268	95	
146	170	132	
140	97	263	
137	104	240	
148	240	104	
145	158	145	
142	144	158	
143	91	272	
150	244	102	
149	249	101	
142	125	185	
141	130	181	
155	304	87	
150	224	106	
141	120	199	
148	194	119	
143	132	172	
142	97	253	
145	150	153	
145	154	150	
149	262	97	
144	147	155	
146	190	123	
142	146	157	
147	171	130	
143	129	179	
151	232	102	
142	117	194	
148	178	126	
141	104	230	
150	238	104	
146	160	143	
142	130	180	
147	160	138	
143	134	170	
226	62	390	
141	95	273	
146	182	128	
146	152	148	
148	210	112	
141	113	211	
144	130	167	
150	198	115	
151	85	310	
157	319	85	
151	223	107	
153	321	86	
151	246	101	
158	82	325	
148	191	122	
156	83	305	
143	125	183	
146	88	289	
148	188	123	
152	272	94	
149	250	100	
156	310	86	
149	86	320	
144	142	161	
144	95	256	
152	218	108	
140	109	214	
141	102	235	
145	151	152	
147	149	151	
150	86	305	
148	197	118	
153	253	96	
140	106	230	
147	154	144	
153	288	90	
144	127	174	
160	336	83	
150	178	124	
151	259	97	
147	168	133	
146	159	144	
141	99	247	
151	251	99	
142	111	208	
145	143	158	
151	204	113	
153	248	97	
150	185	121	
143	106	224	
151	228	105	
152	244	101	
146	151	149	
147	147	154	
145	124	187	
149	165	137	
211	357	61	
148	146	154	
154	277	91	
143	145	157	
143	121	192	
140	108	219	
148	199	117	
149	158	141	
143	116	194	
153	267	95	
147	139	159	
153	247	99	
153	269	93	
144	90	285	
147	124	182	
149	87	302	
145	94	269	
146	141	161	
154	237	99	
148	147	153	
146	120	191	
150	193	119	
151	210	111	
154	263	94	
144	121	190	
150	166	135	
144	126	180	
149	145	150	
149	175	128	
148	142	157	
147	121	187	
144	104	222	
151	185	120	
152	191	118	
143	111	204	
152	217	109	
148	150	149	
158	300	85	
145	97	246	
149	150	146	
144	136	166	
153	205	109	
154	227	103	
145	113	195	
147	123	185	
141	107	220	
153	217	106	
142	103	230	
149	143	153	
147	93	264	
150	152	142	
146	125	182	
154	279	90	
147	119	188	
147	142	158	
143	100	236	
150	197	117	
150	160	137	
144	107	211	
152	212	110	
157	301	87	
156	272	90	
143	108	216	
145	135	163	
151	165	135	
151	203	114	
157	308	86	
155	84	301	
155	260	95	
145	99	237	
154	226	105	
144	106	215	
148	123	181	
153	192	115	
148	120	186	
155	283	89	
151	167	132	
147	126	178	
176	75	344	
150	184	123	
153	200	113	
149	140	156	
150	87	285	
152	173	128	
156	215	105	
150	159	139	
152	163	133	
159	320	84	
148	90	283	
151	177	125	
231	61	362	
147	118	192	
150	147	149	
143	102	233	
149	124	179	
149	153	145	
154	216	108	
158	294	87	
160	315	84	
150	138	155	
148	122	185	
151	183	122	
147	134	163	
157	261	93	
148	95	252	
146	128	169	
156	255	95	
148	170	131	
156	244	98	
152	155	138	
145	110	210	
151	175	127	
157	293	88	
154	185	118	
148	94	263	
149	90	268	
155	232	101	
150	149	148	
156	224	102	
153	86	288	
149	121	182	
147	103	223	
158	278	88	
148	126	177	
145	102	232	
152	181	123	
149	93	258	
156	257	94	
158	258	92	
146	108	206	
145	101	234	
152	137	156	
155	204	112	
153	162	129	
156	213	107	
149	142	155	
149	116	185	
147	117	193	
153	85	308	
147	133	165	
148	135	162	
152	162	135	
150	125	170	
146	98	237	
155	191	114	
147	102	228	
149	88	280	
155	173	126	
149	126	174	
151	148	148	
156	250	96	
152	149	144	
148	112	196	
156	202	111	
150	151	144	
149	144	152	
145	105	219	
155	166	127	
154	85	301	
152	139	152	
152	184	120	
146	101	233	
153	129	161	
153	181	122	
149	96	249	
153	159	132	
157	245	96	
157	233	100	
154	170	128	
157	212	108	
157	242	98	
150	120	176	
154	178	123	
157	218	104	
150	132	164	
154	191	117	
149	101	229	
152	147	147	
151	146	149	
159	292	85	
157	251	95	
148	127	167	
149	92	266	
156	183	120	
154	141	148	
147	100	233	
153	151	137	
157	194	113	
156	169	123	
158	208	108	
157	201	110	
153	135	160	
158	269	91	
158	229	100	
156	188	116	
148	111	201	
149	97	239	
150	114	186	
150	94	252	
159	82	317	
159	240	95	
146	110	205	
157	180	121	
160	291	87	
148	104	217	
148	102	226	
152	129	166	
158	196	111	
152	95	242	
155	147	142	
156	177	122	
150	92	264	
158	243	97	
158	250	94	
152	151	143	
151	133	163	
159	208	105	
154	133	157	
161	283	87	
152	89	277	
157	220	103	
149	110	202	
148	99	235	
158	234	99	
150	106	212	
157	214	106	
160	236	97	
149	99	232	
159	260	91	
152	92	263	
155	143	147	
151	102	218	
158	175	119	
151	119	183	
149	102	225	
156	85	300	
154	149	143	
148	105	216	
159	225	101	
150	101	226	
156	151	136	
159	275	89	
154	88	265	
152	122	172	
150	100	229	
150	109	200	
153	92	259	
148	107	210	
157	85	282	
160	271	90	
154	130	160	
158	185	117	
153	93	254	
159	256	93	
160	207	107	
151	104	211	
155	144	146	
170	318	78	
166	78	338	
158	203	109	
161	81	325	
161	259	90	
152	107	204	
160	232	99	
152	109	197	
236	60	426	
159	223	102	
160	217	104	
161	287	86	
157	153	135	
152	97	233	
160	206	108	
158	190	115	
170	77	338	
158	184	118	
153	116	175	
163	81	315	
182	73	330	
152	119	181	
154	94	248	
161	270	89	
152	113	190	
154	138	153	
154	91	264	
160	251	93	
160	82	301	
160	218	102	
155	136	155	
161	207	104	
155	87	276	
153	101	222	
161	230	98	
151	100	228	
159	228	100	
162	196	108	
156	143	141	
159	183	116	
160	199	109	
160	188	115	
155	91	255	
151	106	210	
164	79	338	
152	99	228	
161	218	99	
159	191	113	
157	132	149	
152	112	194	
162	188	112	
160	224	101	
157	156	134	
167	79	322	
161	274	88	
161	249	94	
154	125	162	
153	100	227	
153	95	238	
155	93	251	
159	83	296	
162	280	86	
153	106	204	
161	255	92	
161	182	113	
160	179	117	
161	213	103	
155	103	213	
162	204	106	
156	86	281	
162	243	94	
163	294	84	
156	135	155	
154	100	223	
154	111	188	
157	161	130	
156	150	138	
153	108	199	
159	168	125	
158	164	127	
218	353	60	
152	123	171	
156	138	152	
154	98	229	
156	93	239	
158	154	132	
158	172	122	
161	237	96	
163	291	85	
155	105	206	
162	258	88	
162	232	96	
155	132	158	
158	90	257	
162	193	111	
165	80	315	
164	265	87	
156	142	143	
163	245	92	
158	158	131	
154	101	219	
161	164	125	
164	278	85	
158	146	137	
156	92	254	
153	124	170	
156	99	221	
178	352	75	
160	84	295	
156	95	235	
155	102	217	
162	215	101	
154	109	193	
157	92	250	
155	107	202	
163	203	107	
154	114	184	
163	256	91	
155	118	166	
162	174	120	
156	130	157	
162	83	281	
159	162	128	
157	140	144	
162	227	98	
164	81	302	
156	100	212	
159	159	130	
164	187	110	
157	97	227	
168	78	335	
156	104	209	
164	291	84	
165	197	107	
160	161	127	
164	297	82	
161	238	95	
156	98	225	
159	86	264	
163	171	120	
161	168	124	
164	249	91	
162	178	118	
163	211	102	
164	229	95	
160	169	122	
163	237	94	
158	89	262	
156	107	196	
164	206	105	
157	95	231	
159	139	144	
160	91	243	
155	115	179	
157	112	182	
164	181	115	
155	128	160	
161	158	128	
170	78	307	
156	106	200	
165	200	106	
158	103	210	
163	232	95	
164	175	118	
157	104	208	
159	92	246	
163	167	122	
165	287	84	
161	156	130	
162	151	134	
155	126	161	
165	223	97	
166	293	83	
159	105	200	
166	203	104	
166	194	109	
164	236	92	
164	255	89	
164	210	102	
166	172	116	
173	76	323	
165	272	86	
165	174	117	
159	103	206	
159	138	147	
157	128	159	
158	109	188	
160	87	261	
165	159	124	
164	162	125	
159	149	136	
159	90	256	
158	131	156	
165	206	103	
240	59	335	
155	114	183	
162	82	299	
159	98	220	
160	89	259	
166	80	310	
160	85	273	
161	90	251	
165	170	121	
163	152	129	
160	93	232	
162	144	140	
168	79	315	
160	124	153	
165	214	101	
167	209	98	
159	102	210	
167	191	107	
168	270	84	
157	122	163	
160	132	148	
160	96	226	
167	291	83	
172	77	310	
158	108	191	
160	104	203	
166	252	90	
159	131	149	
165	182	112	
166	177	115	
165	82	292	
160	92	236	
163	144	134	
160	97	222	
167	198	103	
166	164	121	
166	213	101	
161	89	254	
163	159	127	
160	99	218	
166	222	97	
161	103	194	
159	141	141	
158	140	143	
162	145	139	
169	288	83	
159	114	180	
168	179	111	
161	138	141	
165	245	91	
159	111	185	
162	136	146	
166	169	120	
167	294	80	
162	102	207	
167	204	102	
161	146	136	
166	228	96	
171	301	79	
167	268	85	
165	231	94	
167	80	297	
167	262	86	
223	374	59	
166	171	118	
164	150	132	
167	245	88	
162	101	211	
168	223	95	
161	99	216	
159	115	178	
159	107	193	
166	81	294	
164	143	139	
163	88	256	
165	153	127	
169	190	109	
157	116	174	
167	196	106	
161	95	226	
170	286	81	
163	90	249	
163	99	209	
168	291	80	
160	113	181	
168	165	119	
160	114	171	
163	98	213	
170	79	302	
163	84	278	
159	110	186	
171	188	106	
164	96	221	
165	132	140	
163	89	253	
167	160	122	
166	243	91	
170	285	83	
163	102	206	
166	82	288	
161	108	180	
167	228	95	
164	90	245	
167	221	97	
168	178	114	
168	174	115	
168	184	110	
170	195	105	
164	89	252	
171	277	83	
168	234	93	
164	92	229	
170	201	101	
163	101	208	
165	85	260	
168	157	124	
165	145	132	
164	102	201	
168	249	87	
165	97	216	
168	218	97	
170	166	117	
161	107	189	
164	123	157	
165	83	272	
164	118	164	
165	89	247	
161	113	176	
165	140	135	
170	172	114	
166	151	130	
165	90	235	
169	236	91	
168	229	94	
173	182	106	
164	101	205	
162	130	151	
164	87	257	
164	88	255	
174	286	77	
177	75	318	
169	218	93	
172	173	112	
165	87	251	
163	106	192	
168	82	277	
165	95	219	
166	150	131	
170	198	102	
169	81	280	
164	121	161	
167	94	227	
169	240	90	
161	116	170	
165	100	204	
172	206	100	
169	155	125	
164	129	152	
161	112	177	
171	197	102	
169	213	97	
169	223	92	
169	163	121	
171	281	82	
173	187	105	
171	167	116	
169	267	85	
167	147	130	
162	117	167	
170	162	119	
173	191	104	
167	125	146	
164	106	191	
169	260	86	
170	255	85	
168	94	225	
171	151	125	
167	89	246	
164	105	193	
244	58	366	
170	158	122	
166	84	269	
169	152	127	
164	107	186	
164	98	209	
170	80	289	
167	88	249	
166	101	202	
168	97	210	
165	103	187	
166	102	200	
166	96	216	
166	112	160	
172	270	80	
164	110	169	
169	88	239	
173	179	110	
170	85	250	
168	137	136	
170	153	124	
167	99	202	
173	208	96	
174	171	112	
174	205	100	
168	93	228	
171	150	129	
171	159	121	
163	116	166	
169	93	222	
169	242	89	
170	269	84	
172	217	95	
171	79	293	
167	102	199	
173	174	111	
170	227	91	
171	236	90	
166	120	155	
173	195	103	
175	204	96	
189	71	315	
168	84	268	
171	262	84	
172	298	79	
174	161	118	
168	101	190	
174	168	115	
169	90	228	
172	154	123	
172	146	128	
170	84	265	
171	140	133	
172	78	297	
174	181	109	
175	200	100	
174	76	318	
174	195	101	
168	96	214	
172	160	120	
226	371	57	
166	106	184	
168	145	131	
168	95	218	
173	236	87	
169	87	244	
170	152	126	
167	98	208	
171	289	80	
171	82	268	
170	94	220	
176	189	101	
175	175	109	
174	165	117	
172	95	211	
175	166	114	
172	252	86	
175	157	122	
168	98	202	
172	141	130	
171	84	259	
177	289	76	
173	150	125	
168	100	197	
170	96	209	
168	131	144	
172	234	90	
173	92	225	
173	80	287	
173	158	120	
174	261	83	
165	108	178	
170	145	130	
174	216	93	
177	181	108	
176	164	115	
168	106	176	
173	93	215	
175	203	98	
176	77	308	
173	133	139	
176	156	120	
177	76	317	
175	165	115	
172	89	237	
174	215	95	
175	146	124	
175	80	276	
178	76	306	
178	180	106	
175	158	119	
172	83	263	
171	81	278	
177	167	113	
174	228	90	
174	248	84	
171	96	205	
170	122	154	
177	202	97	
178	158	116	
172	126	145	
178	196	100	
175	78	288	
178	77	290	
175	209	92	
167	105	184	
179	186	102	
177	153	119	
174	134	136	
173	139	131	
178	166	111	
173	152	123	
176	188	104	
174	92	220	
173	89	236	
167	124	151	
179	174	108	
171	98	201	
178	199	99	
167	119	159	
173	131	142	
171	121	153	
174	85	243	
179	183	105	
176	91	223	
175	128	144	
175	87	235	
173	235	89	
174	145	129	
177	159	118	
183	312	73	
172	99	194	
182	74	303	
178	171	110	
174	78	295	
186	72	349	
175	84	252	
175	138	129	
174	222	91	
169	118	156	
175	89	233	
174	233	89	
174	267	81	
175	81	275	
172	123	152	
175	245	86	
169	103	182	
170	109	172	
176	127	140	
188	72	302	
177	81	273	
180	173	106	
176	79	285	
175	83	260	
174	94	213	
176	144	127	
174	96	203	
173	121	150	
180	201	98	
173	82	267	
180	196	99	
177	165	114	
175	92	210	
176	135	135	
180	75	314	
181	182	104	
176	89	228	
177	231	89	
179	194	100	
177	149	123	
178	163	115	
175	131	137	
247	57	378	
176	82	258	
175	265	82	
178	80	271	
176	277	79	
178	152	121	
174	98	200	
181	198	98	
175	257	83	
180	178	105	
176	223	90	
177	90	225	
176	95	208	
172	101	183	
175	233	88	
180	159	114	
177	243	86	
177	79	284	
174	124	149	
171	115	158	
170	108	174	
175	97	196	
178	137	131	
179	223	89	
177	91	221	
179	79	277	
180	207	92	
179	156	118	
179	81	270	
172	117	154	
176	264	81	
178	88	232	
174	103	180	
180	76	294	
178	165	113	
180	151	119	
175	100	188	
181	191	99	
181	75	307	
180	80	266	
176	246	84	
177	258	82	
181	201	97	
177	122	148	
182	166	109	
175	214	91	
182	185	103	
177	141	128	
179	229	85	
180	85	236	
181	169	110	
178	95	202	
171	108	165	
179	83	257	
172	120	153	
180	145	124	
178	135	134	
182	162	113	
180	82	251	
179	90	223	
180	91	216	
181	146	122	
182	199	96	
180	202	96	
177	251	83	
184	73	316	
182	195	98	
177	78	286	
180	206	94	
184	182	103	
171	107	175	
179	92	203	
181	157	116	
177	245	85	
181	84	243	
178	118	145	
174	105	179	
178	89	227	
183	164	112	
180	87	225	
183	181	104	
183	142	126	
175	96	198	
179	148	123	
182	154	118	
182	205	94	
174	119	151	
184	187	99	
180	144	126	
178	243	85	
178	126	140	
175	99	193	
181	77	284	
176	283	78	
183	172	107	
180	133	135	
174	107	172	
179	89	226	
182	136	132	
178	217	90	
178	129	136	
180	89	221	
184	185	102	
182	81	256	
184	156	117	
175	105	177	
182	198	97	
182	147	119	
185	179	102	
183	202	94	
176	98	195	
177	98	192	
177	114	153	
184	169	108	
182	78	279	
176	105	174	
181	79	275	
178	261	79	
185	177	104	
183	193	96	
186	165	107	
185	154	117	
184	134	131	
175	104	179	
181	124	141	
181	144	125	
182	135	133	
179	226	88	
181	90	218	
185	186	101	
183	157	115	
181	246	82	
185	163	112	
177	280	77	
178	99	185	
179	77	286	
184	161	113	
175	118	153	
184	148	118	
183	138	128	
186	155	113	
201	68	364	
180	302	75	
186	175	104	
184	140	123	
182	79	268	
187	160	109	
175	111	162	
177	104	176	
179	245	84	
186	185	100	
182	91	208	
183	83	249	
179	249	83	
186	159	112	
182	86	231	
180	222	88	
185	133	133	
183	131	135	
180	95	199	
184	195	95	
179	102	180	
206	67	348	
180	97	192	
178	106	168	
180	239	83	
177	106	172	
184	137	129	
183	75	289	
184	191	98	
179	258	81	
179	271	78	
178	127	139	
187	181	101	
183	145	120	
181	296	75	
181	217	89	
176	103	179	
183	90	217	
186	153	117	
181	96	197	
185	83	248	
184	80	259	
184	78	271	
183	213	90	
179	98	185	
183	205	93	
186	170	106	
185	167	108	
179	113	158	
188	174	104	
186	131	134	
187	152	114	
179	107	164	
182	89	220	
183	84	242	
184	87	218	
186	82	246	
181	216	90	
185	136	129	
185	87	215	
181	227	87	
188	176	103	
179	103	171	
182	96	194	
184	123	143	
183	94	200	
183	127	138	
183	212	91	
183	77	283	
185	138	126	
185	190	98	
182	117	151	
182	244	81	
185	84	238	
189	172	105	
180	100	182	
186	73	315	
180	110	159	
183	95	192	
184	77	281	
186	199	93	
184	208	89	
187	189	97	
179	100	184	
187	184	100	
187	83	242	
187	129	133	
189	132	131	
186	84	233	
180	102	178	
187	73	307	
185	127	135	
186	134	130	
183	225	87	
180	111	158	
187	90	214	
186	136	127	
186	86	224	
190	148	116	
188	182	99	
181	101	173	
184	76	286	
181	273	76	
186	81	253	
186	79	266	
187	144	119	
185	121	144	
181	303	74	
181	112	153	
183	97	184	
184	126	138	
184	220	88	
186	77	274	
254	56	402	
185	292	74	
186	125	136	
184	116	152	
187	188	98	
184	206	92	
180	258	80	
188	90	207	
190	173	102	
182	234	84	
191	179	101	
188	158	110	
190	165	106	
184	94	197	
191	168	103	
184	309	73	
187	122	139	
185	93	202	
183	215	89	
185	74	294	
185	220	84	
185	112	150	
187	134	129	
188	78	264	
180	109	161	
189	174	103	
187	201	92	
183	226	86	
191	142	119	
190	182	97	
187	76	280	
187	85	229	
189	80	249	
181	99	180	
189	193	93	
185	214	88	
189	188	96	
187	81	246	
195	70	311	
190	138	124	
186	91	201	
180	104	169	
193	152	112	
182	268	78	
188	83	241	
189	161	108	
190	181	100	
184	253	80	
189	79	260	
185	114	149	
187	207	91	
186	277	75	
192	131	132	
185	301	73	
202	68	314	
190	133	129	
189	89	207	
191	134	124	
186	96	189	
187	93	199	
190	82	239	
192	177	101	
181	104	166	
199	69	340	
188	121	143	
191	147	118	
238	375	56	
193	176	99	
182	105	160	
189	203	91	
189	119	144	
186	94	195	
192	147	114	
188	117	145	
189	153	113	
183	264	78	
187	111	151	
194	157	109	
193	130	131	
194	131	129	
193	141	122	
192	83	235	
184	233	83	
188	75	287	
183	242	82	
188	128	133	
192	161	107	
183	98	178	
186	254	79	
189	77	269	
194	144	117	
191	191	95	
191	115	141	
188	93	194	
190	84	226	
191	181	98	
190	79	257	
188	207	87	
190	118	143	
182	110	158	
184	265	77	
188	84	232	
191	123	136	
189	76	271	
187	86	223	
191	139	123	
195	151	110	
195	166	102	
189	74	285	
187	95	185	
195	140	121	
190	116	148	
189	92	200	
189	198	92	
185	247	80	
184	239	82	
195	129	130	
189	88	212	
191	86	211	
195	131	128	
189	159	109	
183	108	159	
196	124	134	
187	74	293	
194	174	100	
195	126	135	
187	109	156	
189	73	299	
192	200	89	
192	90	199	
190	94	187	
185	99	173	
189	308	72	
190	78	263	
185	262	77	
193	187	94	
195	161	106	
190	92	195	
190	75	284	
191	81	239	
187	208	88	
185	101	166	
199	137	122	
191	201	91	
184	102	172	
195	158	107	
187	280	73	
191	84	223	
193	78	254	
195	139	122	
193	83	231	
186	279	74	
192	75	278	
192	191	93	
195	128	132	
193	121	140	
190	77	267	
197	127	133	
197	131	126	
193	186	96	
197	160	104	
187	254	78	
201	69	301	
195	141	120	
193	82	234	
187	235	82	
187	97	177	
193	73	289	
190	294	72	
185	241	81	
196	173	101	
189	217	85	
197	144	116	
193	179	98	
192	196	92	
194	80	248	
195	185	96	
190	91	196	
197	120	137	
187	230	83	
196	143	118	
190	109	153	
194	77	253	
200	139	120	
193	79	253	
187	248	79	
197	149	112	
198	128	129	
196	128	131	
195	80	242	
198	124	131	
192	88	204	
190	93	189	
195	85	221	
195	120	140	
198	140	120	
199	169	100	
187	270	76	
188	106	158	
194	71	298	
193	198	90	
191	112	148	
191	96	172	
196	184	93	
195	79	247	
196	155	109	
199	141	115	
188	235	80	
200	135	123	
195	180	97	
188	102	164	
194	83	228	
197	142	117	
194	192	92	
198	145	115	
201	138	118	
196	176	98	
193	76	269	
197	157	107	
190	107	157	
198	179	96	
199	129	127	
197	173	97	
191	212	86	
194	74	275	
188	234	82	
196	85	220	
188	225	83	
196	113	146	
200	131	125	
192	290	70	
195	175	99	
196	118	140	
191	91	186	
188	267	76	
192	74	279	
194	72	294	
187	273	75	
195	194	90	
197	123	134	
195	82	231	
189	229	82	
195	81	236	
201	134	122	
201	147	110	
197	122	136	
198	329	67	
197	85	214	
195	76	266	
198	155	108	
191	104	153	
203	137	121	
189	255	77	
214	65	355	
196	179	97	
193	89	201	
194	190	93	
202	154	106	
199	146	114	
188	104	162	
193	94	184	
198	163	103	
257	55	414	
195	87	210	
204	126	128	
196	83	225	
201	159	106	
195	75	273	
191	109	151	
192	205	88	
198	119	138	
196	84	221	
202	133	123	
191	100	169	
189	245	78	
191	257	74	
194	109	149	
199	122	132	
196	86	201	
197	80	231	
194	94	183	
198	183	95	
205	152	109	
204	120	132	
204	131	120	
196	90	192	
196	72	288	
197	78	247	
197	76	265	
198	111	145	
206	144	114	
198	78	245	
200	168	100	
197	82	227	
196	75	268	
189	269	75	
196	189	92	
202	130	126	
192	216	85	
197	72	279	
195	201	88	
197	83	219	
200	170	98	
198	76	263	
203	146	113	
195	91	179	
199	182	93	
201	118	139	
191	232	80	
194	98	161	
196	88	197	
191	222	83	
190	278	74	
199	164	102	
203	157	105	
192	210	86	
200	167	101	
195	215	84	
204	139	115	
199	117	140	
197	112	146	
198	192	90	
198	113	143	
193	216	83	
199	79	240	
190	244	79	
194	88	203	
193	221	82	
202	175	95	
252	332	55	
192	97	171	
199	76	260	
206	151	108	
204	119	136	
207	136	118	
195	196	89	
204	128	127	
192	283	72	
208	129	126	
196	208	85	
207	142	110	
208	67	346	
197	111	148	
201	177	96	
208	125	129	
209	130	125	
195	206	87	
191	242	79	
201	160	103	
199	84	216	
206	116	135	
201	166	100	
204	146	112	
195	209	86	
190	250	77	
211	66	338	
198	85	212	
195	319	69	
209	67	339	
196	205	87	
192	231	81	
200	81	224	
200	70	308	
197	75	267	
202	116	140	
197	186	92	
198	108	152	
199	190	91	
202	162	102	
204	158	102	
198	74	268	
193	101	165	
203	165	98	
194	237	79	
207	150	105	
212	127	123	
210	128	125	
193	226	81	
199	75	265	
210	124	129	
200	76	249	
197	204	87	
201	168	98	
212	120	130	
202	110	148	
197	197	88	
208	138	116	
207	113	140	
203	175	93	
198	312	69	
200	108	151	
201	85	207	
198	201	85	
195	103	160	
204	163	101	
197	89	194	
200	84	214	
206	146	110	
199	95	168	
204	154	105	
198	71	292	
211	135	117	
200	79	238	
207	148	109	
201	75	262	
201	187	88	
194	260	73	
212	126	126	
214	124	126	
201	107	151	
202	82	221	
199	111	144	
196	213	84	
201	78	242	
192	243	78	
204	108	146	
200	192	89	
210	139	113	
208	137	117	
199	83	218	
199	73	274	
196	103	159	
202	167	97	
193	254	76	
202	108	150	
205	156	103	
201	182	92	
193	245	77	
210	67	316	
200	90	190	
205	170	96	
202	83	209	
204	79	231	
209	119	134	
212	133	119	
208	114	137	
201	112	143	
195	231	78	
204	77	243	
198	100	157	
205	75	258	
206	162	99	
197	103	158	
205	164	98	
198	212	83	
209	148	107	
203	106	149	
213	121	129	
217	130	121	
200	86	194	
200	198	87	
203	89	191	
199	93	176	
204	78	240	
195	220	81	
209	137	116	
202	105	152	
201	80	224	
198	223	80	
210	146	106	
202	74	264	
204	81	217	
194	250	76	
198	88	196	
198	211	84	
213	118	132	
200	301	69	
212	138	111	
201	186	91	
201	90	188	
209	157	100	
196	214	83	
202	71	283	
211	107	144	
208	111	142	
194	282	72	
211	116	134	
214	133	118	
210	154	101	
203	70	296	
197	219	82	
200	308	67	
202	85	205	
217	126	125	
202	73	272	
199	209	84	
216	119	128	
197	265	72	
217	129	122	
205	78	235	
205	174	94	
203	185	90	
213	135	116	
195	288	71	
199	218	82	
202	100	156	
214	135	114	
206	75	252	
213	132	119	
195	236	77	
212	111	140	
203	73	271	
204	184	91	
205	173	95	
201	192	87	
204	90	183	
203	180	92	
200	212	82	
194	255	75	
218	133	115	
208	89	186	
205	74	263	
214	144	106	
219	123	125	
196	287	71	
206	83	202	
200	207	83	
219	126	123	
198	248	74	
218	122	127	
208	87	190	
210	113	139	
205	73	264	
218	128	120	
206	107	148	
201	197	86	
205	72	269	
203	92	175	
206	103	154	
213	150	103	
206	74	260	
208	81	213	
212	109	142	
205	76	239	
198	284	71	
205	181	90	
209	115	136	
208	169	95	
205	105	150	
204	70	294	
220	129	119	
203	95	161	
220	132	118	
206	78	227	
198	226	79	
216	65	353	
207	168	96	
207	92	168	
215	117	133	
199	243	76	
202	339	66	
265	54	390	
211	105	146	
214	111	138	
220	122	124	
209	104	148	
204	177	92	
201	206	84	
200	219	80	
222	124	121	
206	70	284	
217	65	311	
203	337	66	
212	161	96	
219	113	131	
214	109	139	
208	68	295	
199	275	71	
209	167	94	
207	74	254	
208	106	148	
215	66	332	
206	80	223	
212	114	136	
202	200	83	
207	102	154	
221	130	116	
202	211	81	
207	85	199	
216	143	109	
212	103	148	
203	71	281	
218	117	132	
205	305	66	
222	137	113	
207	75	247	
217	112	137	
210	78	220	
215	149	101	
213	110	140	
208	77	236	
218	141	110	
207	69	282	
201	296	69	
208	167	96	
208	179	91	
224	121	125	
206	185	88	
203	195	86	
209	82	210	
203	99	160	
214	160	97	
212	87	183	
208	71	270	
209	171	92	
219	142	108	
198	288	70	
222	116	130	
205	192	85	
206	73	262	
259	365	54	
223	135	112	
205	90	181	
202	205	82	
211	89	185	
217	146	104	
208	175	92	
200	241	76	
224	140	108	
216	107	143	
202	222	78	
209	99	154	
205	99	158	
216	154	99	
201	228	78	
213	102	149	
207	188	85	
202	278	70	
212	85	198	
216	66	290	
201	297	68	
225	119	127	
231	126	119	
209	76	232	
203	229	77	
227	128	119	
224	132	113	
207	184	88	
211	80	217	
210	91	175	
210	173	91	
202	247	73	
208	73	261	
224	118	129	
226	129	118	
211	83	201	
202	291	69	
213	85	194	
212	155	100	
203	240	76	
208	72	268	
222	105	142	
214	80	209	
211	74	247	
225	136	109	
204	98	160	
205	217	79	
209	73	260	
219	102	143	
210	75	245	
202	246	75	
213	86	193	
221	112	136	
210	177	90	
213	90	177	
210	183	89	
209	72	267	
231	123	123	
212	84	199	
204	229	76	
221	142	107	
210	72	257	
213	67	314	
226	118	125	
215	82	202	
224	111	137	
203	242	75	
212	163	95	
232	128	116	
214	85	184	
210	81	210	
214	98	151	
212	98	156	
217	159	96	
213	89	180	
211	181	88	
201	271	71	
227	62	336	
224	107	141	
228	129	115	
226	117	128	
223	110	138	
206	199	84	
211	75	240	
206	212	80	
224	112	135	
214	67	306	
217	103	147	
225	130	115	
210	169	93	
205	336	64	
215	77	227	
227	110	133	
232	123	122	
233	122	121	
210	70	281	
222	145	103	
226	120	124	
214	84	198	
208	197	83	
203	254	72	
233	125	118	
218	153	97	
212	94	162	
203	280	69	
209	187	87	
215	96	156	
214	73	253	
226	107	137	
205	207	81	
226	140	106	
220	146	103	
211	70	272	
216	78	218	
230	115	127	
227	133	112	
212	177	89	
215	84	197	
206	334	65	
214	90	170	
204	240	75	
227	115	130	
210	186	85	
203	270	71	
228	141	105	
217	165	94	
231	134	110	
237	60	363	
234	131	114	
216	83	199	
234	118	123	
218	84	191	
209	191	83	
207	203	82	
235	124	120	
229	137	107	
213	167	93	
217	89	175	
210	71	259	
205	259	71	
214	170	90	
205	226	76	
216	88	182	
208	331	65	
216	81	204	
211	184	86	
214	74	242	
206	240	73	
236	123	117	
205	272	70	
216	79	217	
203	298	67	
224	152	99	
204	291	68	
215	75	236	
205	234	75	
218	101	150	
222	64	317	
215	72	241	
230	146	101	
218	85	177	
213	92	164	
237	130	113	
231	113	129	
217	79	214	
207	216	79	
207	221	78	
217	161	95	
227	106	141	
209	208	80	
234	121	122	
219	82	195	
217	77	226	
209	315	65	
211	198	80	
235	131	113	
216	67	278	
230	143	104	
218	163	93	
216	169	91	
212	68	292	
228	149	100	
233	115	126	
220	101	147	
208	215	77	
234	110	132	
238	132	111	
213	180	86	
216	76	231	
231	108	135	
239	127	113	
219	77	224	
217	82	201	
225	63	349	
230	106	140	
220	162	91	
217	76	229	
208	214	79	
214	176	89	
215	179	88	
223	99	150	
236	120	120	
225	156	93	
213	68	290	
213	323	63	
211	69	279	
218	75	230	
230	104	141	
235	112	131	
216	94	158	
239	131	111	
222	159	94	
220	79	212	
210	211	79	
233	135	109	
239	117	120	
220	77	217	
240	126	113	
218	80	207	
206	286	68	
214	70	265	
207	260	70	
232	139	103	
218	174	88	
216	175	89	
232	106	139	
231	138	106	
220	76	222	
234	136	107	
228	151	99	
221	94	155	
219	80	199	
219	78	217	
235	114	128	
226	100	147	
219	74	233	
215	68	280	
215	91	169	
205	277	69	
239	132	110	
208	229	75	
236	142	99	
232	105	140	
231	140	105	
205	250	72	
222	89	166	
241	121	119	
220	83	192	
235	134	109	
209	233	74	
214	69	270	
235	108	134	
242	128	110	
236	112	127	
220	78	213	
221	79	210	
271	53	391	
219	84	190	
214	185	83	
243	125	114	
234	148	97	
239	114	124	
217	92	159	
233	150	99	
223	96	154	
237	111	131	
233	106	138	
243	131	106	
209	333	64	
207	282	67	
229	101	146	
214	197	81	
211	209	79	
222	87	174	
225	172	89	
218	179	87	
223	84	188	
209	265	68	
236	104	136	
210	220	75	
239	106	132	
235	103	140	
212	211	78	
215	71	258	
208	255	71	
224	96	153	
216	194	81	
226	63	307	
228	99	148	
222	79	209	
231	153	96	
244	122	118	
234	106	137	
242	137	106	
239	109	130	
219	178	86	
243	123	116	
211	316	64	
234	99	144	
216	71	254	
220	168	90	
215	183	84	
224	78	206	
213	207	78	
209	243	72	
220	75	226	
241	138	104	
224	83	187	
230	98	149	
229	97	152	
218	70	263	
207	304	66	
225	177	86	
269	350	53	
226	170	89	
221	76	212	
246	119	118	
221	82	194	
220	81	197	
211	298	66	
246	111	126	
246	122	114	
247	114	122	
226	89	159	
238	101	142	
220	73	236	
224	84	186	
225	173	88	
227	176	87	
226	86	173	
245	136	104	
233	97	151	
216	204	78	
212	252	71	
212	309	65	
219	70	253	
223	80	192	
219	191	81	
231	155	95	
230	167	90	
224	181	85	
240	112	126	
209	238	73	
251	127	109	
219	71	251	
227	84	181	
222	73	230	
214	232	74	
224	79	205	
231	175	86	
227	170	88	
230	86	166	
239	101	141	
244	141	102	
228	168	89	
217	69	268	
246	121	117	
235	97	146	
232	94	152	
240	150	96	
232	160	92	
213	354	61	
233	165	90	
222	75	225	
248	109	128	
230	95	154	
216	212	77	
215	230	74	
236	153	95	
239	103	136	
225	79	203	
212	217	76	
213	235	73	
218	67	267	
243	130	109	
212	258	70	
232	171	85	
247	124	113	
213	248	71	
251	111	125	
226	93	158	
228	82	189	
221	65	304	
223	75	222	
227	180	85	
253	126	111	
240	101	138	
246	108	130	
245	140	100	
213	295	66	
217	200	78	
236	95	151	
236	147	98	
220	71	248	
214	352	62	
251	101	135	
247	134	102	
251	117	118	
236	154	94	
223	74	227	
217	223	74	
219	69	255	
253	119	115	
220	187	81	
248	121	116	
241	100	142	
229	176	86	
252	116	119	
213	239	72	
214	304	65	
231	83	184	
215	256	70	
233	93	157	
233	167	89	
231	178	84	
229	77	200	
216	349	62	
245	128	109	
239	159	92	
240	163	90	
226	181	84	
252	112	124	
241	95	148	
225	76	205	
218	209	77	
217	233	73	
257	122	112	
243	144	98	
222	196	79	
241	148	95	
221	209	76	
248	130	108	
235	169	88	
213	264	68	
214	289	66	
240	161	91	
252	104	133	
235	166	89	
236	93	156	
221	71	237	
224	75	219	
217	253	69	
257	103	131	
214	244	71	
253	109	125	
214	261	69	
227	92	158	
243	158	89	
231	81	188	
218	322	62	
254	114	121	
225	183	82	
226	73	223	
247	146	97	
237	167	88	
242	98	145	
219	230	73	
254	112	123	
215	278	67	
246	153	93	
243	99	143	
239	165	89	
228	84	179	
259	128	108	
250	108	129	
225	64	286	
237	93	152	
244	155	92	
215	300	64	
222	65	301	
223	192	80	
232	82	182	
246	100	141	
218	238	72	
249	131	105	
242	162	89	
260	124	109	
230	79	194	
221	199	78	
218	218	75	
237	92	157	
263	127	105	
258	106	129	
238	170	87	
252	137	100	
236	85	176	
220	205	77	
255	126	110	
222	70	250	
218	250	69	
220	233	71	
256	116	116	
251	98	143	
248	152	94	
216	256	69	
257	115	120	
224	186	81	
226	75	218	
258	121	112	
247	99	142	
218	66	289	
232	61	326	
228	181	83	
257	112	121	
250	100	140	
238	90	154	
226	71	227	
256	108	125	
224	65	285	
240	167	87	
239	85	170	
255	105	132	
243	163	88	
219	66	280	
216	280	66	
225	73	228	
220	223	73	
227	75	215	
223	212	74	
259	111	124	
236	83	178	
216	269	67	
250	95	145	
254	146	94	
216	298	65	
250	144	97	
242	93	150	
251	148	92	
244	143	98	
235	81	181	
249	133	104	
227	74	220	
219	222	74	
252	141	98	
255	99	141	
224	70	237	
218	249	70	
223	67	266	
258	115	119	
235	88	160	
259	114	118	
259	118	113	
255	100	138	
239	84	172	
232	177	84	
217	283	65	
261	125	108	
249	153	90	
256	103	133	
232	180	81	
220	242	70	
226	67	264	
252	96	144	
261	110	122	
263	121	110	
259	107	125	
257	97	141	
241	167	86	
233	80	187	
225	189	80	
233	81	183	
226	195	79	
215	322	63	
257	132	104	
256	99	139	
260	140	99	
247	154	92	
238	172	83	
223	201	77	
235	78	199	
230	74	208	
234	179	83	
225	227	72	
218	312	63	
217	261	68	
227	65	263	
258	145	96	
266	133	102	
251	94	149	
229	193	78	
229	74	218	
225	69	250	
223	208	76	
256	97	143	
262	140	95	
260	105	127	
246	164	86	
255	135	101	
263	113	119	
231	62	313	
237	77	194	
226	197	78	
220	339	61	
245	92	153	
228	68	256	
264	137	98	
260	102	134	
267	131	103	
229	184	81	
226	207	76	
237	79	192	
259	100	136	
236	86	162	
259	144	94	
253	93	147	
269	108	122	
244	160	88	
277	52	427	
240	83	173	
260	98	140	
246	90	152	
226	188	80	
227	202	76	
219	254	68	
268	113	117	
260	116	115	
231	190	78	
229	210	75	
262	99	138	
224	66	279	
218	272	66	
266	112	119	
266	119	112	
245	82	175	
249	169	85	
265	126	106	
261	102	133	
229	73	221	
224	221	73	
273	130	104	
262	103	128	
267	110	121	
270	132	99	
218	266	67	
259	96	143	
241	185	80	
226	199	77	
226	66	277	
238	78	190	
253	91	150	
266	123	107	
266	101	134	
263	98	137	
247	88	154	
244	173	82	
247	85	167	
228	69	247	
220	247	69	
224	238	70	
233	76	202	
257	162	87	
230	208	75	
268	115	116	
241	79	185	
272	116	113	
273	102	127	
230	71	220	
230	220	73	
268	131	102	
275	129	104	
262	94	144	
260	91	146	
219	297	64	
275	98	131	
265	96	141	
228	223	72	
270	111	120	
274	118	110	
263	97	140	
239	60	314	
256	157	89	
263	106	126	
255	165	85	
219	262	67	
234	197	77	
281	354	52	
253	84	167	
252	171	84	
255	152	91	
226	231	71	
235	189	79	
235	73	214	
231	218	73	
274	130	102	
267	101	133	
222	307	63	
267	121	109	
231	68	246	
267	99	136	
253	158	88	
234	74	201	
232	207	75	
229	69	244	
224	244	69	
266	95	143	
267	145	93	
275	115	115	
277	113	116	
277	107	120	
279	128	103	
258	91	147	
266	155	89	
255	169	84	
241	80	184	
242	184	79	
223	296	64	
272	96	137	
274	138	97	
275	110	117	
251	81	178	
250	87	159	
261	161	86	
262	150	91	
235	200	76	
280	125	104	
277	106	121	
233	204	75	
229	227	71	
224	281	64	
227	233	70	
234	216	71	
239	196	76	
222	247	68	
230	67	259	
231	210	74	
275	109	121	
242	78	183	
244	179	80	
278	104	125	
251	85	160	
277	126	105	
270	95	141	
259	163	85	
218	281	65	
223	331	61	
221	266	66	
267	96	140	
253	82	171	
238	76	198	
277	122	107	
230	69	233	
220	255	67	
264	160	87	
223	304	62	
230	221	72	
240	191	76	
230	63	300	
230	238	69	
270	155	88	
279	113	113	
275	136	96	
269	150	90	
253	80	180	
281	115	110	
259	164	83	
281	123	104	
282	131	101	
236	213	73	
248	172	80	
221	280	65	
255	171	83	
269	94	143	
278	142	93	
275	153	89	
236	206	74	
267	93	145	
272	159	87	
276	146	92	
279	119	107	
279	148	91	
225	277	65	
226	340	59	
241	78	189	
244	186	78	
282	129	102	
235	203	75	
232	218	72	
224	347	60	
231	67	255	
262	89	149	
256	80	176	
224	298	63	
243	77	190	
282	135	98	
256	83	166	
233	222	71	
255	89	153	
284	127	101	
256	87	155	
277	101	130	
274	158	86	
241	73	211	
274	92	141	
272	92	144	
235	71	219	
242	201	75	
283	111	114	
273	95	139	
242	75	197	
235	69	223	
232	232	70	
284	104	120	
279	97	136	
281	109	117	
284	128	100	
272	160	84	
237	211	73	
236	72	216	
227	272	65	
246	183	77	
246	75	190	
233	229	70	
224	329	61	
227	259	66	
289	132	98	
281	151	89	
254	80	179	
275	155	85	
280	141	94	
283	141	91	
229	244	68	
260	80	174	
280	100	129	
283	137	93	
231	63	288	
285	153	88	
257	82	164	
271	162	85	
285	126	102	
282	103	125	
288	120	104	
244	200	75	
226	330	60	
283	148	89	
257	85	157	
257	79	180	
248	182	79	
240	203	74	
235	67	248	
223	252	67	
227	315	61	
262	171	81	
231	237	68	
236	68	236	
232	62	311	
281	97	135	
295	134	97	
227	64	285	
245	185	77	
242	72	209	
238	206	73	
290	116	108	
225	297	63	
246	197	75	
280	92	139	
291	108	117	
228	64	276	
232	235	69	
236	65	262	
271	86	153	
250	178	79	
301	95	136	
286	100	124	
263	170	82	
239	214	72	
226	286	62	
234	62	286	
284	131	99	
251	77	184	
289	96	136	
235	228	70	
274	88	148	
286	124	101	
236	61	321	
236	66	261	
266	80	170	
283	97	133	
230	265	65	
229	248	67	
293	114	111	
268	84	162	
271	163	84	
237	221	69	
284	102	125	
247	72	208	
291	109	114	
290	152	88	
239	66	252	
266	169	82	
236	234	69	
282	91	142	
245	201	74	
291	146	90	
283	86	145	
303	96	135	
304	135	96	
240	208	72	
291	129	99	
304	99	128	
287	154	87	
248	73	205	
292	107	117	
262	79	176	
227	280	64	
309	131	97	
275	166	81	
247	196	75	
292	150	88	
229	256	66	
301	94	137	
228	273	64	
301	131	98	
238	71	217	
289	112	113	
257	78	182	
253	182	78	
299	112	111	
312	134	95	
238	61	311	
301	153	87	
248	195	75	
306	95	131	
272	84	155	
253	74	200	
246	200	73	
252	190	76	
241	204	73	
239	67	244	
234	242	66	
303	97	131	
297	116	107	
269	169	81	
293	123	103	
321	100	122	
271	78	177	
254	180	78	
260	176	79	
293	105	118	
310	119	106	
251	193	75	
256	72	199	
251	199	73	
296	126	99	
298	144	90	
320	128	98	
279	86	152	
312	98	129	
239	69	216	
304	152	87	
232	254	66	
305	93	135	
270	83	162	
281	163	83	
252	75	186	
255	188	75	
251	73	204	
313	146	89	
358	133	96	
274	81	166	
290	111	113	
298	148	88	
308	152	86	
258	74	198	
254	198	74	
330	114	109	
233	264	65	
237	64	275	
247	70	212	
241	211	71	
233	63	281	
299	115	109	
252	72	202	
245	203	73	
320	140	90	
240	234	67	
284	162	82	
298	122	103	
317	149	87	
315	134	94	
296	156	84	
238	63	271	
294	90	142	
234	263	65	
263	179	77	
260	74	194	
255	196	74	
231	314	61	
266	76	183	
268	79	174	
266	174	78	
240	68	229	
229	284	63	
235	262	65	
242	67	241	
262	185	75	
243	213	70	
232	299	61	
274	171	80	
312	99	124	
250	72	206	
245	207	72	
231	363	58	
276	82	161	
294	160	82	
231	270	64	
230	327	60	
290	91	139	
314	95	128	
237	260	65	
240	65	259	
332	110	113	
272	76	179	
247	66	248	
300	120	103	
285	51	355	
233	277	63	
280	167	80	
247	203	72	
241	233	68	
326	146	88	
235	239	67	
259	195	74	
277	83	157	
240	61	284	
242	63	264	
281	79	168	
278	173	79	
238	255	65	
246	227	67	
231	322	59	
287	85	154	
315	154	85	
251	70	205	
246	67	235	
319	104	118	
307	94	133	
353	88	144	
281	80	166	
260	192	74	
235	267	64	
320	151	86	
241	65	256	
249	58	331	
278	78	175	
312	158	82	
247	207	71	
290	172	79	
268	181	76	
278	81	159	
294	164	80	
336	148	86	
263	74	191	
297	84	151	
338	152	85	
264	73	192	
255	198	73	
248	65	240	
236	353	58	
298	354	51	
291	170	79	
304	155	84	
237	266	64	
256	197	72	
233	315	60	
245	65	253	
253	199	72	
281	77	176	
272	177	77	
287	76	172	
238	264	64	
256	68	228	
261	190	74	
242	246	65	
260	196	72	
235	271	63	
321	157	83	
315	163	80	
322	154	83	
243	217	69	
284	166	80	
257	68	222	
288	173	78	
267	74	184	
244	64	259	
239	260	63	
266	195	72	
297	169	79	
250	205	71	
251	67	234	
312	83	154	
249	209	70	
248	226	68	
319	162	81	
339	152	84	
285	79	164	
289	175	77	
298	169	78	
276	180	74	
263	188	74	
272	188	73	
241	59	322	
252	67	233	
341	85	150	
249	223	68	
298	166	79	
237	276	61	
240	238	66	
291	82	157	
323	159	80	
251	57	358	
254	67	232	
286	178	74	
261	71	199	
254	204	71	
234	304	59	
308	78	171	
236	296	61	
269	71	195	
238	345	57	
287	75	177	
245	60	312	
246	62	271	
255	65	231	
240	258	64	
254	212	69	
236	268	63	
260	203	71	
295	174	77	
272	187	74	
297	80	163	
311	78	169	
259	56	334	
245	63	258	
260	66	229	
261	68	215	
252	219	68	
246	60	304	
262	202	71	
259	207	70	
269	73	191	
249	64	253	
243	254	64	
299	173	77	
337	81	156	
291	177	76	
269	68	211	
301	79	157	
260	68	221	
251	235	66	
267	201	71	
236	365	57	
302	165	79	
272	73	189	
267	66	220	
302	169	77	
295	175	76	
246	243	64	
319	76	168	
316	168	77	
269	198	70	
260	204	70	
323	163	78	
270	72	193	
276	194	72	
242	337	58	
252	223	67	
320	78	167	
245	250	64	
252	228	66	
273	71	188	
256	218	68	
262	210	69	
277	192	72	
292	74	182	
313	173	76	
273	68	204	
256	64	244	
251	237	65	
242	265	62	
245	59	314	
258	215	68	
270	69	209	
326	78	166	
290	73	186	
280	187	72	
247	60	302	
238	301	59	
283	70	199	
276	195	71	
263	206	69	
307	177	74	
282	186	73	
249	60	290	
293	72	181	
317	172	76	
241	295	60	
258	220	67	
313	75	172	
313	176	75	
292	185	73	
243	332	58	
245	256	63	
315	73	175	
262	214	68	
253	57	357	
258	61	270	
338	170	75	
325	175	75	
294	183	71	
331	77	166	
338	166	77	
262	55	330	
265	211	68	
254	57	338	
287	193	71	
259	62	263	
260	63	253	
250	59	301	
253	236	65	
330	174	75	
258	224	66	
275	67	218	
264	216	67	
271	204	69	
244	314	58	
259	232	65	
249	248	62	
293	69	197	
254	58	323	
310	182	73	
243	289	60	
290	191	70	
268	208	68	
266	64	239	
277	67	214	
282	197	70	
285	69	202	
274	200	69	
315	177	72	
317	176	74	
253	240	64	
241	360	56	
244	262	62	
294	70	193	
287	195	70	
267	63	252	
290	190	71	
261	221	66	
269	214	67	
268	63	248	
331	175	74	
264	226	64	
246	263	61	
261	61	261	
254	59	286	
291	187	71	
275	206	68	
271	65	230	
247	258	62	
244	283	60	
349	174	74	
258	239	64	
245	324	57	
291	50	404	
256	58	322	
264	61	259	
282	67	212	
275	211	67	
278	65	228	
275	64	237	
260	233	64	
258	58	293	
290	198	69	
269	219	66	
282	203	68	
329	71	187	
270	62	246	
254	244	63	
261	60	279	
266	62	253	
285	66	218	
306	70	188	
286	65	224	
289	67	203	
277	64	230	
244	298	59	
333	70	186	
270	218	65	
295	194	69	
275	63	243	
284	208	67	
305	408	50	
255	57	327	
247	278	60	
345	71	184	
297	65	217	
274	217	66	
266	225	65	
310	68	196	
309	190	68	
245	294	58	
285	200	68	
297	68	201	
299	66	216	
276	214	65	
255	240	63	
268	224	65	
246	319	56	
311	69	195	
319	187	70	
300	66	211	
278	63	242	
262	232	64	
289	64	219	
317	69	194	
287	205	67	
269	60	274	
282	63	235	
249	291	58	
253	274	60	
357	182	71	
327	69	190	
306	191	69	
302	199	68	
281	212	66	
253	261	61	
261	236	63	
282	64	228	
305	198	67	
330	184	69	
250	283	59	
290	202	67	
288	211	66	
305	197	68	
258	256	61	
258	57	323	
272	60	269	
254	273	60	
255	244	62	
315	66	210	
289	207	66	
306	196	68	
257	266	59	
269	61	257	
326	66	201	
322	66	208	
268	233	63	
343	69	188	
337	68	192	
270	222	64	
279	62	242	
267	59	283	
263	57	309	
303	65	212	
286	62	232	
272	61	251	
365	67	199	
265	249	61	
324	66	205	
273	60	264	
262	241	62	
273	230	63	
270	59	282	
252	280	59	
298	205	66	
252	301	57	
271	59	278	
291	63	231	
291	213	65	
282	62	239	
289	219	63	
261	263	60	
297	63	229	
300	211	65	
268	240	62	
255	276	59	
321	198	66	
334	194	67	
279	229	63	
273	237	62	
334	65	207	
279	60	263	
285	60	250	
300	63	227	
283	223	63	
279	58	270	
281	60	257	
262	262	60	
302	210	65	
293	61	249	
358	189	68	
304	64	218	
292	216	63	
265	260	60	
269	58	290	
268	245	61	
296	61	247	
303	207	65	
308	64	215	
306	63	223	
282	231	61	
268	54	379	
254	281	58	
266	259	60	
300	61	246	
267	57	302	
274	58	279	
268	257	60	
299	215	64	
263	56	319	
301	61	241	
308	206	64	
313	64	214	
302	212	64	
272	244	61	
272	256	60	
274	241	61	
324	63	221	
321	205	65	
273	254	60	
285	59	267	
303	62	228	
352	197	66	
326	203	65	
284	230	62	
349	63	220	
274	250	59	
373	196	65	
273	56	297	
305	209	64	
269	54	375	
277	238	61	
304	61	239	
291	59	259	
288	223	62	
259	297	57	
350	63	214	
349	200	65	
263	262	59	
258	278	58	
271	54	374	
309	61	235	
328	62	227	
272	54	350	
271	56	309	
256	313	56	
302	60	246	
279	249	60	
334	62	223	
262	291	57	
281	57	279	
280	242	60	
263	264	58	
268	260	59	
304	214	63	
300	49	400	
313	61	230	
270	259	59	
348	205	64	
306	60	239	
257	309	55	
319	213	63	
295	58	256	
305	221	61	
360	204	64	
262	350	54	
266	288	57	
327	211	63	
386	203	64	
315	372	49	
266	296	55	
311	219	61	
307	59	254	
301	228	60	
268	283	57	
339	208	63	
293	239	60	
332	61	228	
308	59	253	
275	55	326	
317	217	62	
309	59	249	
275	53	376	
303	226	61	
335	60	237	
295	238	60	
347	207	63	
318	214	62	
271	281	57	
280	55	322	
297	235	60	
358	205	63	
304	225	60	
288	249	59	
350	60	235	
273	278	57	
281	262	58	
310	59	245	
290	243	59	
279	52	417	
273	54	338	
264	336	54	
281	55	320	
294	56	274	
339	213	62	
356	60	234	
299	234	60	
284	256	58	
274	277	57	
283	55	307	
373	60	233	
300	232	60	
287	56	295	
346	210	62	
276	269	56	
267	291	56	
335	59	241	
292	56	286	
277	53	375	
306	57	272	
282	52	366	
296	241	59	
279	53	339	
364	207	62	
332	218	61	
313	58	254	
286	251	58	
273	281	56	
308	57	267	
360	215	61	
352	59	240	
297	240	59	
276	54	335	
328	58	252	
300	238	59	
278	264	57	
267	321	54	
282	53	330	
333	58	248	
310	237	59	
309	57	263	
290	249	58	
291	55	303	
324	224	59	
314	236	59	
317	230	58	
327	221	59	
293	247	58	
286	54	313	
289	263	57	
355	58	247	
294	55	295	
292	257	57	
326	57	262	
294	246	58	
331	57	261	
370	220	60	
296	244	58	
334	57	254	
374	217	60	
310	240	58	
323	228	59	
271	293	55	
274	306	54	
302	256	57	
307	54	290	
308	56	272	
276	347	53	
305	253	57	
313	238	57	
276	290	55	
326	56	270	
277	339	53	
309	245	57	
313	237	58	
332	56	266	
311	55	288	
284	286	55	
282	268	56	
290	54	312	
286	265	56	
318	55	285	
303	53	307	
352	56	261	
286	282	54	
281	333	53	
297	261	56	
321	55	283	
325	55	280	
280	298	54	
293	277	55	
312	243	57	
310	48	389	
300	258	56	
284	328	53	
340	226	57	
326	55	279	
328	55	275	
294	53	328	
305	257	55	
295	272	55	
285	296	53	
309	249	56	
336	403	48	
333	55	272	
283	297	54	
333	236	57	
296	270	55	
336	234	56	
290	52	353	
298	267	55	
284	339	52	
295	51	346	
336	233	57	
325	54	288	
325	248	55	
302	264	55	
329	245	55	
346	54	282	
301	52	343	
332	241	56	
303	52	328	
304	281	54	
306	273	54	
321	53	305	
290	337	52	
324	53	304	
291	336	52	
321	256	54	
327	53	293	
294	324	52	
322	255	55	
323	254	55	
309	271	53	
313	52	323	
310	270	54	
294	283	53	
313	263	54	
341	53	291	
296	322	52	
321	52	321	
300	311	52	
322	52	320	
352	241	54	
330	52	316	
308	372	50	
334	52	313	
304	343	51	
293	50	394	
340	51	309	
301	310	52	
303	300	52	
342	52	305	
325	253	54	
316	51	323	
294	50	387	
307	328	51	
345	251	54	
356	52	304	
359	52	298	
348	249	53	
297	50	379	
348	248	54	
308	285	52	
321	264	53	
306	50	375	
311	324	51	
310	50	368	
344	256	53	
314	370	50	
316	319	51	
317	355	50	
316	47	390	
334	51	321	
312	50	348	
317	272	52	
317	313	51	
348	388	47	
322	306	51	
318	346	50	
323	300	51	
336	50	326	
335	269	52	
321	343	50	
340	268	51	
326	339	50	
326	289	51	
344	260	52	
328	332	50	
332	324	50	
312	48	381	
331	281	51	
314	49	377	
334	313	50	
325	49	363	
322	369	49	
327	355	49	
340	304	50	
330	49	354	
346	296	50	
332	343	49	
346	49	342	
354	288	50	
334	333	49	
370	49	335	
357	284	50	
349	328	49	
361	277	50	
338	361	48	
354	324	49	
357	320	49	
361	313	49	
320	48	380	
366	312	49	
326	48	376	
370	305	49	
349	48	342	
381	302	49	
341	46	422	
363	394	46	
347	352	48	
351	349	48	
353	339	48	
357	322	48	
401	320	48	
340	47	379	
353	376	47	
355	47	374	
370	355	47	
371	342	47	
374	338	47	
378	331	47	
346	45	401	
368	382	46	
392	373	46	
399	362	46	
384	425	45	
