46	337	288	
47	322	287	
47	317	307	
48	302	306	
49	290	332	
50	281	302	
46	353	281	
51	271	308	
46	371	279	
47	356	278	
48	331	275	
48	347	268	
51	269	328	
52	267	319	
52	264	326	
48	365	266	
52	259	334	
49	328	265	
49	344	258	
53	257	310	
53	255	334	
54	250	289	
49	362	256	
50	347	255	
51	322	252	
54	247	316	
51	338	245	
54	245	325	
55	240	295	
51	356	243	
55	237	322	
53	322	241	
56	233	290	
53	326	239	
53	344	237	
57	223	296	
54	326	236	
54	338	235	
55	319	233	
55	337	231	
56	304	230	
56	320	223	
58	222	300	
59	216	290	
57	327	220	
60	215	289	
57	345	218	
61	211	289	
58	308	217	
59	299	216	
61	209	307	
59	302	215	
60	301	211	
62	208	283	
62	206	289	
62	201	295	
60	329	202	
63	200	299	
63	197	309	
64	194	289	
62	331	200	
63	331	199	
65	193	293	
64	307	196	
66	191	289	
66	189	302	
64	323	194	
66	187	306	
65	317	190	
67	185	302	
47	338	280	
67	184	305	
66	315	188	
68	180	296	
67	316	179	
50	301	279	
68	175	308	
48	318	299	
49	315	281	
49	308	290	
69	174	312	
71	171	286	
69	318	177	
48	330	282	
72	170	290	
71	300	175	
73	169	305	
73	167	340	
50	329	257	
71	310	171	
50	313	264	
49	311	288	
74	163	317	
50	297	295	
50	295	300	
72	316	169	
51	291	274	
75	160	305	
52	261	333	
73	312	167	
53	262	302	
51	286	294	
52	266	325	
50	307	274	
73	322	165	
76	159	309	
51	273	307	
53	267	290	
52	271	293	
78	156	283	
52	338	244	
74	297	162	
51	287	293	
53	304	243	
51	307	267	
50	306	275	
52	290	278	
52	277	291	
51	321	259	
52	288	284	
52	320	246	
52	300	262	
78	153	317	
51	305	271	
52	282	290	
76	327	161	
52	306	258	
52	287	286	
53	273	274	
51	311	266	
76	335	158	
79	152	321	
52	299	267	
52	316	255	
52	294	273	
81	149	295	
53	292	256	
78	295	157	
54	317	238	
53	266	301	
54	320	237	
78	312	152	
53	272	279	
53	284	268	
81	148	314	
82	147	320	
54	270	266	
55	315	235	
82	145	333	
54	258	285	
53	287	266	
54	282	253	
54	313	240	
55	239	321	
84	144	292	
81	318	151	
54	269	277	
54	266	282	
85	143	298	
81	324	150	
54	296	248	
55	261	272	
54	264	284	
85	141	311	
82	310	147	
54	312	241	
55	297	237	
54	281	264	
55	257	283	
55	273	259	
87	140	289	
55	285	250	
55	256	288	
55	274	258	
56	244	276	
55	259	281	
87	139	310	
55	242	294	
84	320	146	
56	296	236	
55	249	293	
55	294	246	
55	266	268	
87	137	323	
85	328	144	
56	278	243	
55	281	257	
55	271	264	
57	313	229	
56	263	260	
56	266	256	
57	316	228	
56	257	271	
90	135	288	
58	297	224	
55	284	251	
85	332	143	
56	289	242	
56	261	265	
56	275	247	
88	318	141	
57	272	241	
57	298	233	
56	256	274	
56	243	283	
57	282	240	
56	260	268	
57	249	262	
90	133	301	
57	234	282	
57	290	237	
57	261	249	
58	289	230	
89	330	138	
92	132	300	
58	271	237	
57	225	295	
57	236	281	
57	232	294	
57	248	268	
94	131	298	
58	237	270	
58	226	284	
58	245	260	
57	260	254	
94	129	331	
57	259	261	
59	294	219	
57	233	289	
58	287	236	
61	295	209	
91	324	136	
58	288	235	
59	278	226	
58	255	252	
58	268	247	
61	323	202	
95	128	320	
59	259	244	
58	236	279	
59	235	266	
59	227	276	
94	312	134	
58	254	259	
58	244	266	
96	127	324	
59	247	251	
62	294	208	
59	270	236	
60	280	225	
58	259	250	
59	218	289	
59	267	240	
62	307	207	
96	125	331	
59	225	283	
60	290	224	
62	319	204	
59	237	265	
59	275	234	
60	217	288	
95	322	131	
61	271	220	
59	241	262	
63	307	200	
59	229	275	
59	266	242	
59	255	250	
60	223	284	
60	231	268	
60	256	236	
59	258	249	
60	272	229	
61	282	217	
60	264	234	
63	293	204	
60	226	273	
61	218	277	
64	293	199	
60	238	254	
63	303	202	
99	124	292	
60	225	282	
60	248	246	
99	122	325	
61	258	227	
60	228	272	
60	277	226	
60	237	257	
61	228	260	
62	273	216	
60	233	267	
100	309	129	
60	253	242	
61	216	283	
62	276	215	
61	237	253	
61	222	275	
61	245	248	
62	286	212	
61	227	269	
61	224	274	
100	120	310	
61	247	243	
62	219	269	
61	243	252	
61	252	238	
62	210	282	
62	239	244	
101	310	128	
61	230	259	
64	199	283	
62	217	275	
62	291	209	
62	229	258	
62	227	259	
65	312	195	
62	270	219	
62	212	281	
62	232	255	
62	221	268	
62	249	230	
62	214	280	
62	265	223	
102	324	127	
62	226	267	
101	119	314	
63	215	269	
62	203	294	
63	275	211	
63	223	259	
63	270	213	
63	204	283	
64	287	202	
62	238	251	
63	230	247	
64	269	209	
62	244	242	
105	324	126	
63	209	277	
101	118	360	
63	292	208	
63	248	229	
66	300	190	
64	281	207	
63	240	239	
63	220	263	
63	259	221	
105	330	125	
64	213	265	
65	287	198	
104	114	318	
63	229	250	
63	228	253	
63	218	266	
65	305	197	
64	205	275	
63	265	218	
63	246	238	
64	220	253	
64	210	269	
63	236	246	
106	325	124	
66	281	196	
64	244	231	
63	254	228	
63	238	245	
64	218	259	
64	230	244	
64	239	236	
64	250	220	
65	280	205	
109	338	123	
64	237	241	
64	263	213	
64	201	282	
64	222	252	
67	299	189	
65	268	208	
64	215	264	
65	204	272	
64	207	274	
65	234	235	
65	284	204	
64	225	250	
65	216	253	
110	327	121	
67	310	185	
65	209	266	
65	275	207	
65	203	281	
65	221	247	
65	286	203	
67	190	290	
64	196	288	
65	241	223	
64	261	217	
64	212	268	
66	202	273	
66	299	193	
65	198	287	
66	267	204	
67	189	299	
67	280	192	
65	215	256	
65	231	239	
66	196	283	
66	262	206	
65	214	261	
65	257	216	
67	195	279	
105	113	333	
65	206	271	
66	198	282	
68	188	284	
65	226	245	
66	211	253	
65	239	229	
67	309	188	
65	211	265	
66	206	259	
65	265	209	
68	305	188	
66	193	287	
68	185	290	
74	168	305	
68	307	186	
68	310	179	
67	198	278	
66	230	236	
66	228	239	
66	279	201	
66	251	214	
106	112	337	
111	321	120	
67	201	276	
74	167	310	
67	205	263	
66	236	226	
65	220	250	
66	278	202	
69	292	183	
69	279	188	
67	194	284	
68	199	270	
66	225	242	
68	279	191	
66	257	211	
67	203	270	
67	261	202	
68	200	269	
66	254	213	
66	213	252	
68	191	279	
66	223	246	
107	111	338	
115	324	119	
68	285	190	
67	218	245	
65	247	222	
68	202	265	
68	203	262	
66	235	231	
67	274	200	
68	195	274	
69	273	189	
66	241	220	
67	227	229	
67	232	223	
67	220	244	
69	179	298	
67	215	251	
68	219	239	
67	223	243	
108	109	338	
66	249	219	
115	333	118	
68	272	198	
67	216	250	
70	304	180	
70	178	302	
66	208	258	
67	224	242	
67	248	216	
68	214	245	
68	196	273	
69	181	285	
67	210	257	
67	253	210	
70	177	304	
69	197	265	
68	193	278	
69	186	279	
69	196	266	
69	209	245	
68	205	257	
67	247	218	
68	226	233	
67	256	209	
68	278	197	
69	192	271	
117	316	117	
71	176	280	
68	270	201	
68	239	215	
68	222	238	
69	262	197	
67	259	208	
69	202	260	
69	204	251	
68	224	237	
69	185	280	
71	289	182	
68	248	211	
68	217	243	
68	253	206	
70	200	254	
108	107	351	
68	242	214	
69	224	229	
70	186	274	
118	309	116	
71	293	181	
70	272	185	
69	222	235	
70	180	289	
69	215	240	
69	211	244	
68	258	204	
70	192	266	
68	234	222	
70	203	249	
70	215	232	
70	197	260	
68	229	228	
68	252	210	
68	237	220	
69	226	227	
69	268	196	
68	231	227	
119	331	113	
69	244	210	
69	252	202	
69	218	239	
70	191	273	
70	181	280	
68	260	203	
70	230	215	
69	206	250	
70	208	243	
69	271	194	
72	299	172	
69	247	208	
70	278	184	
69	235	218	
70	196	263	
71	187	266	
69	207	249	
70	213	241	
72	298	173	
75	166	279	
111	106	345	
69	261	200	
71	193	255	
70	270	191	
72	292	180	
71	277	183	
70	225	221	
70	207	244	
71	197	250	
70	255	198	
71	182	272	
71	257	194	
71	221	224	
69	249	207	
75	165	293	
70	239	211	
69	238	215	
71	213	236	
71	209	241	
73	270	177	
70	248	203	
72	271	181	
70	205	248	
112	104	349	
71	224	221	
70	246	209	
71	204	247	
71	262	190	
71	212	240	
72	192	256	
74	169	302	
71	218	230	
71	238	207	
72	198	244	
72	208	236	
70	247	206	
70	243	210	
71	253	197	
72	191	258	
72	304	171	
73	310	169	
71	235	213	
70	254	201	
71	208	242	
73	289	173	
71	198	249	
72	203	242	
73	180	273	
72	218	220	
72	186	264	
72	214	225	
122	335	112	
70	228	219	
71	244	206	
77	309	160	
72	239	203	
71	250	202	
71	264	189	
72	213	232	
73	183	256	
71	252	200	
73	188	250	
72	229	212	
72	205	241	
72	246	198	
72	212	235	
72	263	185	
72	193	250	
71	226	218	
77	329	158	
73	178	276	
114	103	337	
73	207	234	
72	230	211	
73	295	171	
72	237	205	
73	212	228	
72	175	284	
73	206	235	
123	306	111	
71	229	215	
71	261	193	
73	205	236	
72	267	184	
77	290	161	
72	256	193	
72	260	189	
73	173	282	
72	225	217	
76	164	295	
73	250	191	
72	233	210	
72	258	191	
74	182	260	
73	201	241	
73	213	224	
73	176	278	
73	211	233	
72	219	219	
73	199	242	
73	181	272	
73	194	248	
74	179	272	
73	224	213	
116	101	359	
73	203	240	
72	234	209	
72	245	202	
78	276	159	
74	277	176	
74	209	220	
75	171	273	
75	177	263	
77	163	288	
124	327	110	
74	204	226	
73	239	199	
74	178	274	
72	236	207	
74	195	242	
75	278	167	
77	159	295	
74	290	171	
74	202	239	
73	229	207	
74	220	212	
73	246	195	
75	196	236	
73	257	186	
74	292	169	
74	228	205	
74	196	241	
73	237	203	
126	333	109	
73	226	211	
74	191	247	
79	155	287	
73	266	181	
73	245	198	
73	256	190	
75	191	242	
74	236	199	
75	241	191	
75	203	230	
76	165	283	
80	154	302	
118	100	316	
75	175	270	
74	187	254	
74	215	218	
74	262	181	
73	249	194	
74	249	187	
74	232	203	
75	202	233	
74	247	193	
74	227	207	
127	326	107	
76	186	242	
74	219	216	
76	181	248	
75	187	253	
75	201	234	
74	223	211	
75	261	177	
74	224	210	
75	217	211	
76	176	267	
74	269	180	
77	170	265	
78	161	277	
75	182	257	
75	257	181	
76	177	261	
83	145	307	
75	272	173	
75	230	199	
76	197	234	
76	192	240	
118	98	342	
75	237	195	
75	225	205	
76	170	277	
75	216	212	
75	293	166	
77	175	259	
76	202	228	
77	193	233	
75	212	217	
75	208	224	
76	178	260	
77	166	277	
74	255	186	
77	200	229	
77	192	234	
75	223	209	
76	294	163	
77	207	212	
76	180	259	
76	222	204	
75	256	183	
75	227	204	
77	177	255	
75	247	190	
78	167	262	
76	208	223	
76	215	216	
77	202	218	
75	254	185	
76	268	169	
75	236	197	
76	218	209	
77	199	230	
76	244	186	
75	228	203	
76	211	218	
76	240	187	
76	235	193	
77	187	240	
131	328	106	
77	198	231	
76	248	183	
77	288	163	
76	227	199	
77	234	191	
78	201	222	
78	172	256	
76	223	203	
77	218	204	
78	195	231	
77	230	195	
77	185	246	
77	247	179	
77	188	239	
77	180	252	
119	97	340	
76	264	173	
80	301	156	
78	199	226	
81	154	289	
78	198	229	
79	166	266	
78	191	238	
78	182	247	
77	213	210	
78	178	252	
78	223	197	
79	193	226	
78	184	245	
132	321	105	
76	237	191	
79	188	232	
80	308	154	
78	183	246	
82	148	299	
80	165	258	
78	213	204	
79	184	237	
78	180	251	
78	255	173	
78	200	225	
121	96	339	
79	178	247	
78	228	191	
80	162	274	
79	176	252	
77	243	183	
79	186	235	
79	181	241	
77	275	168	
79	200	220	
78	222	203	
78	232	187	
79	199	222	
82	273	154	
79	160	281	
78	206	216	
78	208	210	
133	307	104	
79	220	196	
82	295	153	
79	221	195	
79	198	225	
79	174	255	
77	267	172	
79	171	260	
80	163	273	
79	205	212	
80	190	226	
80	173	247	
80	158	279	
80	195	221	
78	274	164	
78	265	170	
81	164	256	
122	95	340	
78	240	179	
82	151	276	
80	179	244	
79	206	211	
79	203	217	
79	216	201	
79	266	161	
80	168	253	
81	277	156	
79	212	208	
78	252	177	
79	224	192	
81	160	276	
80	161	275	
79	290	158	
79	255	169	
79	204	216	
82	163	260	
80	200	219	
83	295	152	
79	211	209	
80	183	236	
77	246	181	
133	324	103	
82	160	264	
81	195	213	
80	202	216	
80	185	232	
80	206	208	
80	199	220	
78	239	183	
82	156	270	
81	174	245	
80	210	207	
81	178	243	
81	189	223	
80	182	240	
81	194	217	
79	249	175	
86	324	143	
83	296	151	
123	94	350	
79	238	179	
81	180	242	
80	216	200	
81	211	196	
81	181	239	
81	185	231	
79	234	183	
81	177	244	
82	176	234	
79	229	189	
83	150	280	
82	181	228	
83	308	150	
80	170	252	
135	330	102	
87	306	145	
81	204	206	
80	245	171	
81	206	202	
85	314	146	
81	169	250	
79	252	173	
84	290	150	
80	262	165	
83	149	290	
81	203	210	
88	138	314	
84	306	149	
125	93	326	
81	227	180	
81	220	192	
80	230	183	
81	193	219	
86	141	285	
87	310	144	
82	196	209	
83	168	244	
79	233	185	
81	226	190	
82	185	226	
82	190	220	
85	291	148	
81	216	195	
82	217	184	
80	241	175	
83	175	238	
138	328	100	
81	251	162	
83	163	250	
83	159	268	
83	284	153	
86	308	146	
83	162	262	
84	149	286	
83	186	215	
85	147	291	
83	174	242	
127	91	331	
83	155	274	
86	148	276	
83	199	208	
84	158	265	
81	271	159	
84	269	151	
84	161	256	
82	206	201	
84	162	252	
89	329	139	
87	293	147	
84	172	237	
83	180	232	
83	202	207	
82	204	203	
90	314	139	
82	232	175	
84	155	273	
85	154	272	
89	138	300	
84	157	267	
86	146	279	
82	210	200	
83	184	225	
85	160	254	
85	149	278	
89	293	142	
83	203	206	
85	155	267	
84	177	231	
84	159	264	
82	214	194	
87	294	146	
83	208	196	
83	210	193	
86	152	261	
85	156	264	
85	179	220	
84	194	206	
84	203	199	
85	157	258	
84	170	241	
81	244	174	
84	167	246	
84	185	219	
82	267	160	
82	216	192	
82	250	165	
82	242	172	
84	201	202	
85	193	207	
84	174	236	
83	204	200	
90	322	138	
85	166	244	
88	308	144	
83	243	163	
85	174	226	
84	249	154	
85	191	211	
82	272	158	
88	288	145	
140	332	99	
89	312	141	
84	207	185	
95	130	309	
83	235	173	
84	169	242	
85	169	238	
82	253	161	
87	150	255	
89	288	144	
85	164	249	
83	216	188	
85	194	201	
129	90	318	
83	226	183	
85	173	234	
85	165	248	
86	283	148	
85	168	240	
83	228	175	
85	190	212	
95	129	312	
84	225	172	
87	165	238	
85	206	189	
86	157	255	
85	290	149	
87	172	228	
87	164	242	
86	161	252	
87	167	234	
87	155	249	
84	223	183	
86	184	207	
85	202	197	
87	144	281	
87	148	274	
91	320	138	
84	239	167	
91	283	141	
85	185	218	
142	336	98	
86	173	230	
87	159	248	
86	155	260	
93	304	136	
85	215	176	
91	304	139	
88	147	278	
88	286	146	
92	315	138	
129	88	331	
88	149	259	
87	161	247	
86	180	218	
89	143	271	
86	201	197	
86	178	224	
85	205	196	
88	159	242	
87	281	149	
86	200	199	
87	173	224	
88	148	269	
87	171	230	
86	204	195	
85	228	164	
87	180	214	
86	193	205	
87	178	223	
87	199	194	
88	268	148	
87	200	192	
144	317	96	
88	170	233	
87	205	177	
97	125	309	
88	178	216	
87	190	205	
90	140	282	
87	194	199	
88	175	220	
88	163	240	
89	166	225	
103	118	300	
89	140	285	
84	216	184	
87	192	204	
89	268	147	
88	166	236	
97	127	296	
88	171	228	
89	148	261	
90	144	268	
87	193	203	
91	140	264	
89	161	231	
93	284	139	
88	196	194	
96	128	303	
85	260	153	
90	279	146	
87	183	211	
86	214	180	
89	158	246	
91	139	286	
91	134	292	
88	193	202	
88	190	203	
89	184	200	
90	284	144	
85	248	161	
88	154	253	
89	171	223	
89	176	214	
88	181	211	
87	202	191	
131	87	330	
87	261	152	
90	155	246	
90	147	265	
86	244	162	
92	139	268	
92	134	278	
90	171	212	
90	153	251	
85	223	173	
96	307	132	
88	204	181	
89	154	252	
91	154	239	
96	130	286	
96	129	297	
88	195	198	
89	178	210	
93	133	282	
86	206	188	
87	242	161	
91	146	253	
89	181	206	
91	263	144	
90	160	235	
94	292	137	
88	203	188	
89	175	218	
89	192	192	
87	246	158	
89	264	150	
91	152	243	
88	221	171	
95	302	134	
89	196	190	
91	159	233	
147	307	95	
89	202	181	
93	132	294	
91	145	255	
88	226	156	
90	168	217	
86	227	167	
90	148	257	
134	86	326	
91	151	247	
90	189	192	
88	220	173	
90	161	229	
87	225	165	
88	246	153	
100	123	296	
96	320	131	
90	250	151	
90	198	184	
89	215	170	
90	257	148	
88	260	152	
92	274	143	
90	177	209	
100	300	131	
91	165	228	
89	183	204	
96	293	136	
92	154	235	
92	150	249	
95	132	280	
149	312	94	
91	176	208	
92	164	226	
93	138	276	
91	167	215	
90	188	197	
93	266	142	
92	144	259	
137	84	350	
91	182	199	
92	179	193	
93	146	252	
97	128	295	
90	187	199	
98	126	300	
92	166	219	
87	214	176	
94	138	269	
96	300	134	
92	163	228	
91	192	182	
89	222	166	
95	134	267	
93	159	221	
97	271	138	
94	149	239	
94	142	251	
92	160	232	
94	277	141	
90	213	171	
97	305	133	
88	240	155	
92	173	210	
89	214	172	
97	298	134	
93	151	240	
92	158	234	
93	178	197	
97	129	290	
91	206	176	
95	283	139	
94	147	244	
91	188	195	
99	292	133	
97	285	137	
150	315	92	
98	291	134	
94	158	225	
96	273	140	
93	177	204	
91	219	163	
99	299	132	
93	156	234	
91	212	170	
91	256	150	
93	166	209	
91	196	178	
98	289	136	
105	320	127	
95	141	255	
92	258	147	
94	156	227	
92	245	150	
91	210	172	
94	171	204	
94	139	264	
93	153	239	
92	188	185	
95	269	141	
93	245	149	
106	318	125	
98	128	291	
93	165	215	
91	234	154	
110	309	123	
94	152	238	
97	131	279	
95	139	261	
94	257	144	
99	126	286	
91	216	166	
90	222	165	
95	155	231	
95	133	279	
95	146	248	
92	208	173	
106	307	126	
101	303	130	
96	153	231	
99	274	136	
93	163	219	
98	129	282	
96	137	264	
94	253	147	
96	133	271	
98	273	137	
100	284	134	
94	175	202	
140	81	327	
98	130	280	
101	122	303	
95	154	233	
97	145	247	
93	241	152	
96	152	233	
96	139	259	
93	187	184	
93	200	172	
101	289	131	
102	301	128	
95	163	213	
96	151	235	
89	237	155	
97	146	226	
92	213	161	
98	132	261	
95	148	243	
95	260	143	
97	138	251	
94	180	191	
95	160	217	
97	144	250	
95	177	185	
93	209	164	
102	120	308	
91	223	160	
96	148	241	
96	155	229	
95	240	146	
98	141	247	
107	322	124	
97	133	257	
96	147	243	
98	131	273	
97	261	141	
95	156	225	
95	175	200	
95	170	208	
103	121	291	
94	227	153	
96	167	203	
96	156	220	
98	269	139	
98	145	230	
94	233	150	
96	141	253	
94	165	211	
103	292	130	
97	153	214	
100	127	283	
154	313	91	
94	185	188	
99	130	277	
101	282	135	
108	314	124	
107	317	125	
102	122	288	
96	251	145	
96	170	202	
101	129	266	
92	217	157	
99	265	140	
103	285	131	
95	201	170	
94	191	181	
98	142	246	
96	176	189	
100	125	290	
102	275	134	
96	173	200	
96	160	215	
105	291	129	
101	126	270	
98	251	143	
104	115	317	
99	144	239	
95	197	173	
92	227	155	
106	113	321	
97	243	144	
107	112	325	
101	130	264	
95	192	178	
107	304	127	
104	117	315	
96	175	196	
99	267	139	
109	299	125	
95	234	149	
98	158	209	
102	125	274	
98	257	142	
100	265	138	
100	131	260	
100	139	238	
102	124	280	
97	165	209	
104	276	133	
106	117	299	
100	263	139	
95	206	167	
101	268	136	
97	174	189	
106	299	128	
96	186	181	
97	170	199	
108	111	332	
108	282	126	
97	166	207	
109	108	342	
158	327	90	
98	137	255	
107	306	126	
106	116	309	
99	260	141	
109	312	124	
95	196	177	
107	279	128	
101	248	140	
105	283	130	
99	164	190	
105	271	132	
112	302	122	
100	250	142	
99	141	246	
98	167	196	
97	189	173	
101	136	254	
103	265	134	
109	110	332	
103	119	299	
96	198	164	
97	169	202	
106	114	316	
110	107	329	
101	262	139	
102	137	245	
98	152	218	
103	120	298	
102	266	136	
94	224	156	
102	256	138	
109	111	331	
107	115	299	
96	230	152	
101	138	242	
102	250	139	
104	120	295	
95	225	155	
112	283	124	
106	287	129	
112	320	120	
110	111	320	
104	133	241	
97	181	184	
103	123	284	
100	163	194	
95	212	160	
97	238	148	
99	246	143	
95	199	172	
113	304	121	
98	151	225	
101	142	232	
116	295	118	
102	136	253	
106	278	130	
96	217	156	
162	325	89	
109	113	309	
108	112	323	
141	80	331	
97	232	151	
106	118	298	
104	256	136	
97	207	160	
98	181	182	
98	173	193	
98	210	152	
101	149	223	
103	136	249	
105	264	133	
100	162	201	
96	222	155	
105	120	286	
108	114	314	
98	188	177	
110	110	324	
107	118	287	
98	225	151	
98	234	146	
104	121	286	
110	112	310	
112	295	123	
98	190	172	
98	171	195	
96	215	157	
98	230	149	
99	182	179	
100	157	207	
105	123	269	
109	114	307	
113	311	120	
103	127	268	
102	131	259	
99	241	145	
102	148	214	
99	157	213	
106	122	273	
110	295	125	
103	130	263	
104	130	253	
100	185	169	
105	129	257	
107	274	130	
100	242	143	
104	126	266	
103	239	142	
112	106	339	
101	156	211	
100	237	145	
101	161	205	
114	105	329	
105	257	135	
100	229	148	
99	225	150	
99	184	178	
102	141	236	
107	116	298	
106	121	279	
100	241	144	
147	79	337	
100	175	187	
167	320	88	
99	179	183	
103	141	231	
103	251	138	
105	126	264	
111	108	328	
104	145	229	
98	202	163	
103	153	208	
112	282	125	
108	117	291	
104	159	204	
111	111	316	
111	110	321	
104	240	141	
112	109	311	
101	235	144	
103	147	218	
99	186	177	
104	144	230	
99	188	175	
105	145	222	
108	270	130	
107	267	132	
103	161	204	
103	138	241	
100	227	149	
100	233	147	
103	140	237	
111	113	300	
106	128	258	
103	234	143	
99	202	161	
105	141	226	
107	120	281	
108	272	129	
106	252	136	
105	138	240	
101	227	147	
107	246	134	
104	140	235	
113	106	323	
117	102	331	
101	197	165	
99	211	151	
104	160	203	
100	176	186	
103	146	225	
101	174	186	
114	301	120	
101	176	178	
102	168	187	
110	113	307	
105	244	140	
109	116	294	
105	132	245	
106	243	138	
106	138	238	
105	139	237	
102	228	145	
113	301	122	
101	196	166	
104	158	206	
108	119	285	
105	161	196	
100	203	158	
106	126	263	
114	278	121	
120	308	115	
106	125	268	
106	137	240	
107	138	229	
101	225	149	
106	140	230	
100	220	150	
109	262	130	
109	258	132	
107	259	133	
109	270	128	
104	162	192	
102	177	177	
111	112	307	
110	115	295	
103	189	166	
105	158	201	
107	127	262	
111	272	127	
107	125	267	
107	130	241	
107	137	237	
105	154	206	
109	119	277	
104	152	212	
102	175	182	
149	78	326	
171	288	87	
113	291	123	
110	117	281	
108	127	253	
107	239	136	
106	129	255	
108	124	261	
106	255	135	
111	116	285	
102	197	157	
106	144	220	
103	180	175	
102	220	147	
108	133	239	
106	239	140	
105	156	204	
111	114	299	
103	169	184	
105	233	141	
112	110	310	
112	112	303	
106	145	212	
110	121	271	
114	108	309	
107	128	257	
120	315	114	
112	114	289	
111	279	126	
113	111	285	
108	129	245	
106	150	209	
111	115	291	
106	158	196	
109	122	267	
118	306	117	
107	143	223	
108	137	233	
108	134	238	
105	230	144	
103	194	165	
109	126	257	
107	156	198	
103	198	156	
103	225	146	
109	135	229	
105	184	166	
113	113	282	
111	120	269	
111	266	129	
101	215	150	
115	292	120	
105	168	183	
110	257	133	
107	152	202	
112	276	126	
116	104	328	
114	107	316	
108	142	225	
113	274	125	
104	190	163	
114	110	299	
122	303	113	
106	232	143	
110	122	266	
111	248	132	
110	139	226	
105	183	171	
103	209	150	
111	117	280	
107	167	180	
109	142	217	
107	232	140	
112	249	131	
106	175	176	
152	77	333	
109	125	260	
104	219	145	
106	228	144	
107	227	143	
106	167	189	
111	122	263	
102	219	149	
173	311	85	
110	128	246	
112	117	265	
112	265	128	
110	141	221	
105	182	174	
115	105	324	
104	201	154	
110	125	257	
114	109	301	
111	126	249	
104	212	149	
107	160	195	
114	259	126	
108	148	211	
107	166	182	
115	106	315	
117	103	310	
108	150	201	
112	116	284	
109	231	138	
106	179	172	
110	134	233	
103	219	147	
113	252	129	
112	122	259	
108	227	141	
113	247	130	
104	196	161	
113	116	269	
111	137	224	
110	127	252	
110	161	191	
109	149	208	
112	123	258	
107	226	144	
111	130	236	
109	165	189	
110	138	228	
104	218	146	
112	125	253	
119	304	117	
115	107	312	
110	163	187	
107	195	161	
112	124	257	
117	104	298	
108	224	143	
107	171	179	
111	160	184	
105	217	146	
109	238	135	
120	303	116	
106	203	153	
114	277	123	
107	178	175	
110	148	209	
110	156	195	
112	139	221	
113	256	128	
108	155	196	
108	188	159	
109	144	216	
117	283	120	
120	295	117	
114	273	125	
112	146	207	
115	273	124	
107	180	171	
107	216	147	
118	283	119	
115	108	304	
107	181	170	
108	172	176	
113	128	241	
113	124	253	
153	76	356	
107	196	155	
113	119	263	
111	159	190	
115	265	125	
109	171	171	
107	188	165	
111	143	213	
111	141	220	
109	222	142	
112	132	229	
116	107	308	
106	206	151	
113	125	246	
109	154	200	
109	234	137	
108	210	147	
113	115	281	
112	243	134	
115	110	298	
112	141	215	
110	182	166	
117	106	296	
112	136	228	
113	122	256	
113	239	132	
110	165	186	
111	158	193	
110	223	140	
114	115	274	
113	145	206	
115	121	262	
112	153	193	
116	110	278	
113	136	215	
116	273	123	
111	153	200	
110	213	144	
119	292	118	
116	121	257	
115	109	299	
109	185	164	
117	265	123	
122	288	116	
113	148	204	
115	123	243	
116	108	303	
117	107	290	
114	125	241	
113	131	221	
109	209	146	
110	222	141	
114	114	281	
114	124	250	
114	144	210	
111	223	136	
110	179	170	
114	127	239	
112	152	196	
107	200	151	
112	172	167	
109	169	179	
116	109	288	
117	271	122	
116	117	261	
116	113	270	
113	154	189	
108	206	150	
111	218	142	
108	192	158	
120	288	118	
113	142	213	
114	148	196	
114	143	211	
110	170	178	
117	121	249	
125	319	110	
112	165	181	
114	129	237	
119	99	327	
118	277	120	
123	292	115	
116	120	259	
114	231	134	
111	183	163	
155	74	333	
109	208	149	
117	245	126	
115	147	200	
110	195	153	
115	247	128	
110	184	164	
118	255	123	
114	130	225	
112	159	188	
115	139	209	
177	309	84	
111	166	177	
115	246	129	
108	198	153	
113	164	176	
111	205	149	
115	115	268	
119	274	121	
111	190	155	
117	120	257	
111	186	162	
111	200	150	
122	282	118	
115	129	230	
116	239	131	
116	128	237	
112	204	143	
118	146	200	
115	144	206	
118	118	254	
111	169	175	
112	221	141	
120	276	119	
114	157	183	
112	181	163	
123	296	114	
119	98	332	
112	187	160	
110	190	158	
113	217	141	
127	324	109	
117	229	131	
113	222	137	
119	264	122	
111	209	145	
116	116	263	
117	128	228	
121	262	121	
118	145	204	
117	141	207	
117	124	234	
114	163	180	
113	173	166	
113	181	162	
114	152	191	
116	242	130	
123	286	116	
113	186	160	
114	221	140	
111	197	152	
126	313	110	
128	316	109	
121	275	120	
114	169	171	
114	214	141	
115	157	182	
115	216	139	
113	178	165	
119	138	203	
113	193	146	
114	135	219	
114	182	158	
115	151	195	
119	121	245	
122	264	120	
123	298	113	
113	187	158	
117	112	274	
123	285	117	
118	120	252	
123	280	118	
117	115	263	
117	109	282	
118	143	206	
116	138	213	
115	229	135	
116	245	128	
117	156	187	
115	168	175	
124	274	117	
128	321	108	
126	296	111	
112	190	154	
118	102	314	
115	159	180	
117	150	194	
120	110	267	
120	117	256	
181	323	83	
115	177	160	
124	286	115	
119	145	196	
118	242	128	
124	270	118	
120	107	277	
114	189	155	
118	147	199	
124	294	113	
121	97	318	
117	134	220	
119	119	251	
118	233	130	
122	274	119	
120	103	298	
119	116	261	
118	135	209	
116	159	172	
119	102	312	
115	162	179	
118	154	187	
118	151	192	
117	224	134	
127	306	110	
115	210	141	
116	129	224	
120	120	243	
119	244	125	
116	218	136	
118	134	216	
119	147	193	
115	184	157	
125	284	114	
120	105	292	
115	153	189	
119	127	233	
118	123	238	
120	259	122	
120	142	201	
124	260	119	
118	156	185	
120	98	331	
120	113	265	
120	116	258	
121	101	297	
120	132	215	
129	311	109	
120	125	231	
115	170	169	
130	303	108	
119	241	129	
130	314	107	
126	277	116	
120	115	261	
116	152	190	
115	187	155	
116	213	139	
121	118	248	
120	150	187	
115	173	165	
119	152	183	
120	236	128	
113	191	151	
121	114	262	
121	250	124	
121	121	233	
121	117	252	
120	144	200	
121	106	281	
122	96	334	
121	124	223	
127	287	113	
121	115	258	
122	115	253	
132	320	106	
155	72	336	
117	174	163	
117	162	171	
118	129	223	
117	216	136	
119	128	227	
118	169	168	
117	203	142	
121	143	192	
117	180	151	
120	224	133	
120	148	190	
117	158	176	
130	297	109	
119	134	213	
122	257	122	
120	241	127	
129	297	110	
122	99	313	
118	220	135	
126	280	115	
123	256	121	
114	203	144	
129	287	112	
121	129	217	
117	212	140	
121	119	247	
120	131	218	
123	114	256	
185	314	82	
123	248	122	
123	111	261	
121	104	296	
119	167	170	
116	180	159	
120	146	195	
124	258	120	
116	202	143	
120	168	163	
121	157	174	
122	141	198	
123	118	243	
124	95	333	
122	105	291	
123	102	292	
121	112	266	
123	108	270	
122	156	178	
118	211	140	
118	215	138	
118	201	141	
124	96	312	
125	269	117	
122	117	251	
122	136	208	
121	224	132	
123	100	309	
121	142	200	
119	215	134	
123	105	290	
127	270	114	
121	233	127	
122	112	265	
122	240	125	
118	176	160	
119	211	138	
119	207	140	
124	116	247	
122	120	237	
126	258	118	
121	231	130	
124	103	280	
121	131	212	
123	134	206	
122	152	182	
123	139	202	
115	192	147	
118	200	144	
122	148	185	
117	178	156	
129	293	111	
129	278	113	
120	165	169	
120	173	162	
124	238	124	
124	113	256	
122	222	128	
122	143	191	
116	191	148	
125	139	198	
121	214	133	
123	155	181	
132	295	107	
118	199	145	
122	126	222	
121	202	139	
124	99	306	
125	251	121	
124	118	242	
124	136	204	
121	164	166	
123	123	230	
121	175	161	
127	262	117	
118	190	149	
123	142	195	
123	147	189	
125	114	251	
124	127	219	
130	286	111	
121	189	145	
121	213	137	
124	115	252	
124	152	174	
123	232	126	
125	117	236	
127	252	120	
130	296	110	
118	177	157	
123	133	211	
124	244	123	
121	195	144	
124	112	259	
125	115	241	
121	210	138	
131	291	110	
125	100	290	
123	210	136	
120	186	150	
122	170	158	
124	106	272	
130	260	112	
122	151	184	
122	130	216	
124	109	265	
125	138	202	
189	312	81	
124	146	187	
120	200	141	
125	133	208	
125	141	194	
128	264	116	
125	137	203	
124	122	226	
122	207	138	
122	164	162	
123	129	212	
126	138	199	
122	163	165	
124	150	182	
126	113	254	
124	147	184	
127	111	256	
126	128	211	
123	236	125	
126	109	261	
122	194	143	
122	218	132	
120	189	148	
128	250	119	
127	133	199	
125	145	187	
125	238	122	
126	134	203	
126	250	121	
126	111	259	
125	98	303	
126	139	197	
125	120	235	
126	132	210	
125	157	171	
124	162	165	
123	230	127	
121	188	148	
125	108	268	
123	209	137	
124	101	296	
125	126	221	
126	121	232	
127	113	250	
125	99	298	
127	237	121	
123	211	135	
126	114	245	
126	95	309	
132	283	110	
127	120	234	
130	254	113	
119	179	152	
128	138	194	
125	101	289	
128	128	209	
122	199	139	
126	105	278	
129	267	115	
128	141	192	
132	269	111	
133	282	109	
128	110	255	
127	144	188	
124	176	156	
124	220	131	
125	150	178	
127	121	229	
126	123	218	
124	208	136	
125	200	135	
128	241	120	
128	257	117	
128	106	264	
123	181	147	
126	157	163	
123	177	155	
128	120	233	
127	108	265	
126	147	180	
128	130	207	
123	197	141	
128	112	254	
122	178	153	
127	116	235	
127	138	198	
127	126	215	
127	234	123	
128	105	272	
125	175	153	
126	209	133	
129	120	220	
129	253	118	
136	314	103	
137	326	102	
129	112	248	
159	70	337	
134	298	106	
128	145	179	
128	143	189	
124	217	132	
129	119	228	
124	225	127	
127	102	287	
126	236	122	
125	215	131	
129	141	188	
125	229	126	
126	215	129	
123	193	144	
128	100	279	
128	113	244	
125	174	155	
129	136	194	
122	188	146	
123	168	159	
127	93	325	
128	231	124	
128	132	206	
124	193	142	
133	291	108	
129	140	189	
128	104	277	
129	108	254	
127	156	173	
193	326	80	
128	92	320	
128	109	260	
127	97	302	
124	191	144	
126	122	224	
128	144	186	
138	310	102	
126	166	157	
130	116	227	
130	130	205	
131	109	248	
129	124	214	
127	98	300	
130	247	118	
126	99	294	
127	204	132	
126	192	140	
128	154	169	
129	102	271	
128	150	173	
130	136	193	
128	227	126	
136	299	105	
131	132	204	
128	125	217	
131	127	207	
129	114	235	
130	143	182	
125	167	158	
127	150	174	
125	189	143	
126	172	156	
129	228	121	
128	115	239	
127	122	222	
124	185	145	
134	268	110	
134	283	108	
129	105	268	
127	174	152	
131	138	192	
135	283	107	
139	320	101	
133	128	202	
127	221	127	
131	134	197	
128	98	293	
125	179	150	
131	246	117	
130	107	258	
129	92	313	
127	187	138	
131	112	245	
127	208	130	
129	224	126	
128	96	300	
132	130	204	
130	141	187	
127	172	155	
130	149	171	
131	126	213	
131	139	191	
136	289	106	
137	306	103	
128	122	221	
128	175	148	
132	231	119	
128	233	123	
130	113	239	
128	214	128	
129	99	287	
129	169	154	
126	186	144	
127	165	160	
129	226	125	
132	125	208	
131	142	186	
134	131	200	
133	138	189	
126	180	146	
132	134	191	
135	280	109	
131	104	263	
130	148	178	
138	273	104	
132	253	112	
130	232	120	
132	111	244	
130	119	224	
132	140	184	
128	161	159	
132	123	217	
129	97	297	
128	185	137	
131	217	126	
133	119	214	
132	141	182	
140	321	100	
133	247	114	
132	105	258	
133	133	195	
132	224	121	
136	277	108	
137	288	105	
130	93	307	
132	148	171	
133	111	239	
133	241	118	
197	320	79	
132	146	176	
130	155	162	
129	173	152	
131	227	120	
135	131	198	
140	315	101	
130	179	145	
133	115	231	
134	139	188	
130	98	291	
133	105	253	
141	318	99	
133	144	178	
131	95	294	
130	202	134	
133	124	208	
129	197	136	
132	118	223	
132	110	247	
130	167	151	
132	108	252	
133	218	123	
133	267	111	
132	101	275	
132	103	268	
131	152	165	
134	136	189	
133	113	237	
132	119	221	
131	198	129	
137	263	107	
131	99	283	
135	138	187	
135	129	201	
139	294	103	
132	98	283	
133	108	243	
134	127	204	
130	184	144	
135	135	188	
133	244	117	
133	161	154	
137	132	193	
133	143	180	
134	114	232	
134	264	111	
140	293	102	
136	130	200	
136	139	185	
136	121	209	
132	97	285	
130	195	135	
136	125	206	
133	208	127	
134	116	220	
135	113	232	
141	302	101	
131	174	143	
134	236	118	
133	102	267	
131	212	128	
135	147	172	
134	241	116	
135	109	237	
139	128	194	
136	115	223	
132	94	290	
137	142	177	
134	101	271	
133	99	276	
138	131	197	
135	145	176	
132	160	160	
135	103	263	
136	147	165	
165	69	343	
138	136	184	
135	106	247	
137	129	200	
134	104	257	
136	140	183	
131	172	150	
137	143	176	
142	304	100	
136	137	187	
138	123	202	
135	127	202	
134	110	239	
133	215	126	
135	114	231	
135	146	174	
132	202	128	
137	112	230	
138	248	111	
137	140	179	
132	172	142	
134	157	157	
137	144	174	
135	185	134	
135	235	115	
137	114	226	
138	132	190	
134	99	273	
139	136	183	
135	214	125	
200	315	78	
130	89	322	
136	145	169	
133	196	134	
137	124	206	
132	92	308	
135	101	267	
134	212	126	
135	102	265	
133	98	282	
132	168	147	
133	93	294	
139	125	199	
133	88	310	
136	237	112	
136	103	257	
138	118	218	
133	184	141	
135	229	118	
140	138	180	
139	134	188	
138	111	229	
136	98	274	
134	223	122	
138	260	110	
136	100	267	
133	153	164	
140	135	186	
143	304	99	
133	96	286	
137	101	256	
140	126	190	
134	182	140	
134	166	151	
136	216	122	
136	96	279	
135	193	133	
134	195	134	
139	120	211	
140	284	103	
139	118	216	
136	106	246	
139	141	178	
139	117	219	
141	131	186	
136	105	251	
137	154	162	
140	120	208	
135	156	156	
135	209	126	
133	92	303	
139	143	174	
135	165	153	
139	102	250	
137	107	241	
139	113	228	
136	210	125	
137	218	119	
139	142	175	
139	109	236	
136	220	121	
140	248	110	
140	117	215	
140	140	176	
139	114	221	
137	205	123	
141	135	185	
140	122	207	
135	196	131	
136	176	136	
142	301	101	
137	234	114	
141	137	182	
139	144	172	
139	119	213	
140	113	226	
139	110	235	
135	184	139	
140	151	161	
140	118	213	
139	262	109	
138	150	164	
137	99	268	
136	162	152	
137	105	249	
139	155	157	
167	68	331	
141	138	179	
136	205	127	
143	288	101	
138	85	335	
135	95	288	
140	116	218	
138	108	237	
139	230	115	
141	121	200	
142	256	109	
142	132	182	
140	110	233	
141	119	211	
134	90	306	
142	136	178	
138	160	149	
141	112	225	
142	134	180	
141	143	172	
141	139	178	
138	106	244	
139	154	160	
137	100	266	
145	284	97	
142	141	171	
140	103	248	
137	195	130	
141	113	223	
137	96	278	
137	95	281	
142	291	102	
141	114	218	
134	92	302	
140	270	106	
138	99	265	
137	160	155	
139	228	117	
137	98	271	
141	109	232	
138	97	274	
142	112	217	
136	91	295	
140	105	246	
206	316	77	
143	139	174	
137	169	146	
139	194	128	
143	119	205	
136	189	133	
144	117	208	
140	100	259	
140	262	107	
138	107	240	
143	281	102	
140	224	117	
139	106	243	
138	203	124	
141	125	197	
141	117	214	
135	91	302	
139	146	168	
142	116	215	
142	110	226	
133	87	325	
139	159	151	
137	92	289	
141	111	226	
142	258	108	
142	120	206	
143	142	162	
145	130	187	
139	193	132	
140	107	238	
137	199	128	
140	106	241	
140	108	236	
143	122	198	
138	215	121	
141	104	240	
142	261	106	
141	280	103	
138	94	285	
138	84	343	
144	138	174	
140	163	141	
140	153	159	
138	98	270	
141	147	160	
138	170	145	
140	149	164	
141	108	234	
140	192	129	
140	158	151	
142	210	122	
143	245	109	
138	202	127	
139	98	269	
144	272	105	
140	97	272	
145	125	195	
145	115	208	
139	244	111	
139	96	275	
141	107	236	
143	115	215	
145	129	189	
143	108	224	
145	256	105	
141	152	154	
140	98	267	
141	98	255	
141	187	129	
145	136	175	
140	198	127	
139	171	144	
146	121	193	
146	140	170	
136	87	313	
141	227	115	
143	105	234	
140	95	275	
141	222	118	
143	255	108	
142	131	184	
141	97	268	
146	129	186	
137	90	303	
144	120	198	
144	276	103	
144	135	179	
139	169	145	
140	101	253	
141	216	120	
140	94	277	
167	67	352	
143	214	120	
142	200	124	
142	107	235	
144	252	106	
147	127	184	
139	93	285	
139	182	134	
140	96	273	
142	100	247	
146	138	172	
146	111	211	
137	89	307	
145	133	179	
145	118	199	
146	135	178	
143	213	121	
143	111	223	
143	239	110	
142	217	118	
145	271	103	
143	231	114	
139	85	316	
140	173	138	
142	240	111	
144	234	112	
142	103	244	
144	141	170	
138	90	298	
143	151	158	
144	222	116	
141	96	271	
143	107	232	
149	130	181	
145	211	120	
145	111	218	
141	186	133	
147	133	177	
144	154	153	
146	275	102	
142	97	263	
143	208	122	
146	269	104	
147	132	181	
138	89	301	
147	125	191	
148	137	169	
148	140	164	
143	194	127	
146	117	207	
209	323	76	
140	93	280	
144	145	156	
143	196	126	
144	213	119	
140	91	285	
143	181	133	
142	95	269	
145	110	220	
141	95	273	
147	135	176	
145	214	117	
146	107	226	
142	160	147	
145	230	113	
146	282	100	
149	132	179	
146	204	120	
146	251	105	
144	101	241	
147	255	104	
146	155	151	
147	117	206	
143	184	132	
149	126	188	
140	87	292	
144	205	122	
142	159	150	
146	106	231	
148	136	171	
144	226	115	
145	103	234	
146	222	114	
148	121	192	
146	250	108	
143	95	267	
148	134	175	
148	123	190	
145	201	122	
144	179	134	
141	192	128	
143	169	139	
148	116	205	
149	278	99	
146	220	115	
146	233	111	
143	94	273	
146	199	124	
147	245	107	
150	129	182	
151	131	180	
146	158	150	
147	270	102	
147	109	222	
146	159	148	
149	116	202	
151	124	187	
144	97	259	
150	133	170	
146	182	130	
144	96	266	
148	243	108	
143	99	249	
151	132	176	
147	193	124	
141	91	284	
148	269	103	
143	92	278	
150	126	187	
148	114	209	
147	208	116	
152	131	178	
145	96	261	
144	175	136	
147	104	228	
142	91	280	
147	185	128	
144	160	143	
144	192	127	
149	119	197	
149	260	103	
149	155	143	
149	110	218	
147	226	113	
146	194	126	
145	174	134	
149	112	207	
148	228	112	
149	138	160	
152	130	180	
154	126	181	
171	66	340	
148	291	96	
152	122	184	
149	107	220	
145	151	155	
150	259	100	
150	239	108	
144	93	272	
148	153	153	
153	129	176	
149	228	110	
148	154	152	
152	120	194	
140	86	307	
148	107	223	
150	115	201	
141	89	288	
145	168	138	
145	94	267	
147	198	122	
148	178	132	
150	110	215	
147	102	236	
147	96	253	
144	98	252	
146	146	155	
148	190	123	
146	95	265	
146	151	154	
147	171	137	
149	149	152	
150	109	217	
151	122	190	
149	105	227	
151	153	151	
146	100	243	
142	84	321	
153	132	173	
152	118	197	
151	115	200	
152	119	196	
147	213	115	
149	199	119	
149	218	113	
151	113	206	
150	106	220	
148	249	106	
150	137	167	
147	95	255	
148	149	154	
213	333	75	
151	238	107	
147	99	248	
154	136	168	
155	128	179	
145	92	276	
144	90	286	
149	164	140	
150	170	136	
149	178	124	
154	116	195	
152	153	147	
147	219	114	
153	118	195	
148	96	250	
150	305	95	
153	120	189	
150	217	112	
152	114	205	
152	218	108	
148	99	243	
149	101	239	
154	131	170	
152	110	210	
151	105	219	
146	92	267	
141	85	308	
151	247	106	
152	140	158	
147	103	233	
151	172	133	
152	108	216	
148	94	259	
145	89	280	
148	183	129	
155	119	191	
153	152	147	
151	303	94	
153	113	201	
155	135	168	
156	127	180	
147	100	241	
150	164	139	
149	98	247	
144	91	279	
155	123	181	
150	103	228	
143	83	313	
150	105	225	
149	102	233	
153	109	211	
150	100	237	
151	137	164	
156	128	178	
152	242	104	
141	86	305	
150	146	153	
156	130	172	
146	91	272	
156	136	161	
152	297	94	
149	207	115	
150	162	142	
155	151	151	
148	197	122	
152	258	99	
158	124	179	
152	165	137	
151	174	132	
151	269	98	
154	111	209	
156	134	166	
155	118	193	
150	167	138	
157	128	175	
150	205	118	
145	86	299	
151	104	227	
153	252	101	
152	112	206	
151	100	234	
158	121	188	
149	189	122	
154	141	157	
154	157	141	
153	107	216	
158	127	177	
175	65	345	
151	193	120	
155	110	208	
150	98	245	
157	150	145	
151	171	135	
156	151	147	
148	93	261	
145	88	283	
154	115	199	
152	104	219	
151	210	114	
154	108	215	
151	98	242	
152	100	229	
150	97	246	
155	304	93	
152	169	136	
153	112	205	
157	133	162	
153	163	140	
151	177	129	
160	117	186	
156	111	202	
146	90	275	
152	99	239	
156	143	153	
156	115	195	
156	117	194	
152	201	114	
152	170	134	
155	108	214	
158	129	166	
157	146	151	
156	113	199	
159	118	189	
145	85	303	
158	119	190	
159	120	188	
153	165	129	
153	273	96	
159	125	173	
153	236	106	
153	296	95	
153	101	224	
155	162	135	
152	137	163	
156	107	211	
145	84	307	
159	115	193	
156	105	215	
155	154	146	
144	82	322	
157	132	167	
153	269	97	
154	163	139	
155	272	95	
155	109	210	
148	95	253	
150	94	256	
154	211	112	
157	149	148	
147	84	298	
158	128	172	
148	91	269	
160	120	183	
157	110	204	
155	161	137	
148	92	265	
156	114	198	
151	95	246	
215	296	74	
153	99	229	
148	85	287	
157	108	209	
154	229	107	
151	97	245	
155	249	103	
145	87	286	
153	98	239	
160	142	155	
146	85	302	
148	90	273	
147	89	277	
160	148	149	
157	114	196	
152	97	244	
151	92	254	
159	139	157	
155	193	119	
157	109	208	
161	121	182	
159	310	91	
157	157	138	
158	112	198	
149	92	264	
156	235	105	
154	200	116	
161	123	178	
151	90	263	
145	82	315	
153	97	243	
161	294	90	
161	116	189	
154	103	223	
159	124	176	
151	188	122	
158	109	207	
158	301	93	
160	144	152	
158	153	142	
150	88	271	
162	122	175	
161	138	153	
157	289	94	
161	147	149	
157	243	99	
148	87	279	
154	191	121	
156	197	118	
154	97	236	
158	106	213	
160	135	158	
147	83	310	
160	284	92	
157	102	219	
152	91	253	
159	114	195	
159	108	204	
153	96	245	
147	81	316	
156	186	120	
159	111	197	
152	177	128	
162	127	171	
156	250	100	
163	118	184	
152	93	251	
158	110	203	
162	145	149	
157	214	111	
159	229	106	
154	96	238	
161	127	172	
156	104	218	
158	107	209	
162	114	193	
161	148	143	
163	110	191	
161	112	196	
163	120	180	
160	132	165	
148	83	301	
178	62	304	
153	176	127	
159	106	208	
157	241	103	
155	102	223	
159	156	141	
155	208	113	
163	125	169	
155	191	120	
160	110	199	
157	104	215	
158	198	117	
160	152	137	
156	266	97	
158	105	214	
162	123	174	
148	79	322	
159	185	123	
163	143	150	
159	237	104	
153	94	249	
156	97	228	
158	196	118	
163	146	144	
155	175	127	
154	100	228	
164	130	163	
148	81	309	
154	254	100	
155	225	107	
162	126	172	
164	118	183	
162	130	165	
159	105	213	
162	109	200	
154	95	244	
160	184	123	
163	114	190	
164	134	161	
164	114	187	
159	195	118	
158	103	218	
158	216	109	
157	100	222	
165	121	177	
160	173	125	
154	94	247	
167	140	150	
159	231	105	
159	196	116	
160	107	204	
160	297	91	
159	162	134	
160	105	212	
152	89	268	
159	161	136	
151	86	282	
156	188	119	
166	117	182	
157	264	98	
159	275	94	
164	137	157	
159	209	110	
165	126	168	
161	182	121	
156	205	113	
160	103	217	
162	191	118	
163	322	89	
161	102	213	
155	94	240	
150	82	295	
167	133	159	
162	104	211	
166	124	168	
166	119	181	
163	159	136	
160	234	104	
160	238	102	
154	93	249	
169	132	160	
165	143	148	
158	263	95	
163	107	202	
222	293	73	
164	145	146	
165	128	167	
167	120	175	
152	87	278	
161	228	105	
165	137	156	
164	116	186	
165	136	157	
163	189	117	
162	162	132	
163	105	209	
161	199	114	
164	158	135	
162	222	107	
159	98	221	
164	300	89	
153	89	265	
163	206	109	
162	171	126	
159	257	97	
160	101	218	
152	90	261	
158	99	222	
153	87	275	
161	106	207	
167	119	178	
164	224	104	
157	96	228	
161	104	212	
166	126	165	
161	181	123	
152	84	285	
163	148	141	
167	116	184	
155	93	248	
155	92	250	
170	125	160	
150	80	318	
164	109	199	
166	121	172	
169	133	155	
164	202	109	
168	118	173	
164	106	204	
153	86	278	
167	136	156	
166	106	200	
168	135	156	
153	88	270	
164	179	119	
166	113	190	
162	232	101	
156	92	247	
161	230	104	
155	89	255	
166	161	131	
167	114	186	
164	103	208	
162	198	115	
158	95	236	
168	126	163	
166	109	194	
154	88	265	
154	89	263	
164	191	116	
155	86	265	
157	93	246	
170	135	149	
163	166	127	
169	141	146	
163	221	107	
166	144	147	
169	134	154	
168	112	188	
165	105	206	
163	196	115	
165	171	124	
168	115	185	
166	159	134	
164	213	107	
153	84	281	
169	113	183	
158	93	244	
166	155	136	
170	117	180	
151	80	309	
167	108	198	
170	131	155	
161	100	218	
163	99	215	
169	122	169	
165	164	130	
165	223	106	
165	178	120	
154	86	277	
165	196	111	
167	143	145	
157	91	248	
160	254	98	
168	151	140	
151	81	304	
169	116	182	
165	187	114	
152	83	289	
166	217	105	
166	105	205	
159	93	242	
169	146	143	
160	93	231	
168	159	130	
166	176	122	
169	125	167	
168	155	135	
161	274	93	
166	102	207	
171	113	180	
151	79	317	
169	108	195	
160	92	238	
168	157	133	
156	88	259	
172	143	139	
168	298	88	
165	101	211	
155	85	274	
171	117	176	
168	102	202	
168	107	198	
160	97	225	
170	142	141	
157	88	254	
171	111	189	
163	231	102	
164	172	125	
162	251	98	
170	115	182	
162	99	219	
167	169	124	
166	185	116	
158	90	249	
160	274	94	
175	123	166	
173	129	156	
165	225	102	
172	139	147	
170	112	187	
152	81	297	
162	283	91	
168	174	123	
170	154	131	
161	257	96	
166	212	107	
171	109	192	
161	270	94	
171	121	171	
162	237	100	
169	160	129	
172	151	138	
173	116	179	
164	256	96	
152	78	320	
170	107	195	
158	91	247	
174	118	171	
155	82	283	
168	156	134	
172	111	186	
169	106	198	
153	79	310	
167	211	107	
227	281	72	
173	110	184	
165	241	97	
167	165	127	
164	97	224	
163	250	98	
152	80	306	
152	82	293	
170	153	135	
168	182	118	
172	107	192	
153	77	324	
169	105	201	
161	94	226	
160	91	241	
173	121	169	
168	166	125	
174	116	175	
176	131	153	
168	100	211	
164	98	217	
174	141	136	
156	86	264	
169	209	107	
174	131	154	
164	242	98	
165	97	221	
169	174	119	
173	111	183	
176	121	165	
156	84	278	
171	171	123	
174	109	189	
167	214	106	
170	163	126	
167	219	103	
165	276	92	
170	102	200	
153	82	289	
168	194	113	
157	87	261	
175	114	179	
163	264	94	
160	89	248	
169	98	210	
154	80	298	
176	138	142	
156	85	265	
174	140	145	
174	105	194	
173	141	144	
162	96	225	
174	117	174	
176	134	151	
176	128	159	
173	105	198	
175	119	169	
179	124	158	
166	259	93	
170	206	108	
169	183	116	
176	115	177	
155	78	309	
169	101	209	
162	90	240	
165	93	224	
155	80	291	
157	84	273	
165	288	90	
165	239	98	
172	164	122	
171	186	113	
174	150	131	
179	135	145	
172	181	118	
168	201	109	
177	107	190	
177	126	157	
167	97	218	
160	87	256	
156	83	279	
170	100	208	
164	231	100	
165	255	96	
178	132	151	
172	161	128	
171	205	106	
166	94	221	
167	292	89	
154	79	305	
172	195	112	
169	165	125	
170	215	105	
161	92	235	
167	242	93	
177	109	179	
173	194	110	
179	122	164	
180	125	153	
174	177	118	
177	117	171	
172	101	203	
175	179	115	
178	113	175	
175	104	195	
180	118	166	
175	156	127	
163	95	225	
161	91	240	
160	83	263	
156	74	321	
167	225	99	
156	77	308	
162	88	252	
178	134	150	
171	202	108	
166	282	91	
179	116	172	
170	218	104	
166	234	99	
174	167	121	
173	159	128	
178	105	186	
166	275	92	
160	86	261	
180	121	163	
164	90	230	
173	193	112	
171	210	105	
167	268	91	
177	105	193	
158	83	277	
163	89	242	
170	94	217	
171	212	104	
177	118	169	
158	84	268	
174	184	115	
168	280	90	
163	87	250	
156	81	281	
168	219	101	
181	134	145	
156	78	295	
181	133	147	
175	187	112	
174	198	108	
182	120	162	
182	126	151	
170	97	216	
161	85	255	
173	97	204	
175	103	198	
182	115	172	
159	83	270	
180	146	135	
175	164	120	
179	161	124	
172	96	213	
163	88	249	
180	116	170	
175	192	111	
184	122	161	
169	283	89	
184	124	148	
172	218	102	
176	163	124	
178	155	130	
168	235	98	
164	88	242	
159	80	275	
175	184	113	
175	175	118	
172	204	107	
176	177	115	
181	110	178	
229	287	71	
177	101	197	
174	209	103	
181	149	134	
171	282	88	
174	101	202	
182	114	173	
183	116	169	
180	137	143	
186	123	157	
178	197	107	
178	103	194	
178	186	109	
181	173	116	
180	108	182	
180	154	127	
184	139	140	
182	112	176	
180	159	126	
177	190	111	
176	101	200	
168	92	224	
186	117	163	
182	148	133	
169	253	92	
156	80	285	
165	89	234	
169	235	97	
184	116	168	
181	103	192	
178	181	112	
177	193	110	
178	97	199	
182	171	115	
177	208	105	
177	174	117	
184	115	171	
170	277	90	
163	86	252	
184	133	143	
174	295	86	
157	76	308	
180	151	130	
164	87	247	
185	112	168	
188	122	160	
178	204	104	
170	232	98	
183	147	133	
183	124	156	
188	118	161	
183	107	184	
185	156	122	
177	217	102	
183	110	176	
157	79	289	
179	200	105	
169	90	223	
160	82	274	
175	94	212	
179	100	196	
180	161	122	
172	223	99	
182	101	190	
189	118	157	
183	149	132	
162	83	262	
185	132	147	
188	136	142	
184	142	134	
178	213	102	
190	137	139	
172	273	88	
183	164	118	
161	82	271	
182	151	128	
171	92	222	
186	140	137	
184	61	310	
174	96	208	
174	233	95	
166	86	246	
180	196	107	
163	83	260	
170	281	89	
180	102	194	
158	76	301	
181	180	114	
171	229	98	
166	88	241	
188	115	163	
172	93	220	
185	146	132	
184	106	181	
168	86	244	
181	192	106	
176	218	100	
189	131	142	
187	119	162	
188	131	147	
186	110	174	
169	265	91	
167	88	239	
186	147	131	
164	85	252	
189	139	138	
186	102	189	
164	83	259	
182	173	114	
172	234	97	
163	82	262	
188	123	156	
183	150	129	
180	211	99	
187	106	176	
172	272	90	
165	84	254	
169	84	242	
174	226	97	
173	89	217	
188	104	185	
159	79	288	
177	290	85	
159	75	315	
180	197	106	
173	261	90	
190	136	140	
182	181	110	
180	101	195	
190	129	144	
168	88	238	
186	179	112	
185	155	126	
162	81	272	
173	260	91	
188	145	131	
190	122	154	
161	77	287	
186	149	130	
158	78	293	
181	205	101	
184	105	184	
167	89	231	
186	163	121	
189	111	168	
167	84	251	
170	86	230	
187	148	127	
176	95	210	
163	79	267	
169	87	240	
168	83	250	
192	135	137	
186	169	117	
160	77	298	
189	153	126	
160	78	291	
178	96	207	
188	114	167	
190	143	133	
187	156	120	
184	189	108	
179	203	104	
156	72	329	
168	85	249	
191	117	157	
183	98	196	
188	176	113	
189	103	183	
190	155	120	
194	135	135	
176	93	213	
179	224	96	
183	100	195	
192	141	132	
234	312	70	
179	95	205	
193	121	155	
193	106	174	
182	199	105	
188	105	183	
183	202	104	
192	110	173	
161	74	309	
190	114	165	
193	133	141	
194	142	130	
165	83	257	
175	279	87	
192	122	153	
194	125	146	
173	268	88	
174	255	90	
190	154	123	
185	100	194	
185	281	83	
184	198	104	
188	166	117	
189	170	115	
179	92	209	
175	229	96	
175	286	86	
172	88	226	
192	113	164	
182	220	98	
189	105	182	
182	203	103	
193	109	172	
192	149	126	
191	116	159	
170	249	92	
177	240	94	
194	120	156	
181	95	203	
167	83	254	
185	197	102	
187	96	192	
187	188	107	
191	173	110	
194	122	152	
197	131	139	
190	102	188	
159	74	317	
186	187	108	
194	151	124	
190	165	116	
164	82	261	
192	105	180	
195	143	128	
191	163	119	
190	179	110	
187	182	109	
195	109	170	
163	78	282	
187	195	103	
164	81	263	
195	121	154	
161	73	320	
168	80	258	
191	102	185	
180	297	84	
178	230	94	
196	140	127	
194	112	166	
196	118	153	
163	76	295	
191	101	189	
198	123	145	
196	113	161	
193	104	179	
192	162	118	
194	130	143	
194	168	114	
162	75	303	
186	96	202	
182	94	207	
176	266	89	
189	99	191	
193	60	296	
175	254	91	
189	184	107	
179	234	92	
183	218	98	
192	101	188	
193	105	177	
182	221	97	
200	138	132	
196	108	168	
189	190	103	
196	160	117	
178	252	91	
184	97	197	
193	97	187	
169	81	256	
177	262	89	
202	130	142	
203	128	140	
200	122	147	
201	128	144	
184	209	100	
199	133	138	
195	111	166	
172	85	241	
167	81	261	
187	88	205	
180	89	215	
199	120	152	
164	78	271	
193	162	117	
198	112	161	
176	271	87	
194	103	182	
194	172	113	
185	215	98	
198	150	125	
198	114	159	
175	85	236	
179	248	89	
179	282	85	
195	152	121	
193	102	183	
170	82	255	
191	178	108	
187	95	201	
194	99	185	
192	186	102	
185	92	207	
170	83	246	
197	144	126	
198	116	158	
167	80	264	
164	76	287	
195	164	113	
200	106	170	
182	226	94	
183	220	96	
163	73	302	
164	77	283	
202	125	144	
187	207	100	
203	133	136	
171	82	248	
196	103	179	
204	118	149	
197	153	119	
183	90	209	
188	203	101	
201	148	124	
164	75	290	
189	93	200	
199	110	167	
162	73	315	
200	112	156	
201	135	133	
179	88	224	
176	85	226	
184	219	96	
203	111	162	
200	105	176	
195	104	178	
178	264	88	
162	71	318	
197	170	112	
189	210	98	
198	101	180	
202	132	138	
188	218	95	
180	271	86	
205	126	140	
194	101	183	
190	203	100	
202	110	166	
199	151	118	
180	236	90	
176	84	240	
200	117	153	
202	105	171	
198	161	116	
191	201	100	
196	104	177	
181	88	219	
188	217	97	
190	208	98	
190	95	196	
198	159	118	
165	77	275	
181	283	84	
200	109	167	
172	83	242	
195	183	107	
183	225	94	
203	110	164	
206	136	131	
205	130	139	
207	127	138	
189	214	97	
202	145	125	
241	285	69	
202	150	121	
209	127	136	
171	79	254	
201	104	176	
177	84	239	
199	103	178	
206	134	134	
197	185	105	
182	243	88	
182	260	87	
195	175	109	
184	223	95	
187	285	82	
198	180	107	
203	109	165	
197	172	111	
205	116	154	
168	79	260	
191	200	101	
181	87	223	
190	207	99	
183	227	93	
204	136	132	
178	83	233	
198	100	182	
198	162	115	
202	104	175	
204	143	122	
198	184	105	
206	121	148	
165	75	283	
202	103	177	
173	80	250	
200	157	114	
207	105	165	
198	168	111	
203	101	177	
194	196	100	
208	139	130	
191	205	99	
172	82	247	
207	125	142	
210	133	134	
203	147	124	
211	123	139	
190	94	198	
187	220	95	
166	74	297	
199	176	105	
206	110	162	
168	78	269	
190	211	97	
203	104	170	
211	118	145	
204	102	175	
190	216	95	
176	80	242	
210	113	155	
208	111	161	
211	115	149	
181	272	85	
194	95	195	
208	120	148	
209	134	130	
191	89	204	
182	86	221	
201	172	110	
204	109	164	
184	87	216	
194	199	99	
213	132	132	
210	139	127	
199	163	113	
163	71	311	
201	173	107	
169	75	267	
200	99	183	
168	75	281	
201	166	112	
198	93	193	
207	135	132	
186	223	92	
193	205	97	
192	92	202	
193	59	326	
209	110	157	
198	98	186	
191	215	96	
202	167	109	
204	100	180	
197	96	190	
209	109	163	
184	233	92	
205	103	171	
194	93	198	
192	214	96	
211	142	124	
170	77	263	
167	72	290	
166	70	319	
183	263	85	
213	137	129	
210	118	148	
216	129	135	
208	156	116	
200	98	185	
199	175	107	
197	195	101	
208	108	164	
195	297	80	
207	149	120	
214	119	144	
189	222	93	
179	84	231	
193	210	94	
210	109	162	
206	99	180	
200	185	101	
193	92	200	
202	163	111	
215	113	152	
199	95	191	
198	191	101	
179	81	237	
203	96	183	
211	141	125	
202	95	189	
210	151	117	
206	100	178	
194	204	96	
212	107	159	
216	131	134	
211	148	121	
191	283	81	
202	183	104	
215	138	126	
194	88	203	
186	229	91	
166	73	299	
216	122	143	
203	160	112	
184	84	230	
207	102	173	
185	270	84	
164	72	306	
184	246	87	
210	101	175	
195	198	98	
172	78	254	
183	85	224	
214	139	125	
198	89	198	
166	69	338	
185	83	228	
194	91	202	
216	136	128	
212	147	120	
187	86	219	
217	126	138	
200	194	100	
207	104	167	
215	137	127	
208	98	181	
208	150	119	
219	128	134	
205	170	108	
221	129	132	
210	153	116	
218	122	142	
214	97	176	
214	112	155	
216	117	146	
203	180	104	
203	94	189	
218	133	131	
219	121	143	
170	71	284	
192	87	212	
207	99	179	
187	85	221	
184	83	232	
177	79	245	
216	110	156	
217	142	119	
215	103	169	
188	83	220	
217	135	128	
212	102	171	
197	197	99	
214	101	172	
212	155	113	
211	149	119	
205	180	103	
202	92	197	
202	166	110	
215	105	163	
193	86	217	
218	126	137	
183	82	234	
185	256	86	
219	125	137	
217	128	135	
193	221	92	
217	112	154	
204	95	184	
205	185	100	
186	242	89	
209	99	178	
219	122	141	
217	114	151	
214	141	123	
221	132	131	
207	174	106	
202	195	97	
221	120	141	
210	98	179	
214	147	118	
209	157	113	
220	116	146	
205	92	190	
223	133	130	
195	220	92	
198	199	97	
217	110	155	
188	239	89	
243	291	68	
218	108	158	
206	165	110	
214	100	174	
208	172	107	
210	96	181	
189	234	90	
197	89	202	
219	134	128	
218	112	151	
196	216	91	
195	85	216	
221	125	136	
221	126	135	
221	124	137	
212	165	108	
221	114	148	
218	139	123	
203	93	192	
221	134	126	
174	76	258	
216	103	166	
209	179	104	
223	122	140	
216	102	168	
214	104	166	
210	159	111	
224	131	129	
209	171	107	
208	164	110	
214	154	113	
186	82	233	
221	110	152	
194	224	90	
207	188	98	
222	108	157	
215	152	116	
220	105	161	
196	85	213	
190	233	90	
196	207	94	
193	83	219	
170	73	283	
198	87	211	
221	119	143	
209	172	105	
165	71	310	
206	182	102	
217	138	125	
204	93	191	
203	90	197	
214	150	117	
217	118	144	
211	177	102	
206	94	186	
190	237	89	
187	81	229	
171	72	279	
219	100	168	
166	71	309	
214	168	107	
212	97	179	
220	104	163	
223	117	144	
225	127	132	
212	163	110	
188	269	83	
194	83	218	
202	86	210	
225	122	136	
223	128	133	
217	152	113	
216	98	174	
181	77	239	
169	68	307	
226	106	156	
220	150	116	
206	89	196	
224	130	130	
185	81	236	
226	119	140	
172	76	264	
167	71	295	
223	112	150	
168	70	316	
217	149	117	
203	200	96	
223	134	124	
221	115	147	
198	312	79	
225	117	142	
203	86	204	
214	155	111	
192	242	86	
223	139	118	
193	236	89	
187	251	86	
186	81	235	
226	133	127	
215	162	110	
189	256	85	
207	91	188	
217	164	107	
196	215	93	
212	171	106	
228	122	135	
199	58	332	
221	105	158	
212	175	104	
197	205	95	
201	85	212	
230	124	132	
194	241	87	
227	106	153	
194	235	89	
227	111	147	
178	75	254	
225	115	144	
227	129	131	
227	121	138	
214	95	182	
219	143	117	
219	102	167	
172	74	275	
189	265	84	
197	210	93	
221	102	165	
217	160	110	
209	180	101	
223	115	146	
194	240	88	
197	227	89	
219	161	108	
220	97	172	
215	169	105	
218	96	176	
220	151	115	
170	67	336	
230	129	128	
213	93	185	
189	82	221	
226	114	146	
186	79	238	
221	149	116	
195	237	85	
225	138	122	
205	202	94	
225	107	157	
211	92	187	
224	103	164	
187	80	237	
229	127	131	
223	104	161	
217	172	104	
215	94	184	
231	118	139	
229	129	130	
221	150	115	
192	280	82	
206	87	202	
219	95	180	
224	147	116	
207	196	95	
189	80	226	
197	84	217	
209	90	195	
214	175	103	
233	127	127	
223	99	166	
173	74	270	
191	256	83	
218	158	110	
218	168	106	
227	103	163	
227	137	123	
217	94	183	
221	97	171	
199	295	79	
233	133	126	
208	88	201	
233	116	143	
225	145	114	
175	74	263	
201	215	89	
202	206	94	
199	84	213	
232	109	151	
196	235	87	
224	149	115	
229	121	137	
211	182	100	
211	90	194	
233	118	138	
232	128	130	
208	191	97	
210	187	98	
192	250	84	
193	267	82	
233	113	144	
219	166	106	
229	109	152	
217	154	111	
219	94	182	
210	86	200	
201	212	92	
228	102	163	
203	85	208	
228	103	161	
219	160	109	
231	117	140	
227	104	160	
203	209	93	
231	112	146	
229	134	123	
212	89	192	
221	94	179	
234	132	123	
212	185	96	
235	113	142	
197	223	90	
218	172	101	
216	93	184	
232	110	150	
197	233	88	
213	87	199	
237	123	128	
230	136	122	
221	168	104	
233	125	131	
235	118	136	
171	69	300	
196	293	80	
228	101	164	
220	153	108	
233	120	137	
204	208	92	
174	73	274	
227	146	112	
217	177	101	
200	221	87	
228	138	119	
216	91	186	
225	94	178	
230	104	159	
176	75	262	
188	77	237	
224	93	183	
221	163	106	
214	88	194	
211	195	94	
233	104	157	
199	80	217	
206	202	93	
233	106	152	
235	110	149	
199	232	88	
240	131	123	
220	164	106	
224	96	174	
239	116	141	
210	84	201	
214	181	100	
215	90	191	
198	226	89	
190	78	232	
224	152	110	
229	102	161	
215	181	99	
217	92	185	
221	167	105	
227	94	177	
237	118	134	
230	103	160	
224	98	167	
203	84	212	
237	109	147	
225	92	182	
199	82	216	
232	103	158	
222	159	107	
231	137	119	
192	81	223	
183	76	250	
197	290	80	
234	105	156	
193	279	81	
248	297	67	
218	177	99	
219	89	190	
203	287	78	
241	117	138	
209	201	93	
205	84	211	
237	108	149	
208	85	207	
229	100	165	
233	101	163	
201	83	214	
231	142	113	
222	165	105	
228	95	176	
240	130	126	
208	86	203	
203	214	91	
240	115	140	
221	171	103	
226	92	179	
237	112	145	
234	135	122	
171	67	319	
176	73	270	
230	142	117	
221	89	189	
209	83	209	
239	122	132	
243	110	144	
229	95	173	
233	136	121	
209	85	204	
205	208	90	
237	103	155	
232	98	164	
172	70	295	
198	264	80	
234	100	159	
225	167	102	
199	233	85	
187	78	238	
215	87	197	
226	97	169	
242	128	126	
244	115	139	
242	112	143	
223	90	185	
241	130	122	
230	96	171	
225	161	106	
195	269	81	
216	183	98	
208	204	89	
233	141	115	
239	106	150	
186	76	246	
241	135	120	
229	161	103	
241	105	148	
241	114	140	
229	148	111	
245	121	129	
196	78	230	
215	193	94	
174	72	276	
183	73	258	
227	166	104	
232	92	175	
227	89	183	
222	88	193	
242	117	137	
180	70	269	
223	171	102	
196	80	224	
221	86	196	
247	115	137	
238	139	117	
230	93	177	
244	129	125	
210	82	212	
205	57	308	
222	176	98	
243	134	121	
217	84	199	
194	263	82	
187	72	253	
233	96	168	
228	158	107	
219	182	98	
225	84	192	
204	214	88	
239	101	156	
173	70	291	
200	78	226	
234	137	118	
201	289	79	
228	159	106	
223	87	195	
250	120	132	
212	196	93	
244	111	141	
216	189	94	
179	70	270	
241	100	154	
235	95	170	
195	249	84	
189	75	248	
220	85	198	
244	126	127	
246	117	136	
224	175	100	
223	89	187	
177	71	280	
240	98	162	
245	126	123	
244	109	145	
233	149	110	
233	90	182	
227	87	191	
242	135	118	
191	76	245	
236	93	174	
238	97	167	
230	155	105	
174	66	334	
224	184	94	
197	240	84	
247	133	120	
214	199	92	
207	272	77	
250	114	138	
196	252	83	
244	106	147	
241	140	114	
192	74	243	
226	174	98	
244	134	119	
230	88	186	
247	113	140	
241	104	153	
233	91	181	
229	165	101	
214	83	203	
251	119	133	
229	152	109	
224	181	97	
237	94	172	
199	247	82	
177	68	289	
214	85	200	
241	138	116	
239	97	165	
253	125	123	
249	117	135	
210	81	215	
251	115	135	
249	132	121	
174	69	295	
228	172	98	
235	91	178	
252	107	146	
196	77	236	
195	75	240	
211	81	210	
201	230	86	
202	79	225	
244	104	152	
247	110	143	
178	70	283	
203	262	79	
235	151	109	
241	99	161	
254	111	139	
240	147	109	
242	137	117	
253	119	131	
244	93	167	
200	77	231	
226	175	96	
248	109	142	
241	144	110	
254	116	133	
252	112	140	
208	79	223	
176	66	331	
253	124	125	
219	185	93	
253	117	134	
243	94	168	
197	246	83	
245	103	152	
252	131	121	
241	92	170	
211	283	76	
252	108	145	
217	194	93	
237	148	109	
243	98	160	
239	151	107	
184	72	263	
207	210	87	
247	104	151	
236	141	114	
240	100	157	
234	154	107	
243	97	163	
256	114	137	
212	82	209	
254	131	119	
174	67	313	
244	95	166	
230	171	100	
236	89	180	
218	198	91	
256	111	138	
232	87	187	
248	136	116	
197	75	238	
203	227	86	
189	74	250	
246	139	115	
251	133	119	
177	66	325	
249	129	122	
211	79	216	
258	118	129	
253	122	128	
235	158	104	
255	117	132	
177	65	327	
214	80	208	
255	122	126	
247	137	116	
256	129	120	
248	99	159	
235	169	99	
250	134	118	
254	108	144	
248	104	148	
247	95	165	
242	91	176	
258	113	135	
251	110	141	
222	197	92	
223	82	206	
214	272	75	
248	142	112	
250	102	153	
200	76	236	
253	134	117	
257	107	145	
233	164	101	
249	138	115	
200	260	81	
236	87	184	
239	141	113	
257	103	147	
240	90	179	
254	128	122	
205	78	225	
245	147	108	
247	97	161	
249	98	158	
202	238	84	
219	83	200	
254	106	146	
236	154	105	
248	96	164	
233	86	190	
223	196	92	
259	121	128	
206	224	86	
254	133	116	
259	108	143	
252	139	113	
203	77	229	
202	231	85	
236	163	102	
261	115	133	
260	110	140	
257	102	152	
212	78	217	
175	67	308	
233	171	99	
203	242	83	
204	73	235	
250	136	115	
260	107	144	
241	167	98	
242	89	178	
224	194	92	
224	81	204	
256	273	66	
250	140	112	
239	157	102	
257	109	141	
246	91	175	
252	99	156	
242	153	106	
249	96	163	
206	235	84	
263	112	135	
262	127	121	
231	182	95	
258	105	145	
204	75	234	
222	198	90	
256	135	114	
205	229	85	
180	66	276	
249	143	109	
257	98	153	
238	88	183	
257	132	117	
264	107	141	
206	76	225	
258	128	121	
261	120	127	
238	154	104	
261	116	131	
201	251	80	
243	90	177	
234	86	188	
256	116	132	
258	100	151	
261	123	125	
262	110	138	
247	91	174	
205	76	233	
209	220	85	
261	107	143	
264	114	133	
266	123	123	
248	97	160	
249	149	105	
244	151	104	
255	96	162	
185	67	267	
253	94	164	
262	130	117	
245	88	179	
225	193	92	
266	108	140	
226	82	200	
191	73	251	
226	83	198	
224	196	90	
262	106	144	
251	93	165	
242	161	99	
245	90	176	
253	141	111	
269	126	120	
204	277	78	
249	90	173	
265	110	137	
233	178	95	
206	241	83	
234	83	191	
261	102	149	
207	234	84	
263	118	128	
226	191	91	
263	117	129	
259	93	158	
256	98	156	
256	96	161	
239	171	98	
266	121	126	
185	71	264	
201	74	237	
265	128	119	
231	174	97	
217	79	214	
255	99	155	
268	122	124	
259	138	113	
265	115	131	
256	95	162	
239	86	187	
207	237	83	
192	73	248	
248	89	174	
211	231	84	
267	108	139	
266	113	134	
235	85	188	
265	106	143	
265	104	146	
250	91	169	
231	83	196	
217	204	88	
271	124	122	
257	139	112	
212	76	222	
196	74	242	
245	87	183	
235	173	96	
232	182	93	
247	89	177	
251	147	106	
207	56	338	
267	111	135	
242	85	186	
255	146	108	
206	243	81	
269	105	144	
261	132	115	
214	217	86	
260	137	113	
178	66	301	
254	142	110	
229	187	90	
264	119	127	
223	202	89	
220	79	213	
268	120	126	
270	114	130	
270	119	124	
188	69	263	
255	140	111	
264	101	150	
240	155	103	
269	114	132	
274	108	137	
247	87	182	
239	172	96	
266	104	145	
267	106	141	
245	86	184	
269	112	133	
195	73	246	
262	136	111	
264	102	147	
212	227	82	
253	92	166	
261	96	157	
189	71	255	
222	78	212	
257	143	108	
235	82	199	
270	128	118	
258	93	161	
231	81	203	
277	123	121	
226	79	207	
270	105	143	
211	73	233	
266	102	146	
258	139	110	
235	180	94	
210	236	82	
244	160	101	
250	85	179	
244	171	97	
269	107	139	
248	88	177	
179	67	300	
234	174	96	
274	110	136	
222	76	213	
265	101	149	
227	200	89	
225	79	209	
215	77	219	
272	118	127	
277	117	127	
236	82	197	
232	81	202	
271	116	129	
236	177	93	
271	104	144	
255	90	172	
267	133	114	
213	74	228	
271	127	118	
203	72	245	
269	130	116	
263	97	156	
258	146	107	
226	80	206	
217	216	86	
193	71	250	
208	240	81	
271	121	123	
276	113	132	
238	84	190	
257	142	109	
259	98	152	
249	158	99	
247	167	97	
247	86	183	
267	100	148	
254	153	101	
235	81	201	
271	105	142	
268	133	113	
267	103	145	
276	110	134	
236	176	95	
220	209	85	
231	78	205	
271	129	116	
246	156	102	
261	90	167	
206	257	78	
277	125	120	
244	84	187	
261	143	107	
265	97	155	
230	197	89	
276	104	141	
281	117	126	
275	109	136	
254	91	168	
243	166	98	
255	88	176	
276	126	118	
230	186	92	
276	105	140	
237	79	199	
281	113	128	
213	225	84	
239	81	195	
275	115	129	
181	68	272	
262	141	109	
266	99	151	
236	80	203	
242	175	92	
257	89	173	
248	85	184	
225	203	88	
221	206	87	
201	72	248	
215	218	85	
274	101	144	
248	160	100	
282	111	132	
281	121	121	
272	131	115	
260	92	164	
272	101	147	
277	111	133	
237	182	92	
281	128	116	
281	105	138	
256	87	177	
270	95	154	
260	146	106	
247	171	96	
255	148	105	
266	97	152	
248	165	97	
257	88	174	
260	91	166	
250	157	100	
279	124	119	
262	150	104	
245	173	95	
227	202	88	
262	142	107	
272	132	114	
260	89	172	
269	135	110	
210	74	234	
214	223	84	
268	139	108	
257	152	103	
271	99	150	
277	106	139	
276	109	135	
286	115	126	
286	118	125	
268	137	110	
249	82	192	
248	169	95	
280	108	136	
229	201	88	
226	78	211	
278	102	143	
215	75	223	
275	120	123	
247	83	189	
249	162	97	
280	129	115	
287	112	131	
264	145	105	
232	196	89	
219	76	220	
268	92	157	
204	258	79	
263	89	170	
263	149	103	
192	70	261	
282	127	116	
281	107	136	
268	97	151	
238	176	93	
251	84	185	
267	141	108	
279	131	113	
224	204	86	
277	99	148	
270	133	112	
289	123	120	
282	110	133	
231	200	87	
216	218	84	
265	92	162	
257	87	176	
234	194	88	
281	108	134	
280	100	147	
261	88	172	
267	90	165	
278	132	112	
279	102	142	
266	142	106	
237	186	89	
292	116	125	
282	125	118	
294	118	123	
265	148	103	
231	199	88	
193	70	254	
209	246	80	
285	119	123	
274	96	150	
205	72	243	
289	112	128	
290	120	122	
248	83	188	
251	168	96	
283	126	116	
259	84	178	
261	87	175	
262	152	100	
270	138	108	
291	110	131	
285	104	140	
281	130	112	
229	202	87	
239	184	87	
290	121	120	
246	173	92	
256	84	183	
286	110	132	
234	196	86	
281	100	144	
268	91	164	
285	106	137	
217	219	82	
250	80	191	
267	89	166	
295	121	119	
294	109	131	
236	192	87	
273	96	153	
268	147	104	
251	83	187	
285	102	141	
268	141	106	
258	156	99	
252	163	96	
277	133	111	
262	86	176	
264	87	174	
288	128	114	
289	124	118	
278	97	149	
228	77	212	
207	71	240	
263	151	101	
257	158	98	
265	87	171	
267	92	160	
207	251	79	
290	114	127	
294	117	124	
243	79	197	
213	239	81	
205	71	247	
260	283	65	
251	81	188	
274	136	109	
281	99	147	
289	125	117	
289	107	134	
297	119	122	
273	90	162	
287	103	139	
281	129	114	
221	75	221	
299	120	121	
292	111	130	
259	83	180	
230	201	87	
235	77	205	
266	144	105	
286	106	136	
276	94	156	
274	146	104	
216	230	81	
243	182	91	
270	140	107	
271	87	168	
251	169	94	
219	73	226	
220	214	84	
285	101	143	
267	149	102	
279	97	148	
290	105	137	
290	127	115	
212	241	79	
297	123	117	
295	107	133	
287	98	145	
296	114	124	
268	86	174	
248	80	195	
295	124	117	
257	166	95	
213	71	238	
294	113	127	
301	115	123	
291	104	138	
226	75	220	
276	143	104	
284	95	153	
275	145	102	
280	134	110	
277	94	154	
304	118	122	
216	72	229	
206	71	243	
274	147	101	
300	119	121	
303	110	129	
277	138	106	
295	125	116	
293	106	135	
195	68	262	
300	120	120	
299	109	130	
241	78	204	
283	98	147	
227	74	223	
279	135	108	
289	128	113	
283	131	110	
286	101	142	
204	70	251	
228	75	219	
277	90	161	
244	181	91	
210	268	77	
293	105	136	
295	126	113	
213	257	76	
263	85	177	
257	82	187	
196	69	259	
259	160	96	
303	122	117	
300	107	131	
232	202	86	
215	72	236	
275	144	104	
285	95	148	
283	142	103	
295	102	139	
246	78	198	
281	93	156	
290	100	143	
297	104	137	
292	127	114	
228	207	85	
232	75	218	
181	64	292	
271	148	101	
210	250	79	
304	112	125	
247	180	90	
262	155	99	
277	89	163	
306	117	122	
214	55	326	
308	117	121	
304	110	128	
301	124	116	
302	105	134	
281	91	159	
269	86	171	
236	75	212	
269	85	175	
262	80	186	
222	212	83	
293	101	141	
297	103	138	
305	119	119	
233	74	214	
281	134	108	
292	99	142	
268	154	98	
280	86	167	
251	172	93	
302	124	115	
244	183	88	
285	93	152	
205	70	250	
217	236	80	
284	141	105	
248	178	90	
285	90	154	
303	121	118	
239	76	209	
233	201	84	
294	128	111	
228	74	221	
200	69	256	
221	218	83	
264	82	183	
287	137	107	
292	97	147	
260	162	95	
306	103	136	
258	162	96	
229	205	85	
258	166	94	
264	158	97	
208	69	242	
254	171	93	
270	151	100	
282	87	166	
304	123	116	
303	106	133	
302	101	140	
315	116	121	
252	78	196	
228	209	84	
212	247	78	
300	102	137	
311	110	126	
292	133	109	
317	118	119	
285	140	105	
276	144	103	
272	84	172	
268	153	99	
307	108	128	
232	73	220	
306	100	141	
295	97	145	
284	90	157	
289	136	107	
308	120	118	
245	77	204	
258	170	92	
256	79	192	
252	176	91	
309	104	135	
309	124	113	
284	88	164	
206	69	253	
297	97	144	
279	150	100	
281	90	160	
313	121	115	
220	224	81	
309	101	139	
228	72	225	
305	122	115	
286	141	104	
290	94	151	
313	106	131	
279	86	170	
245	76	206	
282	143	103	
300	132	107	
273	152	99	
282	89	161	
287	139	105	
247	77	200	
317	114	122	
319	113	124	
256	80	189	
268	157	96	
268	82	179	
259	169	92	
288	137	106	
299	96	147	
324	116	118	
311	105	133	
296	134	107	
302	126	112	
299	129	110	
307	100	140	
231	207	83	
219	235	79	
281	147	100	
314	119	118	
220	71	234	
310	103	134	
299	98	142	
298	133	108	
266	164	94	
265	159	96	
277	151	99	
268	81	184	
255	175	91	
313	120	116	
315	107	128	
275	81	178	
264	168	93	
293	139	103	
292	94	148	
222	234	79	
312	101	138	
197	68	260	
273	155	97	
282	144	101	
299	137	105	
302	129	109	
312	98	141	
300	96	144	
296	136	106	
281	146	101	
249	75	210	
279	153	96	
287	86	163	
336	112	121	
334	112	124	
250	180	89	
223	228	80	
320	111	125	
267	159	95	
322	115	121	
281	83	171	
319	104	132	
314	100	139	
217	267	74	
266	158	96	
261	173	91	
307	102	136	
232	206	84	
276	82	175	
268	166	91	
320	109	127	
280	150	99	
223	215	82	
295	88	158	
252	76	203	
238	194	85	
321	123	114	
234	200	84	
200	65	259	
294	92	151	
185	65	285	
290	142	102	
306	95	147	
305	127	111	
314	101	136	
259	79	190	
230	211	83	
254	177	90	
320	119	116	
279	152	98	
292	88	162	
313	99	140	
303	134	106	
260	78	192	
270	163	93	
287	85	170	
270	81	181	
207	68	253	
315	106	129	
219	70	238	
304	97	143	
251	75	207	
253	77	197	
281	149	99	
317	128	110	
316	100	137	
278	154	96	
322	105	129	
225	223	80	
224	70	233	
312	125	112	
317	102	134	
333	114	121	
337	110	124	
256	175	89	
311	131	108	
299	93	148	
302	138	104	
334	115	120	
330	109	125	
307	95	146	
280	151	98	
265	171	91	
303	136	105	
215	249	77	
243	193	86	
274	161	94	
328	122	114	
290	85	168	
268	164	93	
330	108	127	
238	73	218	
290	146	100	
328	126	111	
227	220	78	
220	241	77	
226	71	232	
317	98	139	
244	74	213	
327	118	117	
266	168	92	
328	123	112	
326	102	131	
252	179	89	
265	79	188	
305	97	142	
290	148	98	
271	79	185	
258	75	201	
191	66	273	
247	191	86	
228	71	229	
332	127	108	
300	141	102	
314	124	112	
303	137	104	
314	92	146	
284	150	98	
278	158	94	
248	73	212	
321	128	108	
240	71	224	
230	213	79	
323	120	115	
302	91	153	
293	143	101	
306	135	105	
316	95	145	
292	145	100	
353	111	123	
342	114	120	
263	174	89	
274	80	184	
252	181	87	
315	132	106	
332	96	142	
341	120	114	
256	75	204	
358	115	119	
241	73	216	
301	86	162	
326	99	138	
280	152	97	
330	125	111	
324	101	134	
291	147	98	
297	89	157	
241	72	218	
352	108	126	
263	76	195	
254	73	210	
324	131	107	
318	97	141	
343	122	111	
276	160	93	
290	84	170	
190	65	282	
354	107	127	
343	116	117	
284	157	95	
297	84	164	
229	219	80	
302	140	102	
305	138	102	
306	92	148	
339	118	115	
341	104	128	
328	100	136	
310	91	152	
346	126	110	
316	135	103	
270	78	191	
261	76	199	
237	200	83	
301	142	100	
249	186	84	
267	172	88	
281	80	181	
233	212	81	
338	95	144	
296	144	100	
322	133	105	
208	68	246	
307	87	160	
287	151	97	
224	229	78	
300	145	99	
229	218	81	
298	89	156	
237	71	227	
277	159	94	
294	84	168	
329	99	137	
275	161	93	
331	124	111	
285	156	95	
234	209	78	
266	268	64	
352	113	120	
363	108	123	
260	176	88	
273	78	187	
368	114	119	
344	109	124	
325	129	107	
273	165	92	
327	97	140	
257	74	207	
241	198	83	
269	76	193	
311	90	148	
362	121	110	
306	141	101	
216	252	75	
196	65	280	
333	94	145	
347	125	110	
335	98	138	
296	150	97	
350	95	143	
360	106	127	
307	88	155	
223	69	240	
287	155	95	
333	131	106	
336	96	141	
269	169	90	
276	163	92	
289	82	173	
211	66	258	
290	152	96	
351	126	107	
199	65	277	
336	123	111	
336	101	133	
284	80	177	
342	119	114	
339	97	139	
316	140	101	
191	64	291	
246	197	84	
362	112	120	
325	134	104	
278	78	184	
233	70	229	
311	87	158	
299	149	97	
212	67	251	
286	157	94	
298	81	168	
276	77	187	
329	132	105	
310	144	98	
314	87	154	
347	98	137	
293	153	95	
236	208	80	
195	63	289	
225	67	239	
343	130	106	
305	145	98	
297	151	96	
318	86	158	
285	80	176	
266	73	205	
247	195	84	
190	63	297	
285	79	182	
319	137	102	
253	72	216	
237	206	82	
226	224	79	
233	69	233	
319	139	101	
348	128	107	
303	148	97	
224	264	73	
281	159	93	
319	141	100	
289	156	94	
332	133	104	
283	160	92	
365	118	114	
273	74	199	
196	64	288	
245	70	222	
319	83	162	
311	143	99	
317	89	152	
257	185	83	
334	131	105	
297	81	174	
282	165	91	
218	54	339	
299	150	96	
220	68	242	
198	63	286	
262	179	87	
363	129	106	
277	167	90	
289	157	93	
296	153	94	
310	145	97	
324	136	101	
258	182	86	
325	139	100	
349	134	102	
297	152	94	
262	71	214	
240	202	81	
283	164	90	
346	132	104	
315	142	99	
264	174	88	
271	170	88	
289	79	181	
249	71	220	
200	63	277	
306	149	96	
278	75	197	
370	129	105	
310	83	166	
364	128	106	
220	247	76	
298	151	95	
284	163	90	
340	135	102	
292	79	180	
264	178	87	
350	133	103	
320	141	99	
265	72	211	
348	131	104	
316	148	95	
281	76	191	
250	197	83	
255	71	219	
329	142	97	
224	240	77	
216	67	246	
224	68	241	
295	156	93	
284	159	92	
288	77	182	
267	176	87	
291	160	90	
283	75	196	
275	169	88	
299	79	179	
308	149	95	
226	237	77	
367	127	106	
252	195	82	
266	178	86	
256	71	216	
343	135	100	
237	69	231	
299	80	173	
351	132	103	
327	140	99	
319	147	95	
330	86	157	
316	83	165	
302	154	93	
373	130	104	
292	158	92	
285	75	192	
282	77	185	
249	201	82	
278	167	88	
301	78	174	
295	76	190	
215	66	257	
328	144	97	
270	71	209	
250	200	82	
235	68	236	
262	184	84	
245	69	229	
323	146	96	
223	241	76	
216	66	250	
346	139	98	
275	175	87	
296	157	92	
255	192	83	
319	82	165	
281	72	203	
374	131	103	
340	140	98	
304	151	93	
298	76	184	
227	236	76	
291	73	198	
263	183	85	
227	235	77	
279	174	87	
330	145	96	
310	154	92	
284	166	89	
258	70	220	
367	134	101	
223	255	74	
203	62	272	
371	134	99	
249	69	228	
302	158	91	
316	150	93	
279	72	208	
294	74	194	
228	229	77	
322	80	168	
264	182	85	
241	68	233	
280	173	87	
250	68	226	
270	176	86	
292	165	88	
280	72	206	
339	143	96	
269	180	84	
301	75	190	
324	149	93	
262	70	218	
283	172	87	
338	145	94	
348	141	96	
225	248	75	
296	163	89	
260	69	223	
303	157	91	
226	239	76	
331	148	94	
286	170	87	
328	77	175	
252	199	81	
279	175	86	
204	64	268	
271	70	215	
247	202	80	
225	66	246	
270	178	85	
307	75	186	
324	153	91	
311	156	91	
255	194	82	
305	158	90	
283	173	85	
334	147	94	
218	65	258	
319	74	190	
267	183	84	
301	160	88	
196	61	295	
362	144	95	
259	191	82	
233	228	77	
241	67	237	
228	247	75	
221	65	257	
274	69	222	
325	152	92	
315	155	91	
290	168	87	
315	76	183	
199	61	290	
320	73	195	
232	218	78	
236	226	77	
256	198	81	
230	242	73	
229	65	255	
283	71	207	
277	177	84	
208	63	263	
298	72	202	
279	68	219	
278	70	213	
369	141	95	
329	151	92	
254	67	236	
233	235	74	
232	66	245	
284	172	85	
261	195	80	
317	156	90	
343	148	92	
281	175	84	
320	72	201	
230	65	254	
235	231	76	
233	65	243	
237	221	77	
257	67	232	
272	291	63	
294	167	87	
290	171	86	
299	71	206	
330	149	92	
322	71	196	
263	187	81	
293	70	211	
228	272	72	
366	144	93	
310	158	89	
265	184	83	
239	208	79	
282	69	217	
332	73	194	
309	70	204	
337	74	188	
272	178	83	
297	165	87	
259	198	80	
243	66	240	
291	170	86	
278	68	224	
343	151	90	
236	284	70	
221	64	260	
330	155	90	
253	207	77	
297	70	209	
302	169	85	
227	261	73	
253	205	79	
287	69	216	
239	226	76	
258	66	230	
332	154	90	
324	157	89	
251	66	237	
306	167	85	
311	163	87	
290	69	215	
241	218	77	
226	64	257	
303	70	207	
228	53	341	
355	149	91	
268	186	82	
340	153	90	
228	256	73	
256	203	78	
304	69	213	
268	67	227	
328	156	88	
299	170	85	
326	159	88	
274	184	82	
230	256	72	
231	271	71	
311	166	86	
233	64	250	
337	155	89	
319	160	87	
242	217	76	
260	201	78	
319	69	206	
293	174	84	
237	231	73	
245	213	77	
287	67	225	
316	164	86	
358	154	89	
304	68	217	
276	183	82	
302	171	84	
270	192	78	
265	200	79	
291	176	82	
366	150	90	
284	182	82	
251	65	242	
364	151	89	
369	70	203	
299	67	224	
306	68	214	
252	65	241	
285	181	81	
317	163	85	
303	67	223	
334	159	87	
226	63	262	
274	186	79	
197	59	310	
240	229	75	
258	65	239	
204	60	288	
382	155	88	
251	212	76	
318	66	221	
228	63	259	
301	175	83	
314	166	85	
330	162	86	
282	185	80	
246	64	249	
338	158	86	
303	170	84	
252	209	77	
208	61	281	
277	66	228	
244	222	75	
267	65	237	
308	173	83	
248	64	248	
322	68	212	
283	184	81	
331	161	86	
314	169	84	
318	67	220	
353	156	87	
221	62	271	
254	64	246	
238	63	258	
357	69	205	
222	61	267	
324	67	218	
287	66	227	
271	65	233	
244	63	256	
318	168	84	
341	68	210	
314	172	80	
263	64	245	
249	216	76	
307	66	225	
322	167	84	
267	64	240	
246	63	253	
330	67	215	
250	214	76	
315	171	83	
343	68	207	
341	162	85	
323	166	84	
263	203	77	
232	62	264	
236	264	71	
213	61	278	
302	175	82	
296	179	81	
318	170	82	
294	65	232	
231	251	72	
361	160	84	
325	165	83	
257	63	251	
311	173	82	
252	212	75	
300	65	229	
337	67	212	
240	270	70	
215	61	275	
285	183	80	
246	229	74	
240	62	262	
335	163	84	
297	178	81	
259	209	76	
201	58	300	
264	63	249	
274	64	238	
324	66	220	
242	62	260	
272	198	77	
250	226	74	
309	175	81	
317	65	227	
298	180	80	
239	248	72	
270	63	245	
333	66	219	
296	64	237	
238	253	71	
247	62	254	
268	204	76	
340	66	217	
299	64	234	
211	59	287	
327	65	225	
260	222	74	
221	60	286	
290	311	62	
245	239	71	
223	59	279	
330	169	82	
297	183	79	
279	63	240	
300	178	80	
349	65	220	
281	190	78	
306	64	229	
350	165	82	
285	197	76	
254	62	253	
286	190	76	
261	219	74	
240	61	266	
292	189	78	
310	177	80	
282	200	75	
264	62	252	
270	210	75	
254	61	261	
304	180	79	
253	230	73	
324	170	81	
293	187	76	
241	265	70	
236	51	339	
271	62	251	
256	229	72	
296	63	238	
230	59	271	
276	62	247	
276	204	75	
266	217	74	
336	64	228	
259	227	73	
242	276	69	
242	248	71	
299	183	78	
300	63	237	
350	167	81	
251	237	71	
268	215	74	
262	226	73	
255	60	258	
302	63	236	
319	176	79	
243	251	70	
263	221	72	
329	63	231	
288	62	246	
252	236	72	
275	212	74	
292	62	243	
254	234	71	
265	61	255	
338	171	80	
240	60	268	
305	182	78	
243	271	69	
303	62	239	
306	180	78	
277	207	74	
284	61	253	
339	172	79	
263	220	73	
248	60	266	
269	215	73	
312	183	77	
288	61	250	
246	279	68	
324	178	78	
218	56	299	
325	62	237	
245	264	69	
286	195	75	
219	57	291	
299	61	246	
355	177	78	
284	202	74	
327	178	77	
280	212	73	
249	249	70	
253	236	71	
308	61	242	
250	248	70	
248	261	69	
253	246	70	
276	60	255	
300	193	75	
210	56	335	
222	58	287	
284	207	73	
270	232	71	
319	184	76	
291	199	74	
258	245	70	
275	219	72	
249	269	68	
249	257	69	
248	59	270	
212	56	332	
271	229	70	
312	192	75	
259	242	70	
298	60	254	
251	59	268	
213	57	307	
229	58	279	
300	60	251	
316	190	75	
283	216	72	
249	286	67	
254	59	266	
343	183	76	
306	196	72	
274	225	71	
260	240	70	
255	253	69	
296	205	73	
317	189	75	
275	59	264	
305	60	248	
288	215	72	
267	237	70	
324	187	75	
283	59	262	
215	56	316	
292	212	72	
298	204	73	
317	195	73	
298	278	61	
256	252	68	
334	60	247	
281	221	71	
304	202	73	
261	251	69	
284	58	259	
328	194	73	
252	257	68	
244	58	278	
331	185	75	
345	60	245	
262	249	68	
257	58	277	
330	193	74	
298	206	72	
258	58	275	
252	264	67	
332	190	73	
263	244	69	
300	59	258	
344	184	75	
259	57	272	
304	59	256	
282	219	71	
309	59	254	
291	217	71	
274	57	271	
243	57	286	
281	58	269	
266	243	67	
337	59	252	
292	216	71	
281	224	69	
269	239	69	
283	57	267	
297	213	70	
258	56	280	
273	234	69	
304	208	70	
293	220	70	
279	233	69	
328	58	258	
296	218	70	
216	55	322	
241	56	297	
311	205	71	
346	58	255	
244	56	295	
257	263	67	
224	55	316	
252	56	293	
259	254	67	
328	202	71	
253	56	288	
285	241	66	
226	55	312	
288	236	68	
329	199	71	
310	57	264	
304	219	69	
232	55	309	
264	252	67	
321	57	262	
291	232	68	
242	55	305	
258	272	66	
220	54	330	
334	207	70	
259	268	66	
342	205	70	
308	218	69	
245	55	303	
273	56	279	
309	217	69	
294	231	68	
289	56	276	
249	55	301	
316	211	69	
260	263	66	
295	225	68	
253	55	296	
296	56	275	
228	54	324	
302	56	273	
270	261	66	
309	56	272	
257	55	295	
320	56	270	
314	302	60	
261	54	292	
272	260	65	
314	223	67	
231	54	322	
291	237	67	
274	251	65	
263	273	65	
232	54	317	
261	55	291	
325	222	68	
264	55	289	
330	221	68	
295	236	67	
331	216	68	
275	54	288	
249	50	338	
233	54	315	
296	235	67	
277	55	287	
284	55	286	
302	231	67	
241	54	312	
286	55	279	
280	249	65	
248	54	309	
339	214	68	
310	230	67	
251	54	303	
300	55	275	
231	53	325	
260	53	300	
322	55	272	
299	240	66	
360	222	67	
314	234	66	
363	221	67	
267	54	290	
234	53	316	
326	233	66	
337	226	66	
285	54	287	
297	54	285	
299	54	283	
293	248	65	
246	53	315	
304	246	65	
321	54	280	
250	53	311	
324	236	65	
258	53	310	
278	261	64	
279	260	64	
275	280	63	
294	258	64	
348	233	65	
266	53	298	
237	52	331	
295	257	64	
274	53	296	
297	256	64	
351	232	65	
289	53	295	
312	246	64	
292	53	290	
244	52	324	
276	279	63	
281	278	63	
285	266	63	
326	308	59	
245	52	323	
249	52	316	
350	243	64	
291	295	62	
353	242	64	
257	49	362	
261	52	314	
264	52	308	
305	265	63	
311	260	63	
277	52	305	
314	258	63	
292	293	62	
280	52	302	
326	257	63	
297	290	62	
335	253	63	
291	52	298	
338	248	63	
248	51	324	
299	277	62	
301	268	62	
263	51	316	
325	258	62	
276	51	314	
279	51	310	
285	50	309	
299	51	308	
305	51	306	
319	51	305	
318	277	61	
321	275	61	
339	270	61	
257	50	332	
260	50	330	
265	50	325	
342	332	58	
269	50	322	
284	49	317	
270	48	361	
320	288	60	
326	280	60	
263	49	350	
266	49	349	
268	49	330	
335	304	59	
377	302	59	
274	48	338	
361	315	58	
295	48	334	
299	48	332	
307	48	328	
388	355	57	
278	47	357	
397	341	57	
283	47	346	
298	47	340	
