38	227	212	
39	211	203	
38	234	206	
39	218	197	
40	185	206	
39	222	195	
40	217	189	
40	241	188	
41	259	182	
42	251	180	
42	258	174	
41	184	198	
42	170	212	
43	226	172	
44	221	166	
44	226	165	
44	247	162	
44	254	156	
43	169	204	
45	165	203	
45	162	216	
45	234	155	
45	246	151	
46	161	219	
48	157	218	
45	253	145	
48	154	231	
50	151	212	
47	250	143	
48	241	137	
50	144	237	
49	238	131	
51	143	229	
52	142	262	
53	137	190	
42	213	184	
50	216	127	
42	238	183	
53	136	241	
53	134	248	
51	229	125	
43	215	179	
54	133	224	
52	207	121	
43	222	174	
55	132	216	
55	130	256	
56	129	205	
53	229	119	
56	123	236	
39	215	201	
40	192	200	
40	210	195	
56	217	111	
41	191	192	
57	119	223	
42	204	190	
45	229	156	
45	222	162	
43	196	189	
58	216	106	
43	208	185	
59	118	227	
43	219	178	
59	115	240	
44	189	183	
44	196	177	
44	214	172	
42	177	206	
61	113	221	
60	223	104	
46	203	149	
44	219	171	
45	188	175	
45	195	169	
43	189	195	
65	111	227	
47	242	148	
43	195	190	
66	209	103	
46	177	165	
44	185	187	
43	176	198	
43	188	196	
44	178	193	
45	227	161	
66	220	100	
46	184	159	
48	220	145	
66	110	203	
46	196	155	
68	109	207	
68	108	210	
68	209	98	
45	178	192	
68	107	225	
45	172	197	
49	154	209	
46	162	208	
45	185	186	
70	106	229	
68	219	95	
48	234	144	
51	150	204	
49	157	196	
46	174	189	
70	105	232	
46	165	202	
48	239	142	
47	171	199	
49	207	141	
48	162	171	
72	102	228	
46	172	196	
47	173	181	
70	226	93	
50	197	137	
52	147	206	
73	101	220	
48	217	148	
72	251	92	
52	146	224	
75	99	195	
50	207	135	
74	209	88	
50	156	207	
51	152	184	
76	98	188	
48	196	154	
50	157	195	
49	188	151	
77	96	217	
76	216	86	
49	181	160	
79	95	221	
48	169	165	
50	184	156	
81	94	200	
50	179	160	
51	188	142	
80	244	85	
51	159	178	
50	177	162	
51	175	154	
81	89	214	
81	215	84	
51	207	132	
57	126	197	
52	154	183	
51	182	148	
81	238	83	
51	173	157	
53	146	182	
51	166	168	
53	153	176	
52	161	177	
56	136	196	
52	170	160	
53	160	160	
53	144	184	
52	188	131	
84	208	79	
51	205	136	
52	164	166	
52	200	127	
52	181	137	
54	159	153	
52	174	147	
54	155	166	
53	164	156	
54	146	181	
54	222	120	
55	149	162	
83	87	195	
54	226	119	
53	167	154	
54	153	175	
56	140	184	
59	125	201	
53	169	152	
86	215	77	
53	175	143	
56	144	178	
59	122	214	
60	116	191	
53	171	150	
83	86	236	
54	158	163	
55	197	125	
56	146	177	
57	131	192	
52	198	129	
54	168	145	
57	196	120	
57	141	167	
56	139	187	
54	166	147	
54	175	139	
85	84	217	
57	208	116	
57	138	186	
56	188	130	
56	195	124	
87	228	76	
56	176	134	
57	133	191	
55	158	154	
58	131	183	
60	123	165	
56	198	121	
57	139	185	
55	156	156	
58	138	157	
55	167	143	
55	160	149	
91	222	75	
56	194	129	
57	184	130	
57	189	126	
55	175	138	
56	153	151	
56	169	140	
93	82	199	
58	209	112	
92	227	74	
58	197	116	
55	165	148	
58	175	131	
57	148	161	
57	152	155	
56	160	145	
58	182	125	
58	163	135	
57	150	159	
94	218	73	
58	190	122	
57	165	140	
62	115	195	
57	158	146	
94	81	217	
60	203	113	
95	208	72	
58	154	143	
58	213	111	
63	114	205	
58	181	130	
58	194	121	
58	147	149	
58	145	151	
59	177	125	
58	188	124	
62	210	108	
58	173	133	
95	80	218	
65	113	209	
59	189	120	
58	156	141	
60	188	119	
96	225	71	
60	181	120	
63	202	112	
62	200	113	
59	170	131	
61	195	117	
64	203	106	
65	213	105	
59	176	129	
96	78	239	
62	192	117	
96	233	69	
60	162	130	
64	188	115	
60	155	136	
63	190	116	
60	174	126	
58	150	148	
64	199	111	
60	172	128	
63	184	117	
65	185	112	
60	153	145	
62	122	169	
61	175	124	
71	105	218	
58	143	154	
60	151	147	
69	107	218	
60	128	160	
62	176	120	
61	144	145	
63	120	175	
62	167	128	
73	246	92	
66	114	187	
66	187	110	
62	150	142	
62	169	126	
100	77	210	
59	154	142	
59	147	148	
60	135	154	
67	215	102	
97	227	67	
61	137	151	
66	200	106	
61	139	150	
64	169	125	
62	160	134	
64	183	119	
63	118	187	
73	104	208	
63	149	135	
65	178	118	
67	110	196	
70	107	214	
65	174	120	
68	200	103	
102	76	183	
64	175	122	
67	196	107	
66	165	121	
63	156	129	
62	149	144	
65	183	115	
63	165	127	
64	118	186	
65	116	185	
67	179	117	
63	147	143	
71	107	200	
63	143	148	
69	108	196	
68	193	109	
66	117	177	
105	74	229	
68	182	110	
66	174	119	
65	141	140	
60	130	159	
64	163	127	
101	221	66	
64	143	141	
68	178	115	
69	113	192	
61	132	156	
69	189	107	
69	197	102	
69	172	116	
65	148	134	
66	168	120	
66	158	127	
70	112	190	
65	135	149	
68	158	123	
70	205	101	
70	216	96	
65	155	130	
67	172	119	
69	180	113	
69	196	106	
65	139	146	
70	113	187	
103	227	64	
64	130	155	
72	210	93	
70	108	194	
68	114	183	
66	149	130	
70	189	105	
74	104	183	
71	203	99	
66	121	161	
64	125	160	
65	128	154	
66	140	138	
70	183	107	
70	177	111	
69	162	119	
70	171	115	
71	111	189	
68	116	181	
65	134	151	
65	137	148	
67	117	170	
66	133	144	
70	169	117	
71	184	103	
110	69	210	
67	154	128	
66	128	149	
66	142	136	
72	110	192	
72	197	101	
69	115	170	
72	112	180	
70	176	113	
73	183	98	
68	157	126	
71	171	111	
66	135	143	
73	108	190	
71	114	174	
65	123	159	
74	202	94	
73	111	182	
70	179	110	
69	153	127	
71	164	117	
66	144	135	
72	182	102	
71	177	109	
68	149	129	
74	109	169	
72	164	112	
68	127	144	
69	120	165	
67	147	134	
71	154	124	
68	139	133	
70	160	122	
69	157	124	
66	137	141	
104	201	62	
81	195	85	
72	175	108	
68	121	157	
70	144	131	
70	115	168	
71	158	121	
71	152	128	
74	113	162	
68	132	139	
71	161	120	
72	151	123	
71	157	123	
68	126	152	
70	119	164	
72	170	110	
71	153	126	
72	181	106	
72	157	118	
71	142	130	
72	150	125	
73	176	104	
70	120	161	
75	189	95	
71	124	154	
71	118	167	
68	134	138	
72	144	129	
72	162	116	
72	147	128	
72	156	122	
78	97	207	
73	115	164	
73	114	170	
73	152	121	
73	145	127	
73	174	106	
74	117	151	
74	206	93	
74	156	113	
71	137	135	
72	123	152	
74	163	107	
80	96	184	
75	145	122	
70	126	148	
73	120	159	
107	237	61	
76	103	174	
75	104	182	
73	121	151	
78	203	90	
74	155	119	
77	190	93	
74	150	124	
74	136	131	
71	128	143	
72	134	134	
75	180	103	
75	153	116	
74	125	140	
72	129	139	
74	143	128	
76	181	101	
76	177	103	
75	138	128	
73	132	133	
74	124	142	
76	151	119	
77	170	103	
75	140	127	
72	126	145	
71	133	138	
110	212	60	
75	182	101	
77	178	99	
76	150	121	
77	158	111	
79	189	88	
76	116	155	
75	143	126	
74	122	146	
78	109	167	
77	149	119	
79	208	86	
77	148	120	
76	143	125	
73	127	138	
79	185	93	
76	115	158	
77	151	117	
77	177	101	
78	112	164	
77	142	125	
77	168	106	
79	98	183	
77	144	123	
117	67	197	
79	149	111	
79	107	173	
78	169	102	
82	93	200	
74	129	137	
75	121	149	
78	158	108	
78	144	121	
77	114	161	
110	216	59	
77	137	130	
78	141	124	
78	131	132	
80	101	170	
79	109	155	
78	148	118	
74	131	136	
78	113	160	
78	167	106	
78	146	120	
76	119	145	
78	176	98	
79	136	125	
77	138	127	
79	183	97	
79	129	131	
77	157	112	
79	142	117	
79	114	150	
81	160	101	
83	92	181	
76	131	134	
78	115	157	
79	161	106	
79	174	101	
79	135	128	
80	108	169	
79	122	140	
79	115	148	
80	169	97	
81	178	94	
78	126	137	
81	102	163	
79	134	130	
79	138	124	
79	141	120	
76	126	139	
79	117	145	
79	156	107	
112	231	58	
82	95	193	
79	124	136	
76	124	140	
82	209	84	
80	129	126	
79	140	123	
79	148	114	
79	120	143	
80	126	135	
80	134	121	
80	141	115	
81	153	107	
80	127	134	
81	99	180	
81	186	88	
80	121	140	
79	112	153	
81	126	133	
125	64	217	
80	122	138	
81	184	92	
81	119	139	
81	155	106	
112	239	57	
81	107	158	
83	176	93	
80	136	120	
82	128	121	
80	147	113	
83	100	178	
82	183	93	
81	124	134	
85	183	84	
82	140	110	
82	113	148	
83	166	98	
80	115	147	
82	117	141	
81	157	105	
80	140	119	
82	122	134	
82	127	129	
84	170	96	
84	100	164	
81	148	112	
81	132	124	
83	116	145	
82	151	109	
82	111	154	
84	99	173	
84	175	92	
81	137	119	
83	111	150	
81	139	118	
83	184	89	
82	158	103	
83	125	128	
85	191	83	
84	116	136	
82	106	159	
83	98	180	
84	164	98	
84	111	141	
83	193	86	
83	151	107	
84	109	149	
82	133	116	
84	98	177	
85	155	101	
84	147	108	
84	182	88	
85	173	95	
113	216	54	
84	107	153	
84	123	130	
84	154	106	
87	207	81	
84	105	159	
88	85	206	
85	95	171	
85	162	97	
85	147	106	
88	199	81	
87	181	90	
83	158	101	
86	163	93	
86	153	101	
84	118	135	
83	101	167	
91	211	76	
85	98	165	
88	179	90	
85	104	158	
85	121	133	
84	127	125	
87	160	100	
86	104	149	
82	135	115	
85	90	185	
86	151	105	
87	122	128	
88	178	91	
87	142	106	
88	126	117	
85	103	160	
87	120	132	
86	124	129	
85	107	151	
88	160	96	
89	170	89	
83	138	113	
89	157	100	
86	109	144	
83	131	119	
90	200	79	
87	151	103	
85	114	139	
86	172	92	
88	123	123	
92	84	204	
87	150	105	
87	119	133	
86	102	157	
88	118	128	
90	154	97	
86	127	122	
99	78	214	
88	144	105	
91	192	81	
86	101	163	
86	135	111	
86	93	170	
90	169	88	
88	149	104	
88	113	136	
85	129	120	
89	111	135	
91	85	177	
86	130	116	
87	98	157	
92	199	76	
86	88	184	
92	217	75	
87	107	147	
90	177	87	
88	151	101	
130	63	206	
89	116	130	
89	148	102	
85	134	115	
89	140	108	
87	103	152	
89	121	126	
89	168	92	
87	97	169	
90	109	137	
87	128	115	
87	133	110	
89	105	146	
90	141	104	
91	177	85	
88	96	168	
89	161	94	
93	184	83	
91	149	97	
89	107	145	
89	97	161	
91	90	163	
89	100	151	
90	161	91	
93	201	75	
92	196	80	
88	125	122	
90	159	95	
90	114	133	
91	139	104	
90	120	122	
92	142	99	
93	191	78	
90	148	101	
90	106	144	
92	157	94	
90	123	118	
93	190	81	
91	137	107	
88	131	113	
91	104	143	
90	95	167	
91	176	87	
90	140	106	
93	189	82	
132	62	204	
89	95	169	
95	81	209	
93	118	122	
92	197	79	
92	112	132	
93	84	187	
92	159	92	
92	175	87	
92	168	89	
92	105	138	
95	180	80	
117	240	53	
91	117	129	
93	154	95	
94	174	83	
93	173	86	
93	113	130	
92	100	143	
94	158	87	
92	135	105	
97	212	70	
90	130	112	
94	114	126	
91	89	171	
94	116	124	
97	80	196	
90	127	116	
94	125	113	
94	122	117	
91	98	156	
90	132	111	
91	96	160	
93	110	135	
94	115	125	
95	138	96	
94	132	109	
92	98	151	
94	107	132	
93	123	116	
90	125	117	
95	154	92	
92	96	158	
94	121	120	
95	125	111	
93	139	101	
96	194	75	
94	166	86	
141	61	217	
94	134	108	
96	147	94	
94	127	112	
92	107	137	
93	92	161	
119	207	51	
96	187	79	
95	120	116	
94	109	131	
97	130	106	
96	171	83	
93	96	153	
96	201	74	
96	132	107	
95	112	129	
95	134	104	
96	118	118	
93	103	141	
94	90	160	
98	177	82	
97	115	123	
96	113	125	
98	223	69	
95	123	112	
98	82	177	
97	187	77	
94	95	155	
98	128	109	
97	111	128	
93	99	150	
96	170	85	
100	156	91	
97	206	72	
97	185	79	
98	115	119	
98	149	93	
94	102	137	
95	135	103	
99	167	83	
94	99	147	
94	88	176	
98	178	81	
99	172	82	
95	105	135	
97	110	130	
98	195	72	
99	201	69	
95	94	156	
98	184	79	
98	109	127	
95	88	172	
101	148	88	
94	97	149	
141	59	245	
106	75	204	
98	153	92	
98	122	113	
96	137	100	
99	179	76	
98	113	124	
98	133	105	
99	205	68	
101	165	83	
100	125	108	
99	129	108	
100	168	79	
99	107	126	
99	151	92	
102	163	86	
97	135	99	
95	87	176	
97	89	165	
99	132	103	
99	113	123	
100	166	84	
101	118	115	
99	102	131	
97	105	132	
101	115	117	
95	98	147	
96	99	145	
99	141	95	
95	93	158	
96	94	150	
100	127	106	
97	100	137	
99	87	153	
100	112	125	
100	113	121	
101	128	103	
101	192	75	
100	81	185	
102	117	113	
98	104	132	
101	124	111	
100	147	92	
103	160	82	
108	74	218	
101	111	124	
101	140	94	
97	93	151	
99	134	101	
99	85	172	
97	98	146	
98	96	148	
98	98	139	
102	180	73	
102	122	108	
101	112	123	
98	103	135	
99	94	142	
100	132	102	
101	113	119	
102	110	125	
101	146	93	
103	121	110	
100	80	195	
102	111	121	
103	152	87	
104	155	83	
103	125	106	
100	105	129	
121	222	50	
103	110	120	
103	145	93	
103	130	97	
100	134	100	
103	106	124	
100	176	78	
103	120	111	
101	220	67	
102	166	81	
104	146	91	
102	131	102	
103	115	113	
105	135	92	
102	210	67	
100	85	165	
103	114	116	
103	127	104	
100	100	133	
104	145	92	
102	104	127	
102	193	69	
105	115	111	
102	134	99	
105	124	104	
101	83	166	
105	125	102	
104	110	118	
104	172	76	
104	106	121	
110	74	165	
105	118	108	
104	129	101	
102	99	134	
105	145	90	
105	122	107	
99	92	148	
103	136	96	
102	216	66	
104	113	115	
102	81	169	
104	153	85	
101	96	140	
104	127	103	
105	164	78	
106	143	89	
104	98	129	
102	192	71	
106	123	105	
105	151	86	
145	58	213	
102	98	137	
105	147	89	
105	111	114	
104	186	72	
104	103	124	
123	226	48	
100	91	149	
105	127	100	
106	149	86	
106	121	107	
102	94	139	
107	120	101	
106	162	80	
102	92	146	
106	108	120	
107	140	91	
101	86	163	
104	177	73	
106	134	96	
106	145	88	
103	97	137	
103	98	135	
105	117	110	
107	109	116	
106	159	82	
107	112	112	
107	127	95	
107	155	81	
100	90	151	
108	145	82	
106	148	87	
104	93	143	
104	79	173	
104	190	69	
107	170	77	
102	86	158	
107	75	197	
107	142	90	
105	102	125	
108	114	109	
109	117	105	
105	96	135	
104	97	136	
103	84	163	
107	106	119	
105	173	72	
104	105	123	
104	88	148	
106	184	71	
108	138	88	
103	90	149	
108	126	99	
109	164	77	
103	89	152	
108	117	108	
109	154	78	
105	97	130	
107	91	132	
109	134	92	
106	197	67	
106	100	127	
107	108	118	
105	88	146	
106	105	122	
110	159	75	
104	85	157	
107	104	121	
106	93	141	
108	109	114	
108	216	61	
112	73	175	
152	56	217	
110	120	99	
110	130	93	
110	111	108	
108	107	117	
109	113	109	
109	141	86	
108	111	112	
109	137	90	
107	186	69	
107	103	123	
108	100	124	
108	104	120	
108	108	116	
110	116	104	
108	182	68	
104	84	159	
110	123	98	
105	82	158	
109	112	110	
110	133	91	
105	86	154	
109	106	115	
111	107	112	
105	77	172	
109	103	118	
107	96	127	
108	105	119	
108	174	69	
109	98	123	
110	114	107	
107	88	144	
113	70	205	
110	118	103	
106	85	152	
110	171	70	
111	122	96	
111	136	87	
110	152	80	
110	101	121	
107	86	146	
113	114	104	
106	80	159	
112	140	83	
108	187	65	
111	131	92	
113	116	101	
112	123	94	
111	135	90	
112	110	108	
109	90	136	
110	140	86	
110	169	74	
111	105	117	
113	150	81	
112	113	107	
112	127	90	
108	84	157	
117	72	183	
112	104	116	
113	107	110	
113	100	116	
112	130	88	
112	120	95	
111	168	73	
108	95	128	
110	79	151	
128	218	47	
109	85	141	
113	105	112	
113	112	106	
111	167	74	
111	170	68	
112	97	122	
108	79	169	
114	118	99	
115	145	80	
111	138	86	
113	157	77	
115	149	77	
113	165	72	
110	96	125	
114	113	103	
108	94	130	
115	109	103	
114	106	109	
113	103	115	
117	71	190	
113	138	82	
110	88	139	
114	134	86	
112	125	93	
114	163	74	
115	114	101	
110	78	159	
112	132	87	
115	116	97	
114	101	114	
114	97	120	
114	158	75	
112	92	127	
111	94	128	
113	199	63	
115	152	75	
114	186	63	
115	102	110	
115	125	91	
115	157	74	
112	89	136	
116	131	85	
111	82	145	
115	107	107	
113	92	125	
115	181	61	
110	181	68	
114	96	123	
115	158	73	
115	123	93	
115	144	81	
113	90	133	
116	96	119	
116	144	77	
117	111	97	
158	55	224	
117	118	91	
116	125	89	
116	153	71	
118	135	80	
128	228	44	
116	137	83	
115	88	133	
117	94	115	
111	208	61	
116	124	91	
112	83	139	
117	108	104	
115	90	125	
118	130	83	
118	102	108	
116	127	88	
114	90	132	
117	177	66	
116	100	114	
117	125	87	
116	163	68	
115	83	138	
118	105	106	
113	201	61	
117	116	94	
115	101	112	
119	146	73	
116	87	134	
117	109	100	
114	200	59	
119	103	102	
117	123	88	
117	128	86	
118	69	184	
117	89	120	
120	139	78	
114	77	160	
117	99	112	
113	212	58	
118	171	65	
118	100	110	
112	81	149	
117	85	136	
120	111	95	
119	98	107	
117	130	85	
118	87	132	
119	118	87	
120	71	178	
160	54	246	
118	76	141	
126	66	210	
118	128	85	
118	88	131	
113	79	148	
119	125	81	
119	85	133	
121	113	92	
121	108	97	
120	109	97	
121	151	69	
115	80	147	
119	88	130	
116	82	139	
121	137	77	
119	96	113	
122	145	75	
121	73	163	
119	69	183	
121	132	79	
120	87	118	
125	106	100	
124	142	76	
119	167	64	
123	71	171	
118	81	136	
118	92	118	
119	74	153	
120	101	105	
119	86	132	
128	66	208	
128	65	212	
122	118	85	
124	67	185	
121	115	91	
122	96	105	
114	208	58	
116	192	60	
121	86	130	
120	83	132	
125	138	74	
130	65	184	
124	95	113	
126	93	110	
126	101	97	
122	109	94	
114	211	56	
126	113	90	
122	150	67	
122	111	91	
125	69	172	
120	102	104	
123	135	78	
117	202	57	
122	86	128	
123	82	131	
164	53	223	
126	94	103	
120	178	62	
126	92	116	
122	148	72	
127	115	86	
126	125	79	
125	82	129	
124	99	104	
123	120	82	
121	191	58	
126	71	160	
126	108	91	
125	134	78	
126	129	76	
125	86	123	
126	137	73	
126	160	64	
126	143	72	
130	88	111	
123	175	63	
120	185	60	
121	81	134	
129	92	114	
126	85	127	
119	80	137	
125	149	71	
127	107	95	
118	201	55	
125	110	92	
125	73	154	
126	148	69	
128	110	84	
128	103	90	
124	171	63	
126	68	176	
127	143	67	
128	79	124	
127	99	97	
143	60	217	
119	79	139	
117	205	55	
124	174	61	
120	75	151	
128	135	74	
123	77	136	
120	180	61	
122	187	58	
124	118	81	
128	69	171	
126	86	121	
130	126	72	
127	81	132	
124	177	60	
132	64	197	
122	79	137	
129	70	169	
131	148	65	
123	74	145	
124	77	134	
122	196	53	
125	170	61	
170	52	244	
128	84	121	
129	131	74	
131	93	107	
128	169	62	
129	94	101	
133	227	43	
129	122	80	
131	70	165	
131	92	110	
131	67	172	
128	74	129	
127	71	159	
129	164	60	
129	84	120	
124	184	58	
132	142	70	
128	72	146	
135	90	109	
130	83	116	
133	137	71	
133	117	78	
134	69	160	
137	96	93	
122	192	57	
134	91	110	
125	181	58	
136	90	106	
130	96	98	
129	108	84	
132	70	161	
132	93	106	
133	64	191	
137	63	197	
124	75	142	
134	115	77	
135	66	183	
131	86	114	
135	135	70	
131	71	151	
130	163	61	
133	159	64	
124	187	57	
136	65	173	
126	75	134	
135	93	105	
130	169	59	
135	67	161	
131	160	60	
134	153	64	
131	103	88	
143	61	215	
136	134	69	
125	191	55	
137	86	106	
133	70	160	
137	91	100	
130	81	122	
135	84	113	
125	75	141	
138	110	82	
145	60	191	
136	69	148	
131	94	97	
136	122	75	
139	64	188	
135	157	59	
137	79	112	
127	181	54	
174	49	255	
139	62	192	
138	62	199	
139	100	87	
133	81	114	
130	175	58	
136	140	68	
139	234	40	
129	72	141	
132	105	85	
133	146	66	
140	64	180	
138	132	70	
135	155	63	
138	114	81	
137	90	103	
137	140	63	
133	71	137	
129	77	127	
135	80	122	
141	63	183	
136	145	65	
138	65	159	
138	138	68	
140	123	68	
139	105	80	
141	117	76	
139	128	70	
130	177	57	
139	88	99	
134	172	58	
137	67	160	
134	78	126	
138	84	106	
139	99	90	
130	73	139	
142	147	62	
134	168	59	
133	103	84	
139	95	93	
137	78	119	
143	134	67	
145	120	75	
139	67	146	
143	114	79	
142	64	179	
140	93	93	
147	94	92	
135	167	56	
131	72	127	
145	63	177	
142	122	74	
137	77	125	
147	112	77	
133	178	56	
146	62	179	
126	204	52	
141	91	93	
146	120	74	
142	152	61	
146	64	175	
149	97	83	
137	69	147	
145	85	105	
146	114	77	
147	117	73	
145	133	66	
140	77	123	
140	79	110	
147	59	204	
122	218	50	
148	64	172	
147	87	99	
127	202	52	
145	116	76	
144	76	123	
139	70	144	
142	102	81	
129	192	52	
151	108	77	
139	164	57	
128	201	52	
148	113	76	
142	77	119	
147	139	63	
142	155	60	
127	215	49	
150	122	68	
149	63	160	
149	96	86	
141	69	140	
137	178	50	
148	81	102	
143	100	80	
141	81	107	
142	88	97	
150	114	74	
151	60	180	
148	135	64	
148	142	60	
144	75	126	
130	187	50	
151	119	72	
140	160	57	
129	204	47	
154	127	66	
146	75	118	
140	67	145	
144	154	60	
128	211	49	
142	66	155	
149	95	91	
138	177	53	
143	143	62	
145	76	119	
147	75	115	
150	59	202	
142	176	55	
152	58	205	
143	69	136	
143	90	94	
145	156	59	
150	90	89	
153	111	75	
152	119	70	
143	167	55	
150	62	168	
147	74	121	
151	59	198	
142	79	106	
146	67	134	
150	85	96	
146	154	59	
156	102	79	
141	157	56	
153	117	71	
148	65	148	
155	130	62	
153	115	73	
144	88	93	
151	153	59	
142	68	142	
150	71	131	
148	76	109	
152	59	193	
156	110	76	
159	103	77	
155	57	212	
157	109	73	
152	149	58	
157	91	88	
149	73	126	
151	156	56	
143	176	51	
157	114	72	
153	58	204	
153	60	166	
151	155	58	
144	175	54	
152	73	125	
159	125	67	
156	58	191	
147	163	54	
151	84	100	
160	95	84	
154	118	69	
151	63	146	
156	71	117	
154	71	130	
166	99	75	
154	68	132	
158	57	192	
155	59	192	
162	111	71	
155	71	126	
157	137	60	
151	74	116	
164	115	65	
163	114	67	
156	148	59	
164	94	86	
145	159	55	
159	59	190	
155	82	101	
161	96	82	
153	87	90	
156	117	70	
160	58	184	
154	69	131	
160	144	59	
163	54	238	
160	82	92	
152	62	167	
152	152	56	
147	175	49	
156	69	130	
165	92	85	
163	112	69	
155	66	144	
151	78	103	
160	56	215	
165	94	81	
154	62	153	
148	158	52	
154	85	89	
160	67	129	
167	129	63	
132	193	49	
161	56	205	
171	107	73	
160	145	58	
156	66	137	
161	70	125	
149	75	113	
168	126	63	
163	59	179	
161	139	57	
169	136	61	
163	55	211	
178	110	71	
168	77	100	
152	74	115	
170	88	86	
170	132	61	
164	90	88	
158	64	143	
152	76	102	
173	96	80	
174	104	74	
158	73	105	
180	107	72	
157	61	162	
162	69	126	
175	93	82	
158	155	48	
169	122	63	
164	58	167	
162	70	122	
134	223	43	
168	79	99	
174	97	78	
173	135	59	
159	64	135	
162	151	56	
178	106	73	
136	201	48	
179	111	69	
162	56	198	
180	48	259	
183	109	71	
178	125	62	
184	91	83	
176	91	85	
163	148	56	
171	80	93	
149	218	39	
171	138	57	
160	154	55	
139	189	48	
183	103	73	
178	130	61	
184	106	69	
159	61	159	
136	216	45	
166	68	113	
176	133	60	
137	199	48	
163	71	116	
164	57	191	
164	66	127	
162	153	55	
175	100	74	
166	57	177	
185	110	68	
191	90	80	
164	70	120	
174	94	80	
176	96	78	
164	72	115	
163	149	55	
166	54	205	
153	165	51	
159	60	161	
181	87	86	
163	66	134	
167	145	56	
182	119	64	
179	128	59	
176	98	75	
177	132	59	
163	60	155	
194	98	71	
140	184	46	
167	62	152	
166	56	191	
190	92	81	
184	93	80	
192	89	85	
191	93	79	
172	81	91	
169	61	148	
189	112	66	
137	215	45	
194	85	88	
185	96	76	
168	154	48	
169	63	139	
177	135	57	
175	79	97	
185	126	61	
138	202	46	
193	97	73	
186	117	62	
165	71	115	
173	144	56	
169	150	52	
197	87	83	
194	82	90	
169	55	202	
193	88	85	
173	70	110	
172	145	53	
186	114	66	
193	93	77	
175	77	99	
166	58	153	
195	86	86	
175	64	133	
175	141	53	
185	116	64	
166	66	126	
189	111	67	
186	75	100	
192	108	68	
195	83	88	
173	61	144	
186	124	61	
171	54	193	
187	76	98	
154	172	50	
169	56	178	
173	52	217	
173	66	125	
180	129	57	
188	99	74	
199	103	70	
210	78	95	
181	65	131	
186	127	59	
193	106	67	
217	85	87	
195	109	64	
177	67	124	
209	77	97	
178	138	56	
219	89	82	
192	92	79	
173	72	109	
195	113	60	
191	122	61	
157	160	50	
194	108	66	
180	66	122	
167	53	212	
190	74	104	
203	94	76	
187	115	64	
185	61	129	
199	105	69	
171	57	164	
203	96	73	
175	62	136	
207	71	107	
175	51	243	
203	92	78	
138	212	43	
213	103	69	
188	116	63	
148	179	47	
187	64	120	
186	64	125	
187	129	55	
182	64	132	
204	95	74	
170	60	150	
216	100	70	
185	47	276	
173	54	179	
157	172	48	
196	114	58	
157	247	38	
208	72	105	
147	199	44	
179	61	134	
188	65	117	
190	128	57	
177	59	149	
223	102	69	
176	61	137	
173	68	112	
179	59	147	
173	53	211	
204	97	71	
177	55	168	
175	53	205	
178	51	233	
205	112	60	
226	99	70	
188	140	54	
185	59	142	
173	146	51	
196	132	54	
204	125	57	
172	153	51	
176	52	204	
176	57	156	
179	53	192	
196	63	126	
180	50	230	
151	198	45	
179	51	216	
157	178	46	
183	145	51	
196	140	51	
197	128	55	
188	59	137	
152	194	45	
166	177	45	
224	122	57	
204	135	52	
185	58	149	
179	55	154	
171	172	46	
222	127	56	
203	63	125	
183	152	49	
150	183	46	
155	187	45	
206	61	127	
147	221	41	
194	64	119	
193	151	49	
186	58	145	
204	60	135	
173	163	47	
206	131	54	
196	150	50	
182	53	179	
195	54	153	
198	144	49	
187	46	266	
214	134	52	
180	52	197	
157	251	37	
191	54	171	
197	57	144	
155	192	44	
148	211	43	
206	113	58	
161	186	45	
149	208	42	
183	51	214	
206	57	136	
186	48	218	
156	196	42	
184	51	203	
206	139	51	
186	52	187	
148	214	41	
176	169	42	
166	185	43	
208	143	49	
183	162	47	
192	54	169	
240	142	50	
206	56	151	
190	160	47	
190	153	48	
181	167	45	
193	54	167	
195	53	172	
199	150	47	
207	55	148	
193	155	47	
175	174	44	
187	164	46	
186	51	190	
174	181	44	
192	52	186	
165	192	43	
188	50	216	
209	56	146	
209	149	47	
195	52	185	
191	163	45	
189	49	215	
238	148	46	
196	52	165	
194	156	46	
190	50	208	
215	56	142	
197	153	47	
175	176	42	
192	49	193	
196	51	181	
157	205	40	
199	53	160	
226	154	46	
196	45	259	
179	231	36	
201	162	45	
166	193	41	
235	151	45	
217	161	45	
186	168	42	
214	164	44	
158	198	40	
200	51	180	
188	47	244	
215	51	178	
198	50	183	
248	163	44	
160	196	41	
215	167	41	
175	192	40	
235	165	43	
184	191	39	
189	186	40	
203	48	212	
195	47	241	
196	46	237	
191	177	41	
201	49	192	
160	219	38	
216	49	190	
207	47	209	
198	47	230	
210	47	208	
159	217	39	
168	197	40	
211	48	203	
170	207	39	
199	46	226	
198	44	287	
189	257	35	
212	47	199	
201	176	41	
203	47	214	
207	171	41	
244	48	196	
171	202	37	
211	177	40	
212	170	40	
173	201	39	
183	198	39	
161	218	38	
212	184	38	
205	46	225	
246	169	40	
214	46	223	
215	46	221	
243	172	39	
199	45	229	
218	46	217	
181	201	37	
194	199	38	
227	45	215	
210	193	37	
211	191	38	
207	43	280	
214	252	34	
201	44	255	
212	45	226	
223	45	220	
209	200	37	
194	227	35	
202	204	36	
243	186	37	
210	44	247	
214	44	242	
215	44	235	
207	203	35	
210	200	36	
241	195	36	
210	43	250	
212	42	276	
220	229	33	
214	43	245	
241	202	35	
231	43	244	
219	222	34	
238	205	34	
216	42	271	
228	42	266	
245	224	32	
248	221	33	
226	41	297	
230	41	292	
