47	313	270	
47	309	293	
48	302	255	
48	295	269	
48	291	292	
49	287	243	
49	279	252	
49	275	275	
50	268	249	
48	311	245	
50	264	272	
51	258	235	
51	248	273	
51	244	296	
52	237	270	
49	322	231	
52	233	293	
53	227	256	
50	289	226	
54	216	253	
50	312	223	
51	297	222	
51	307	216	
52	275	209	
55	215	274	
55	214	285	
56	210	272	
53	283	205	
56	203	282	
53	304	203	
53	339	198	
57	202	266	
58	198	253	
54	299	197	
54	306	193	
58	191	263	
54	329	190	
55	305	187	
60	190	248	
61	181	266	
55	336	185	
56	312	177	
63	180	248	
64	175	290	
57	298	175	
57	320	173	
66	171	271	
57	345	172	
58	335	164	
67	170	245	
68	167	285	
69	166	258	
69	165	295	
59	304	159	
70	162	259	
71	160	282	
61	296	154	
71	158	305	
73	157	271	
73	156	283	
73	154	289	
61	300	152	
73	152	327	
63	300	150	
74	148	320	
64	284	146	
49	313	241	
75	144	308	
65	285	142	
50	276	240	
50	272	245	
77	142	310	
67	290	141	
68	272	139	
77	138	315	
52	247	232	
68	310	138	
51	266	226	
69	297	137	
50	280	236	
70	285	136	
79	134	305	
70	314	135	
71	298	130	
52	255	223	
51	278	223	
50	281	235	
81	133	310	
82	132	315	
82	128	320	
74	303	127	
52	241	266	
53	244	218	
76	309	126	
53	240	233	
84	124	310	
76	324	124	
78	292	123	
55	267	191	
78	310	119	
86	120	324	
55	295	190	
54	281	203	
53	239	245	
52	267	218	
54	231	233	
54	298	202	
79	322	118	
53	252	209	
89	118	313	
52	266	219	
80	316	117	
54	229	236	
53	281	208	
57	206	256	
54	239	224	
54	260	205	
82	309	116	
57	213	236	
89	115	331	
58	287	172	
83	299	115	
55	226	222	
57	210	240	
56	303	186	
56	278	189	
85	291	114	
57	264	185	
55	223	237	
56	282	187	
57	271	182	
85	322	111	
56	222	230	
59	275	170	
91	114	303	
56	221	243	
57	289	177	
56	272	190	
57	217	225	
59	287	167	
91	111	321	
54	249	214	
89	307	109	
55	259	200	
59	291	165	
55	237	213	
54	258	208	
55	247	205	
58	206	243	
93	110	322	
90	322	107	
56	244	191	
57	260	187	
93	109	326	
56	236	200	
55	245	209	
56	230	210	
95	106	336	
58	270	175	
57	225	216	
59	202	235	
92	281	106	
55	246	208	
65	178	250	
94	304	105	
58	214	225	
59	201	251	
65	177	282	
57	223	223	
60	200	233	
95	279	104	
58	213	228	
58	220	209	
97	105	349	
63	188	239	
59	209	232	
95	308	103	
58	262	184	
57	233	209	
59	264	172	
58	217	224	
58	243	185	
99	104	321	
60	198	242	
60	212	204	
58	235	194	
58	268	183	
59	217	207	
97	278	102	
60	204	222	
58	234	202	
60	281	159	
58	231	205	
62	196	240	
59	215	218	
59	213	222	
99	101	325	
99	306	101	
63	192	229	
59	223	197	
59	256	181	
61	198	240	
74	153	298	
59	231	188	
74	152	305	
62	199	235	
100	297	100	
70	165	241	
63	196	220	
66	176	266	
61	201	232	
60	248	178	
69	169	248	
63	190	235	
62	201	220	
72	159	285	
101	304	99	
60	273	168	
60	209	219	
72	158	298	
101	100	338	
60	263	175	
75	150	270	
60	274	167	
102	300	98	
61	246	168	
61	208	217	
60	272	170	
63	186	245	
62	272	162	
61	211	215	
102	99	340	
62	289	157	
75	149	293	
65	184	224	
62	208	214	
104	306	97	
62	205	219	
60	247	184	
62	211	205	
60	240	187	
63	207	204	
61	230	182	
61	222	191	
62	262	167	
62	291	156	
63	202	212	
61	218	202	
104	98	347	
66	182	239	
64	189	233	
105	294	96	
63	271	155	
63	268	156	
63	296	152	
61	221	199	
64	194	219	
63	287	154	
62	215	194	
106	97	348	
64	191	232	
61	238	177	
72	160	250	
107	271	95	
73	159	245	
75	153	252	
67	178	240	
64	198	217	
63	260	165	
76	148	289	
107	94	342	
63	204	211	
61	229	190	
63	213	194	
65	194	207	
109	293	94	
67	183	232	
62	223	185	
74	155	272	
64	205	207	
76	147	302	
63	261	164	
64	210	197	
68	179	230	
74	154	282	
65	191	220	
64	252	163	
77	144	277	
63	235	175	
69	176	219	
63	258	167	
61	237	181	
74	156	263	
63	220	193	
64	261	158	
109	303	93	
64	283	151	
64	233	165	
64	281	154	
77	147	259	
65	205	194	
64	216	187	
69	170	243	
67	186	217	
66	193	218	
65	269	153	
63	222	186	
78	143	294	
63	227	184	
79	140	267	
65	203	201	
70	174	229	
76	149	287	
111	297	92	
64	225	174	
65	277	151	
68	181	229	
74	158	254	
67	193	215	
66	202	193	
71	162	248	
65	255	161	
65	214	181	
68	188	206	
109	93	355	
66	197	202	
65	283	150	
66	275	147	
113	319	91	
66	257	156	
64	224	178	
70	172	236	
65	212	188	
68	185	221	
64	219	184	
66	267	152	
65	260	159	
66	250	160	
69	288	138	
66	263	154	
65	251	163	
65	211	193	
110	92	357	
72	167	227	
114	304	90	
66	205	191	
66	274	151	
66	249	162	
67	195	196	
67	271	143	
69	187	213	
67	239	160	
69	181	217	
66	279	145	
79	139	303	
67	248	155	
79	143	249	
67	206	190	
70	186	211	
66	223	176	
112	91	364	
66	232	167	
67	263	152	
80	139	284	
67	268	150	
68	215	171	
68	206	184	
70	184	216	
116	304	89	
66	213	187	
80	137	299	
67	224	171	
76	152	253	
69	194	204	
70	185	215	
67	260	154	
70	187	197	
71	183	210	
68	255	149	
76	151	262	
73	163	244	
70	194	188	
74	164	230	
67	270	149	
114	90	365	
72	175	226	
68	200	194	
75	158	244	
71	181	215	
68	204	189	
81	136	292	
117	277	88	
73	173	220	
81	138	272	
83	129	313	
71	180	218	
67	231	169	
68	259	147	
75	162	238	
69	199	190	
68	209	181	
72	179	207	
68	230	169	
78	146	274	
83	132	295	
68	242	158	
71	186	209	
82	134	296	
69	223	170	
68	238	160	
75	161	241	
72	176	213	
76	157	244	
72	185	201	
70	196	184	
117	89	303	
68	231	166	
73	172	223	
68	235	164	
69	205	186	
69	228	165	
69	243	151	
68	213	179	
69	262	144	
120	271	86	
71	297	134	
77	151	254	
76	156	248	
74	167	221	
84	130	286	
69	232	157	
72	279	135	
76	158	237	
70	277	138	
69	227	169	
70	207	178	
74	172	215	
76	162	232	
77	155	238	
70	225	160	
72	284	134	
82	137	278	
117	88	350	
77	290	125	
73	181	196	
70	193	196	
70	212	173	
78	154	227	
72	294	132	
70	223	165	
70	205	182	
78	149	250	
83	135	293	
71	187	191	
69	231	163	
75	165	228	
82	136	281	
73	178	205	
70	222	170	
69	266	142	
78	153	240	
71	274	136	
77	301	124	
77	158	229	
71	207	168	
84	133	268	
78	148	251	
71	242	147	
70	255	147	
74	176	208	
75	170	215	
71	199	179	
77	166	214	
84	129	308	
72	293	133	
70	236	154	
75	175	208	
70	261	143	
117	87	352	
73	289	131	
77	164	218	
71	250	146	
70	269	139	
72	297	131	
85	129	289	
76	172	204	
121	307	85	
78	152	249	
75	281	129	
85	128	295	
71	218	162	
79	149	245	
72	250	143	
74	288	130	
71	268	140	
74	278	133	
73	190	183	
75	284	128	
74	178	199	
71	205	176	
72	255	142	
87	123	310	
85	127	304	
72	261	138	
75	177	206	
119	86	345	
73	272	134	
78	163	225	
80	142	266	
72	226	156	
74	284	131	
72	235	150	
83	136	279	
76	296	127	
124	280	83	
82	142	251	
80	149	243	
72	204	178	
87	126	292	
88	122	300	
74	186	194	
71	198	181	
77	171	209	
79	162	217	
82	139	263	
82	141	260	
73	199	178	
72	217	166	
73	201	177	
72	197	183	
75	185	190	
81	145	235	
72	205	174	
77	169	212	
79	160	221	
73	215	156	
73	271	136	
87	125	301	
74	189	189	
88	121	303	
72	233	155	
74	201	167	
83	138	270	
75	183	195	
73	197	181	
76	175	202	
71	221	161	
75	266	132	
74	260	135	
120	85	334	
73	254	141	
78	169	207	
74	192	180	
76	178	193	
72	249	146	
75	280	130	
85	132	285	
73	230	153	
73	209	166	
73	206	169	
77	280	127	
87	124	306	
79	165	205	
86	131	275	
75	189	183	
76	187	180	
73	244	146	
88	120	319	
77	173	201	
79	157	226	
75	265	133	
73	260	140	
74	198	175	
84	138	266	
74	247	143	
83	140	258	
74	236	146	
80	288	121	
86	128	291	
79	159	225	
77	176	200	
74	258	138	
76	181	191	
75	194	177	
80	159	223	
74	212	161	
81	153	229	
85	136	248	
88	124	285	
74	229	154	
78	176	198	
77	182	188	
74	233	152	
80	164	209	
74	248	142	
81	154	221	
79	169	201	
77	254	130	
90	116	309	
80	161	218	
75	251	139	
122	84	335	
74	267	134	
84	140	250	
87	129	282	
87	130	271	
75	227	154	
75	241	145	
88	125	282	
82	151	229	
79	175	190	
80	163	214	
127	311	82	
75	229	149	
80	160	220	
79	172	196	
78	183	182	
75	200	173	
80	155	226	
76	241	143	
82	143	245	
76	221	151	
79	174	192	
76	211	157	
81	160	215	
80	303	120	
76	196	176	
77	198	173	
78	277	126	
81	159	220	
76	281	128	
76	192	178	
76	206	164	
77	179	192	
86	135	254	
75	253	138	
76	253	134	
77	192	175	
90	118	290	
82	159	204	
76	247	141	
77	278	129	
82	148	234	
76	200	167	
82	156	213	
123	83	355	
76	245	142	
83	150	227	
76	230	146	
78	279	125	
88	129	277	
78	190	170	
78	268	127	
83	286	119	
87	133	262	
89	123	291	
84	144	237	
76	236	145	
130	276	80	
79	178	188	
77	188	179	
76	250	140	
80	287	122	
80	165	199	
77	207	162	
86	142	242	
77	249	138	
84	153	223	
84	145	231	
78	182	187	
87	132	270	
82	285	120	
77	205	166	
89	126	274	
77	238	141	
85	143	234	
77	248	139	
81	164	206	
83	288	118	
90	121	272	
88	131	269	
80	180	186	
77	219	152	
80	177	187	
85	150	212	
77	224	149	
78	244	135	
78	199	163	
86	138	247	
80	170	198	
89	132	250	
89	129	270	
78	210	156	
79	185	179	
81	178	178	
84	154	212	
81	173	189	
86	141	244	
79	189	178	
80	286	123	
84	149	230	
125	82	320	
77	252	137	
81	171	193	
77	217	155	
78	231	144	
81	273	123	
78	209	160	
88	134	251	
86	149	217	
80	185	175	
77	229	148	
89	131	263	
79	194	166	
81	170	197	
87	140	246	
86	148	224	
79	205	160	
89	130	266	
81	168	198	
79	228	144	
77	218	154	
86	297	113	
88	138	238	
78	235	141	
78	240	140	
88	141	235	
78	213	154	
80	176	189	
88	133	257	
82	168	191	
79	274	126	
79	224	148	
83	156	207	
87	145	220	
83	164	201	
79	219	149	
80	275	125	
78	267	128	
89	127	273	
81	205	153	
79	213	152	
82	173	186	
78	243	139	
81	279	121	
79	259	129	
80	194	162	
90	126	267	
82	166	198	
79	226	147	
87	297	112	
77	220	151	
81	177	185	
79	237	138	
84	163	200	
79	230	143	
126	81	315	
81	187	165	
80	270	126	
91	127	257	
78	248	133	
83	165	195	
88	143	230	
90	131	251	
133	249	78	
81	199	161	
80	219	145	
88	136	244	
80	256	127	
84	162	201	
81	266	125	
93	113	304	
80	210	155	
80	232	137	
84	164	198	
80	213	151	
83	170	188	
88	296	111	
81	184	177	
84	292	116	
83	176	183	
82	176	185	
81	203	158	
88	135	250	
79	243	134	
85	159	199	
92	116	295	
80	212	153	
80	218	150	
89	140	225	
82	182	173	
90	135	243	
86	155	209	
80	250	131	
83	174	185	
84	167	191	
95	111	312	
85	158	206	
81	212	148	
81	229	140	
82	202	152	
90	136	237	
81	226	144	
93	120	274	
84	176	182	
84	173	183	
127	80	345	
83	266	122	
85	164	194	
81	272	124	
84	263	120	
87	154	208	
86	158	201	
84	169	186	
91	134	247	
86	161	196	
81	232	134	
81	228	142	
80	253	129	
86	156	203	
82	200	159	
82	271	124	
97	107	302	
83	179	175	
85	177	175	
83	242	126	
83	186	168	
82	218	142	
92	123	258	
83	263	124	
86	165	189	
84	266	119	
81	237	133	
88	150	208	
88	148	213	
81	243	129	
90	138	235	
93	119	283	
85	285	117	
83	276	121	
84	168	189	
91	133	249	
85	173	181	
83	184	170	
85	277	118	
83	195	155	
92	128	256	
85	171	184	
89	152	205	
92	133	237	
95	113	300	
87	149	216	
81	218	146	
83	249	125	
92	129	255	
93	117	286	
85	176	179	
89	147	216	
87	162	188	
95	109	318	
91	139	223	
82	206	151	
82	226	137	
83	193	157	
90	144	217	
92	130	254	
92	132	244	
83	211	145	
86	164	193	
85	168	187	
84	178	173	
96	111	293	
88	158	194	
86	175	178	
86	180	164	
96	114	271	
88	157	200	
93	130	241	
82	254	128	
91	304	108	
83	192	162	
86	277	116	
86	170	182	
130	78	357	
90	145	216	
82	210	150	
93	131	239	
91	136	233	
90	140	224	
93	116	289	
90	155	197	
136	280	77	
87	168	178	
93	129	243	
84	191	163	
96	110	317	
89	156	197	
84	185	169	
99	106	317	
87	161	190	
82	225	139	
86	272	117	
94	118	281	
82	211	149	
87	167	186	
89	149	212	
87	175	172	
85	187	161	
91	138	232	
90	153	199	
93	128	251	
87	274	114	
84	200	150	
84	248	123	
91	144	213	
91	143	222	
83	218	140	
85	184	167	
84	247	124	
85	185	166	
82	236	132	
84	205	148	
93	121	268	
90	148	207	
87	293	113	
93	138	218	
95	118	273	
89	166	182	
92	142	217	
94	127	250	
90	151	204	
90	291	110	
92	136	232	
83	217	143	
93	133	235	
88	167	184	
94	117	284	
83	200	154	
84	260	122	
82	242	131	
86	179	171	
87	173	176	
90	159	185	
93	126	257	
83	230	135	
93	137	227	
84	212	143	
89	158	192	
86	262	118	
91	147	211	
84	233	130	
88	285	112	
86	192	160	
94	126	256	
95	122	260	
83	224	139	
92	141	219	
94	135	227	
84	210	146	
137	296	76	
91	154	193	
90	152	203	
95	125	250	
91	149	202	
96	120	259	
86	193	152	
85	227	133	
89	167	177	
87	189	160	
84	224	138	
85	217	137	
91	146	212	
87	192	154	
95	127	234	
85	206	146	
88	172	169	
92	147	210	
87	179	166	
84	217	142	
92	140	221	
94	134	230	
92	144	211	
96	121	257	
87	191	158	
93	142	206	
94	131	237	
90	164	184	
86	186	163	
93	146	197	
85	216	140	
91	152	201	
89	290	111	
84	262	121	
85	200	149	
86	251	122	
95	124	252	
88	188	154	
98	113	288	
86	209	143	
86	211	140	
84	235	129	
94	137	226	
86	224	135	
91	163	177	
88	182	163	
92	150	199	
87	249	119	
88	186	156	
91	148	204	
95	133	225	
90	168	174	
94	132	236	
92	158	185	
95	134	222	
96	119	269	
87	204	148	
134	77	363	
92	155	189	
94	138	212	
95	132	227	
89	184	160	
85	263	119	
87	259	117	
98	108	294	
88	204	144	
96	126	245	
89	270	112	
88	176	168	
87	195	151	
95	123	254	
85	236	127	
87	206	145	
85	229	132	
142	273	75	
88	203	147	
97	119	267	
98	111	290	
88	265	116	
88	222	134	
93	150	195	
100	105	305	
91	160	184	
90	178	161	
97	116	270	
91	267	111	
99	113	273	
89	200	144	
87	199	150	
86	226	134	
86	245	125	
90	180	159	
96	125	249	
98	119	260	
86	231	129	
98	118	269	
87	215	139	
92	171	168	
92	161	180	
96	124	250	
99	112	274	
91	176	164	
88	197	150	
89	179	164	
96	137	213	
88	221	136	
97	125	244	
99	118	249	
97	120	256	
88	209	142	
89	193	149	
98	123	240	
91	288	110	
94	149	192	
96	128	231	
89	205	141	
87	241	123	
89	218	133	
98	122	242	
89	222	131	
92	170	170	
91	174	168	
89	216	134	
87	230	131	
93	157	184	
92	166	175	
88	216	137	
85	237	126	
89	213	139	
94	142	203	
99	114	267	
101	103	320	
96	136	221	
88	190	153	
89	199	146	
88	229	129	
98	125	224	
137	76	363	
87	250	118	
89	215	137	
99	109	292	
100	102	323	
94	152	191	
102	104	306	
92	175	165	
99	111	282	
93	168	168	
88	235	125	
95	138	210	
92	268	110	
93	159	182	
90	185	158	
93	156	188	
97	136	202	
89	198	147	
144	311	74	
89	269	113	
98	120	255	
97	129	220	
90	212	134	
88	232	128	
94	153	190	
91	186	151	
90	210	136	
100	110	289	
93	173	161	
89	210	140	
92	184	156	
93	167	174	
94	156	185	
88	242	122	
105	100	307	
90	255	114	
100	117	253	
93	165	175	
91	185	154	
90	193	148	
95	153	187	
87	240	125	
93	158	183	
95	139	209	
93	161	177	
95	152	188	
90	254	115	
90	209	139	
90	204	143	
95	142	201	
89	224	130	
94	157	181	
92	183	157	
94	166	167	
102	107	289	
105	98	342	
104	103	299	
89	233	126	
94	163	172	
96	140	196	
97	132	219	
87	236	126	
102	109	277	
91	196	147	
91	204	139	
105	99	309	
91	202	142	
103	106	295	
88	243	121	
89	228	128	
93	178	156	
94	158	180	
101	108	290	
92	193	143	
93	171	167	
100	115	265	
89	235	123	
102	102	322	
95	155	186	
95	149	190	
92	191	150	
97	135	216	
89	225	129	
90	199	145	
88	256	117	
105	102	298	
90	224	127	
96	154	178	
96	146	193	
95	159	170	
90	219	130	
94	171	162	
101	114	260	
101	111	279	
107	97	334	
106	98	304	
140	75	368	
93	187	144	
88	248	120	
94	180	149	
91	208	137	
102	101	324	
97	134	218	
90	261	112	
104	105	291	
100	120	235	
145	276	73	
90	240	118	
90	228	126	
101	113	272	
92	198	141	
89	253	117	
97	151	180	
98	130	217	
90	234	124	
98	135	214	
91	212	133	
93	177	159	
96	153	185	
99	124	235	
102	113	258	
93	274	107	
102	111	274	
92	185	153	
95	170	165	
92	206	136	
91	229	121	
98	132	216	
91	218	130	
95	158	178	
97	146	190	
94	176	159	
97	150	181	
102	108	288	
104	104	297	
92	202	139	
102	112	270	
99	131	213	
91	217	132	
91	222	128	
102	116	248	
96	169	162	
103	107	287	
91	248	117	
93	211	132	
95	175	157	
92	214	132	
104	106	278	
97	145	194	
99	134	211	
93	203	138	
97	149	188	
93	209	134	
97	155	174	
96	168	164	
95	165	167	
93	197	139	
92	248	116	
92	215	131	
92	218	129	
100	118	247	
96	174	157	
93	186	146	
103	111	266	
92	223	124	
103	110	268	
101	124	226	
142	74	340	
102	114	256	
98	144	192	
98	145	189	
94	200	137	
96	178	152	
97	165	162	
100	127	210	
98	161	168	
108	95	340	
95	172	161	
94	205	135	
96	172	159	
101	117	249	
99	147	184	
92	260	113	
146	265	71	
102	117	246	
94	267	108	
93	263	111	
93	195	142	
93	217	130	
93	220	126	
100	130	209	
96	177	154	
93	242	113	
99	128	223	
109	95	333	
92	247	117	
99	140	192	
91	239	120	
103	118	225	
109	97	331	
97	167	160	
94	212	130	
101	120	233	
94	213	129	
98	136	200	
100	135	204	
94	209	133	
94	208	134	
92	237	119	
104	109	275	
97	174	155	
105	104	286	
94	192	141	
105	111	248	
95	200	136	
103	115	243	
94	216	128	
98	164	166	
93	260	112	
110	97	307	
95	207	132	
97	171	157	
94	266	109	
111	93	328	
96	184	144	
102	122	221	
105	105	273	
99	157	171	
100	151	176	
94	248	112	
105	109	266	
94	260	111	
100	132	208	
93	234	120	
95	262	107	
99	139	197	
95	206	133	
100	141	189	
99	146	187	
95	192	138	
99	161	166	
95	204	135	
94	223	123	
95	191	141	
107	101	289	
94	218	127	
95	209	131	
101	134	203	
96	274	105	
100	149	180	
103	113	250	
110	96	319	
96	202	134	
101	125	218	
98	173	153	
96	198	135	
99	163	164	
98	170	159	
93	238	117	
100	136	198	
96	186	141	
101	145	181	
144	73	353	
102	160	161	
96	183	145	
95	217	124	
103	116	237	
112	92	317	
95	259	110	
98	179	145	
113	91	359	
94	235	116	
105	110	263	
95	197	137	
99	156	173	
94	231	120	
100	296	101	
96	211	127	
95	210	130	
94	224	122	
101	133	204	
96	258	109	
109	94	335	
100	154	174	
99	173	148	
99	167	159	
101	135	201	
96	204	133	
100	165	157	
101	136	196	
101	268	101	
102	156	168	
98	178	150	
101	157	170	
98	172	155	
101	144	188	
96	257	111	
95	212	129	
95	216	126	
106	108	258	
96	207	131	
95	229	119	
102	121	230	
96	205	132	
102	274	99	
101	155	173	
100	161	162	
102	150	179	
102	139	193	
97	246	109	
96	273	106	
101	153	175	
110	94	328	
102	140	186	
114	91	318	
96	209	130	
102	129	203	
100	171	150	
94	228	121	
97	203	133	
98	260	105	
115	90	338	
102	155	172	
97	196	137	
97	201	134	
103	147	176	
103	152	169	
101	279	100	
97	209	129	
97	208	130	
107	104	271	
97	191	138	
96	227	121	
107	100	301	
103	151	170	
98	202	131	
102	158	166	
102	134	201	
100	168	156	
96	233	116	
102	152	175	
96	218	123	
96	197	136	
103	138	192	
103	135	197	
102	147	180	
99	172	154	
106	107	272	
98	198	134	
98	193	137	
97	211	126	
109	103	271	
97	222	121	
98	205	129	
102	126	213	
97	190	139	
104	140	179	
95	241	115	
97	226	119	
101	164	161	
99	271	104	
99	191	135	
99	197	130	
97	217	122	
111	94	322	
106	113	234	
101	165	153	
97	210	128	
98	185	141	
96	216	125	
109	100	290	
96	238	115	
96	232	118	
104	132	202	
103	137	193	
108	107	258	
99	188	140	
103	134	198	
97	255	108	
104	124	218	
149	72	354	
100	182	143	
102	164	160	
98	209	126	
103	158	161	
98	211	125	
97	229	118	
104	139	190	
100	184	140	
104	156	161	
109	99	294	
105	272	97	
105	129	199	
104	125	211	
152	269	70	
104	115	239	
104	150	173	
96	241	113	
111	96	304	
105	115	236	
110	99	280	
98	208	127	
99	178	147	
104	279	98	
108	110	247	
97	216	123	
105	133	195	
98	217	120	
100	185	137	
99	272	103	
103	161	158	
98	228	117	
97	237	114	
104	123	220	
106	117	227	
98	190	138	
104	135	196	
105	138	189	
103	127	206	
103	155	168	
98	207	128	
108	106	263	
98	215	122	
98	257	107	
101	179	140	
97	245	110	
106	136	183	
99	196	131	
105	149	169	
101	177	143	
105	139	185	
112	95	299	
104	118	223	
105	120	211	
98	231	114	
105	137	191	
105	132	196	
98	239	112	
99	203	128	
99	209	123	
103	126	212	
104	155	166	
98	223	119	
99	195	134	
105	146	173	
101	169	152	
105	154	164	
102	176	145	
100	257	103	
108	109	251	
99	224	117	
106	111	240	
98	240	111	
101	204	127	
104	126	209	
106	135	190	
104	163	157	
100	191	133	
103	171	145	
108	105	269	
99	208	125	
99	249	108	
105	152	168	
103	169	148	
105	145	178	
100	202	128	
100	189	136	
105	158	157	
100	224	116	
98	238	113	
105	163	154	
112	93	303	
106	116	233	
106	134	194	
105	128	205	
101	207	124	
99	255	107	
100	219	117	
103	166	152	
101	200	129	
106	144	177	
152	71	336	
110	105	266	
100	253	106	
106	151	165	
109	106	249	
99	234	113	
113	97	270	
108	113	226	
101	205	126	
106	128	202	
101	184	136	
106	125	206	
108	130	190	
102	193	130	
101	190	135	
105	125	209	
111	102	268	
153	280	69	
100	214	121	
106	131	195	
106	145	176	
106	147	170	
103	168	151	
109	104	270	
101	222	115	
99	244	110	
106	126	205	
100	236	109	
102	201	125	
107	115	233	
102	182	139	
101	212	120	
102	189	133	
103	172	144	
111	103	259	
107	143	171	
102	198	129	
105	162	156	
107	155	160	
106	118	221	
105	165	150	
109	125	202	
101	250	106	
109	109	236	
102	177	142	
108	120	207	
102	200	128	
103	186	133	
108	135	188	
107	117	217	
106	149	168	
101	247	108	
100	218	118	
107	158	151	
106	162	153	
105	157	160	
104	182	134	
100	232	113	
105	176	142	
107	128	200	
106	163	152	
111	100	272	
107	140	175	
101	211	122	
102	220	114	
108	152	154	
103	190	128	
107	150	164	
109	111	224	
106	138	182	
103	181	139	
101	235	110	
106	165	148	
101	216	118	
105	177	141	
102	206	123	
102	209	121	
103	197	126	
106	170	144	
108	129	197	
106	175	140	
107	156	156	
104	249	102	
103	238	104	
102	236	108	
101	234	112	
109	133	180	
102	249	107	
107	148	169	
106	139	181	
102	225	111	
104	180	136	
103	203	124	
109	127	201	
108	125	205	
108	128	199	
114	278	91	
118	88	298	
107	169	143	
107	149	166	
107	164	147	
102	215	118	
105	261	100	
108	148	168	
107	139	180	
108	116	224	
106	177	139	
109	147	162	
110	126	196	
110	124	206	
103	206	122	
156	70	304	
114	95	298	
109	128	196	
110	108	248	
108	136	179	
109	144	169	
102	214	119	
112	104	239	
103	189	131	
115	94	289	
158	280	68	
103	204	123	
111	108	237	
111	121	198	
105	259	101	
107	171	142	
103	213	117	
108	119	213	
111	127	187	
102	211	120	
103	211	119	
109	116	215	
108	175	135	
108	151	161	
106	186	128	
107	142	174	
104	201	124	
110	130	187	
108	149	165	
110	296	93	
104	200	125	
118	87	345	
108	139	177	
103	208	121	
104	205	118	
107	168	145	
105	192	125	
102	219	115	
112	101	261	
105	269	99	
114	92	316	
108	173	140	
103	212	118	
107	163	150	
111	107	247	
110	144	164	
105	199	121	
110	125	199	
109	142	173	
102	230	110	
115	91	293	
106	184	131	
103	216	115	
109	141	174	
109	164	143	
111	114	221	
111	136	175	
114	94	300	
109	162	148	
110	140	169	
109	163	146	
110	139	176	
102	224	113	
104	231	107	
109	119	212	
110	290	94	
109	168	138	
110	117	213	
111	130	186	
112	110	226	
110	158	146	
108	181	132	
103	220	113	
111	149	160	
119	87	328	
112	119	204	
109	150	161	
107	258	99	
105	197	124	
104	213	116	
113	103	257	
116	96	272	
112	287	93	
111	132	185	
112	111	220	
105	212	117	
110	156	149	
114	98	262	
103	218	114	
111	139	174	
105	218	112	
111	261	94	
158	69	367	
112	116	211	
112	145	158	
111	124	196	
112	126	191	
109	180	133	
112	115	217	
104	228	110	
113	102	260	
108	268	98	
107	248	101	
114	102	250	
112	132	182	
108	191	127	
106	207	117	
111	143	167	
161	239	67	
110	134	179	
112	109	232	
106	196	123	
112	139	169	
106	204	120	
105	213	114	
113	131	182	
110	175	133	
111	113	222	
114	135	173	
110	162	141	
109	181	130	
109	190	127	
113	116	207	
106	211	115	
107	250	100	
107	224	109	
112	135	178	
113	275	92	
113	123	193	
107	199	120	
105	225	110	
108	194	124	
113	142	164	
111	174	130	
105	222	111	
109	191	125	
111	154	152	
116	94	286	
120	86	320	
109	263	98	
113	114	216	
106	241	103	
113	108	232	
112	150	155	
110	189	123	
108	198	121	
114	127	183	
108	204	118	
114	101	258	
110	263	97	
111	173	133	
109	184	129	
107	230	105	
110	187	125	
115	104	235	
106	210	116	
114	134	175	
113	139	168	
114	132	180	
115	113	213	
105	217	113	
114	138	170	
108	197	122	
108	203	119	
109	192	123	
114	120	200	
114	109	230	
115	132	178	
116	275	90	
117	95	267	
106	218	110	
107	206	115	
112	168	133	
106	213	112	
114	113	219	
110	195	122	
113	251	93	
109	201	119	
114	141	167	
114	124	190	
107	229	108	
110	185	127	
112	154	151	
113	153	149	
115	101	250	
116	99	256	
114	144	163	
115	118	206	
116	133	172	
114	148	157	
111	182	127	
116	131	173	
115	103	241	
115	109	228	
108	220	108	
108	247	101	
113	161	140	
112	166	136	
114	121	194	
110	197	118	
110	248	98	
109	203	118	
107	211	113	
108	205	116	
114	126	189	
115	119	200	
115	140	164	
110	265	96	
117	128	181	
117	93	288	
116	117	197	
116	115	205	
115	144	162	
116	108	226	
109	242	101	
116	110	223	
113	150	153	
110	246	99	
116	136	171	
117	107	220	
114	155	145	
116	139	160	
111	193	120	
114	149	156	
164	68	340	
116	112	218	
110	204	113	
113	160	144	
115	123	188	
108	227	107	
115	138	168	
119	94	284	
108	215	109	
111	186	126	
164	231	66	
112	181	128	
117	133	163	
109	208	112	
116	150	152	
110	202	115	
115	149	155	
116	101	247	
115	126	187	
116	145	156	
107	237	104	
118	125	180	
115	146	157	
108	238	103	
116	114	212	
120	94	269	
111	249	97	
117	111	209	
112	185	126	
113	179	129	
113	186	120	
108	232	104	
117	106	233	
112	187	123	
116	126	186	
120	93	275	
118	100	251	
117	150	151	
118	129	178	
117	146	153	
117	92	289	
108	248	100	
116	138	165	
108	229	106	
115	122	191	
109	219	107	
114	180	126	
115	165	138	
111	200	117	
114	157	144	
117	124	186	
114	160	142	
116	143	159	
110	232	100	
108	211	112	
118	101	242	
118	97	266	
110	224	106	
114	185	123	
114	175	128	
118	105	229	
113	196	117	
117	151	150	
117	120	194	
108	214	110	
117	153	146	
109	235	103	
117	98	258	
119	96	263	
115	164	139	
113	181	127	
115	159	141	
116	116	204	
118	110	213	
114	173	132	
118	144	158	
114	183	125	
122	87	317	
109	211	110	
119	130	175	
113	195	118	
118	121	192	
112	197	116	
122	85	333	
120	91	286	
117	114	206	
109	229	105	
120	99	239	
118	149	147	
118	103	239	
117	148	152	
123	84	310	
117	161	139	
118	115	202	
116	164	137	
113	194	119	
118	155	143	
117	171	130	
119	122	181	
119	117	193	
119	100	244	
119	143	150	
112	254	96	
110	228	103	
119	126	179	
120	97	256	
123	87	298	
121	90	287	
119	142	155	
115	179	127	
120	126	174	
115	184	121	
119	103	238	
114	191	117	
119	121	190	
115	167	134	
111	216	105	
122	91	279	
115	182	125	
120	106	218	
119	131	169	
117	156	144	
118	163	138	
112	200	114	
117	145	155	
165	67	340	
120	104	230	
111	212	108	
119	157	141	
119	114	201	
111	207	111	
120	111	205	
120	103	237	
115	183	122	
116	177	125	
116	165	136	
115	160	140	
119	119	192	
165	271	65	
120	135	158	
118	166	135	
122	98	250	
117	170	132	
119	152	145	
121	103	228	
119	160	138	
119	116	200	
112	243	98	
119	163	133	
115	267	92	
115	174	129	
116	180	124	
120	109	217	
121	118	191	
114	192	116	
121	121	187	
112	206	110	
112	260	94	
117	164	136	
113	197	115	
119	159	140	
122	95	259	
120	114	198	
120	129	172	
111	225	103	
121	100	232	
120	105	227	
118	169	130	
113	203	111	
120	95	263	
119	151	146	
121	109	210	
111	213	107	
119	154	144	
122	118	184	
118	173	127	
122	89	295	
114	190	118	
120	160	133	
116	249	91	
117	176	126	
120	155	139	
118	167	133	
115	201	108	
122	93	263	
116	182	123	
113	230	98	
121	139	157	
119	166	130	
119	110	212	
117	188	116	
120	144	149	
123	97	252	
118	172	129	
121	105	219	
118	175	124	
112	209	108	
121	148	142	
122	111	202	
121	108	214	
111	230	102	
114	197	114	
122	116	192	
120	154	141	
123	91	267	
120	110	211	
123	89	276	
121	130	164	
117	181	121	
113	240	97	
121	124	175	
112	222	104	
123	96	255	
121	141	155	
116	194	111	
120	156	138	
119	171	129	
123	98	242	
120	148	147	
120	171	126	
119	180	121	
114	223	101	
123	104	225	
122	126	173	
117	187	117	
122	300	85	
123	142	147	
114	244	96	
116	184	120	
123	114	194	
121	110	209	
122	129	168	
120	169	129	
123	88	290	
123	140	152	
122	107	216	
122	159	135	
125	97	244	
122	147	148	
115	190	117	
119	179	123	
125	85	306	
123	113	200	
123	126	170	
118	186	118	
122	110	208	
114	214	103	
120	164	131	
122	122	177	
113	212	106	
124	108	210	
167	66	353	
125	96	252	
124	100	228	
117	190	114	
124	95	256	
116	192	114	
123	117	191	
120	177	120	
117	257	90	
123	153	135	
119	183	119	
123	139	155	
122	121	183	
121	170	123	
123	110	205	
124	103	224	
118	181	120	
123	106	214	
122	94	262	
123	137	157	
171	246	64	
122	134	158	
122	150	141	
124	109	206	
115	207	106	
123	154	134	
122	165	126	
124	113	194	
125	93	256	
114	247	95	
125	116	188	
125	103	221	
125	86	305	
124	111	200	
123	120	182	
125	138	155	
126	86	287	
123	147	146	
126	96	244	
122	160	132	
123	284	85	
125	107	205	
125	87	286	
125	95	255	
118	269	89	
120	181	118	
123	115	193	
125	118	180	
124	133	159	
125	124	173	
124	127	169	
123	99	233	
126	104	218	
126	94	254	
125	130	162	
126	138	151	
125	110	204	
116	229	100	
125	111	198	
126	100	223	
120	185	117	
125	128	165	
125	88	284	
124	146	140	
124	98	234	
115	241	96	
126	115	191	
127	136	155	
116	235	96	
127	94	250	
127	105	217	
123	162	131	
115	220	102	
123	152	140	
124	135	157	
123	141	151	
124	128	168	
116	213	105	
126	123	174	
117	221	100	
126	110	201	
133	79	328	
116	246	95	
124	92	264	
123	164	129	
118	200	110	
118	188	115	
121	183	115	
125	117	187	
121	176	122	
119	191	112	
128	102	214	
127	114	186	
125	120	179	
125	106	213	
126	125	172	
117	207	104	
126	97	236	
117	239	95	
126	145	144	
126	90	273	
127	85	300	
119	196	109	
126	112	197	
126	151	136	
127	140	148	
131	80	315	
126	132	159	
124	161	128	
115	206	107	
127	106	204	
125	157	133	
122	175	119	
117	242	94	
118	272	88	
122	176	118	
126	120	178	
126	127	168	
117	226	98	
127	124	171	
127	122	175	
127	111	196	
126	91	258	
128	134	154	
116	214	101	
128	117	183	
126	103	220	
120	189	112	
127	144	146	
127	109	201	
118	205	104	
128	125	168	
128	95	242	
122	174	122	
128	132	155	
126	121	177	
128	84	297	
127	113	190	
127	110	198	
127	90	267	
123	167	125	
128	127	161	
126	129	164	
128	88	280	
128	110	194	
129	105	204	
125	133	157	
125	159	132	
127	130	161	
118	202	107	
128	309	82	
123	184	114	
129	121	170	
126	99	229	
118	222	97	
125	91	265	
120	268	89	
123	181	116	
128	137	151	
126	159	127	
123	170	121	
172	65	328	
127	96	241	
128	144	141	
129	141	144	
128	120	175	
129	83	292	
126	150	139	
121	263	87	
128	93	252	
127	139	149	
128	89	268	
128	129	160	
130	116	183	
126	158	131	
129	257	82	
172	286	63	
118	248	93	
127	118	177	
134	78	330	
127	128	164	
120	195	108	
125	165	124	
129	125	158	
128	106	203	
119	192	111	
118	208	102	
129	112	193	
117	225	99	
128	135	153	
128	109	200	
120	237	93	
128	87	283	
130	88	257	
128	154	132	
130	117	175	
128	148	139	
129	95	226	
129	94	239	
128	141	147	
123	187	113	
127	150	138	
119	201	105	
130	107	198	
124	176	116	
130	104	210	
129	100	219	
129	136	148	
121	194	109	
130	112	188	
128	96	236	
119	233	94	
131	121	168	
128	92	256	
119	220	96	
125	174	116	
128	136	152	
130	115	185	
126	165	123	
128	99	228	
119	215	100	
136	77	336	
118	240	94	
123	190	108	
128	90	261	
122	193	110	
122	199	103	
129	149	137	
129	139	146	
130	87	278	
127	163	125	
129	150	134	
129	93	249	
131	110	190	
123	255	89	
128	157	131	
131	116	176	
131	114	184	
124	184	113	
124	180	114	
129	91	254	
125	173	117	
120	247	92	
124	188	112	
124	276	85	
129	156	126	
130	109	197	
129	120	172	
130	129	151	
130	82	312	
129	143	143	
130	103	213	
120	256	90	
130	143	137	
130	86	280	
129	134	153	
132	123	162	
126	169	120	
132	114	179	
131	112	185	
126	182	112	
125	171	120	
129	133	154	
123	189	111	
123	197	106	
131	109	192	
131	99	224	
131	92	252	
121	255	90	
121	245	92	
132	103	208	
132	104	204	
131	84	284	
132	100	213	
132	93	245	
129	153	133	
129	89	257	
126	167	122	
123	250	90	
130	141	143	
131	82	293	
126	186	111	
131	138	143	
120	213	99	
130	149	129	
133	117	171	
130	135	147	
121	206	100	
132	87	272	
132	108	193	
132	91	251	
130	106	200	
122	240	91	
132	95	222	
127	172	118	
120	226	95	
125	183	113	
123	261	87	
129	164	121	
127	175	115	
131	102	213	
124	195	105	
126	188	110	
134	92	240	
132	111	187	
132	139	142	
129	160	125	
132	120	169	
128	165	121	
138	76	340	
130	148	136	
133	101	207	
129	168	119	
133	113	183	
132	105	203	
131	162	123	
179	64	326	
125	248	88	
133	93	238	
133	99	217	
132	89	253	
132	121	166	
131	81	307	
124	264	86	
131	134	150	
134	86	261	
132	142	140	
125	272	84	
133	107	191	
121	219	98	
125	193	106	
179	264	62	
127	181	113	
127	177	114	
127	185	111	
124	239	89	
134	105	197	
131	144	135	
127	187	108	
133	135	145	
131	106	199	
134	109	188	
133	125	156	
122	233	93	
131	94	233	
122	232	94	
123	216	94	
130	171	117	
132	109	190	
133	133	149	
134	115	176	
133	84	282	
129	179	113	
128	182	111	
134	113	179	
133	87	269	
127	186	110	
134	112	181	
133	106	196	
135	110	183	
123	236	92	
133	141	136	
134	79	327	
135	90	250	
135	103	204	
141	75	313	
135	104	200	
122	204	102	
133	159	124	
134	121	164	
131	167	119	
134	118	168	
135	78	317	
127	192	104	
132	148	133	
131	170	117	
134	120	166	
129	181	110	
135	98	218	
136	90	249	
134	116	171	
134	84	270	
134	155	123	
135	133	146	
132	157	125	
126	263	85	
134	110	187	
131	171	116	
126	237	86	
122	219	97	
133	123	159	
137	88	243	
132	163	120	
128	190	106	
135	140	138	
135	131	150	
135	114	177	
130	178	111	
121	211	99	
133	127	155	
135	136	144	
126	198	99	
130	177	112	
132	169	114	
123	215	98	
128	175	114	
134	90	251	
134	147	133	
129	186	109	
125	201	102	
136	99	213	
133	161	123	
131	174	111	
134	154	128	
123	230	93	
133	80	303	
133	83	289	
133	162	121	
135	102	205	
124	212	98	
138	100	211	
126	197	102	
135	122	161	
135	106	194	
125	205	96	
136	102	199	
135	108	188	
136	115	175	
137	132	143	
124	230	92	
132	168	116	
134	93	236	
130	181	108	
135	138	141	
134	127	152	
126	194	105	
136	135	143	
127	269	83	
135	144	133	
132	166	119	
136	107	187	
129	189	107	
137	95	217	
135	152	126	
134	94	229	
134	148	132	
124	237	91	
137	117	166	
134	156	122	
137	113	175	
136	114	176	
138	112	179	
136	98	215	
137	115	172	
137	111	182	
133	164	118	
135	120	164	
137	105	196	
134	83	284	
139	100	206	
136	109	186	
130	183	107	
135	93	228	
136	139	140	
136	81	298	
124	227	93	
137	131	148	
136	106	192	
136	121	163	
137	92	230	
137	137	139	
138	101	198	
137	129	150	
138	111	180	
135	123	158	
136	133	145	
136	147	131	
138	104	195	
137	77	332	
136	101	203	
125	229	91	
136	126	153	
139	98	210	
138	108	184	
136	79	308	
138	91	238	
134	161	121	
130	185	106	
137	121	155	
135	86	256	
134	82	292	
130	179	110	
139	112	177	
138	113	171	
139	105	188	
128	194	103	
135	163	115	
131	188	105	
138	142	131	
138	119	165	
138	136	140	
138	125	148	
136	150	127	
139	110	179	
138	116	169	
134	162	119	
180	63	318	
138	97	213	
128	268	84	
138	106	190	
137	120	162	
137	145	130	
136	82	280	
127	248	85	
124	238	90	
125	221	92	
135	160	121	
136	127	151	
140	77	314	
181	278	61	
138	131	144	
135	83	283	
134	172	111	
140	116	164	
138	81	274	
135	154	124	
138	109	183	
138	140	136	
139	137	137	
136	94	225	
126	218	89	
136	161	115	
138	134	142	
140	99	207	
139	76	338	
139	117	165	
134	178	109	
140	110	176	
132	179	107	
139	111	178	
137	85	267	
136	156	120	
141	102	192	
139	114	169	
131	189	104	
140	118	162	
140	109	181	
140	104	194	
129	196	102	
139	116	167	
138	147	128	
138	80	294	
140	100	198	
137	152	122	
139	90	236	
134	168	115	
129	192	103	
141	119	156	
140	76	318	
139	124	147	
137	149	128	
140	141	135	
142	107	179	
135	177	105	
140	112	175	
139	91	230	
141	134	138	
131	194	102	
135	170	112	
139	150	124	
137	82	274	
141	108	182	
139	94	222	
140	78	309	
125	210	95	
129	197	101	
132	187	105	
137	86	252	
138	85	261	
135	176	110	
142	112	168	
138	79	303	
140	129	146	
140	95	213	
142	105	184	
141	99	200	
140	90	220	
140	139	136	
141	137	135	
141	109	179	
139	136	139	
142	140	133	
141	115	165	
141	143	127	
140	98	209	
136	159	119	
133	183	106	
133	186	102	
141	97	209	
136	168	114	
137	154	120	
132	193	99	
142	130	140	
141	104	191	
128	204	98	
142	111	170	
137	174	107	
140	144	129	
141	98	208	
141	130	144	
137	169	111	
139	84	262	
141	123	149	
138	162	114	
134	184	102	
140	136	138	
140	89	233	
129	203	98	
142	104	189	
141	149	126	
142	97	207	
142	116	162	
136	176	109	
139	160	114	
142	109	178	
139	144	130	
139	85	251	
142	118	159	
134	181	106	
127	211	92	
138	167	110	
141	79	298	
131	200	97	
138	157	119	
143	98	205	
141	101	194	
140	82	270	
131	268	81	
143	124	145	
140	86	248	
143	110	175	
137	173	110	
143	135	134	
143	137	131	
143	109	177	
140	80	289	
144	96	201	
142	127	146	
142	148	125	
142	94	218	
142	141	132	
140	153	117	
143	103	187	
141	122	154	
142	114	166	
130	204	96	
134	183	105	
141	76	306	
143	104	184	
130	249	83	
143	106	179	
144	110	173	
127	229	87	
145	107	175	
133	191	98	
143	116	160	
143	129	142	
140	151	123	
130	207	95	
142	147	126	
142	122	151	
143	115	163	
139	164	113	
183	62	320	
142	133	138	
143	90	216	
142	85	247	
140	88	239	
144	141	125	
144	121	153	
138	169	109	
141	83	251	
143	79	273	
143	78	295	
142	149	124	
144	99	196	
132	198	95	
146	113	167	
185	277	60	
145	114	162	
143	87	245	
141	150	123	
144	119	155	
144	102	185	
136	183	103	
145	117	158	
144	128	137	
141	80	286	
144	95	208	
136	188	101	
142	151	122	
145	105	183	
146	110	170	
129	245	85	
145	109	174	
145	100	191	
140	84	251	
143	132	138	
144	93	211	
131	210	94	
147	113	164	
145	73	345	
143	151	117	
132	260	80	
143	148	122	
139	166	112	
137	182	102	
144	87	242	
147	120	144	
131	202	96	
141	158	116	
146	118	157	
131	205	95	
146	105	182	
132	209	92	
141	170	106	
144	74	315	
146	109	171	
146	111	168	
147	111	166	
144	126	144	
142	80	285	
145	121	150	
145	133	135	
144	88	232	
138	179	103	
141	164	112	
147	96	197	
145	140	130	
144	146	121	
134	206	94	
147	102	181	
146	114	161	
142	162	112	
147	118	154	
130	241	85	
144	122	145	
137	176	106	
147	108	174	
146	116	159	
136	190	100	
142	166	111	
141	89	228	
147	119	151	
146	106	175	
142	158	115	
137	186	100	
145	87	234	
146	127	141	
143	82	266	
149	115	155	
145	86	242	
131	233	84	
145	136	131	
147	101	189	
147	104	180	
132	217	91	
148	112	160	
148	139	128	
148	110	168	
147	140	128	
143	155	115	
138	175	105	
148	107	173	
136	195	97	
146	99	194	
143	76	300	
143	165	111	
130	228	86	
147	95	204	
133	211	91	
148	73	340	
148	105	176	
147	93	207	
143	160	112	
149	107	166	
148	134	131	
139	168	109	
135	203	93	
148	126	141	
148	141	123	
132	218	88	
149	134	126	
149	130	136	
144	164	109	
133	244	82	
140	178	104	
143	157	114	
134	208	93	
139	185	101	
145	150	120	
149	100	188	
138	188	99	
144	159	111	
131	228	85	
144	78	283	
146	81	250	
149	98	193	
144	82	263	
150	72	315	
148	99	192	
140	264	76	
142	167	108	
148	100	190	
141	167	109	
150	111	163	
140	183	100	
141	176	103	
150	101	187	
149	118	151	
149	133	132	
150	129	135	
137	191	96	
149	92	207	
134	214	90	
147	149	120	
145	88	223	
147	86	236	
149	124	143	
149	73	321	
149	113	158	
140	181	102	
149	104	177	
132	243	83	
145	85	245	
152	117	148	
147	150	118	
141	174	105	
144	77	290	
151	101	184	
151	105	172	
150	127	138	
147	152	116	
136	198	93	
145	82	262	
149	99	190	
143	84	247	
149	95	203	
142	179	102	
139	189	98	
148	146	119	
135	206	91	
149	94	205	
150	125	140	
150	132	132	
144	168	106	
148	85	241	
151	110	165	
142	181	101	
139	187	99	
142	172	105	
149	119	146	
151	103	179	
132	222	87	
142	175	103	
152	96	193	
145	158	112	
148	145	122	
190	61	315	
145	162	109	
150	95	200	
152	100	184	
145	156	114	
152	115	151	
148	87	225	
141	186	97	
150	126	139	
191	264	59	
152	112	155	
139	192	94	
152	107	162	
150	98	192	
145	166	108	
143	174	104	
147	78	268	
148	154	114	
151	111	162	
151	99	188	
150	91	208	
134	217	87	
146	157	113	
151	131	130	
144	75	311	
150	94	203	
135	210	90	
151	124	138	
149	144	122	
144	178	97	
152	104	173	
150	118	150	
152	101	182	
147	155	113	
143	185	94	
143	180	99	
150	123	143	
149	145	120	
154	103	173	
148	148	118	
152	98	189	
147	167	105	
146	170	104	
149	139	124	
149	82	245	
135	215	88	
153	105	171	
147	89	219	
147	163	108	
138	199	91	
154	102	178	
152	110	159	
139	253	77	
148	153	115	
146	75	306	
150	147	117	
144	176	101	
149	86	232	
134	241	79	
149	85	238	
147	159	110	
152	92	203	
152	141	122	
152	95	196	
152	130	134	
154	99	186	
151	147	115	
135	221	86	
151	94	201	
148	161	106	
154	106	168	
153	123	139	
152	144	120	
154	128	136	
149	154	109	
145	174	101	
146	76	298	
150	84	240	
154	126	137	
150	152	114	
152	122	143	
153	97	191	
136	214	89	
146	78	277	
155	101	178	
135	238	83	
148	158	111	
148	79	267	
147	77	288	
155	100	183	
152	90	214	
146	173	102	
147	76	292	
137	212	89	
153	129	132	
153	114	154	
149	146	118	
147	161	109	
150	85	237	
153	140	120	
153	98	188	
142	187	96	
149	80	259	
155	122	135	
137	209	90	
154	94	195	
155	98	185	
153	137	125	
148	75	297	
151	88	217	
148	74	301	
157	100	180	
143	183	98	
148	77	287	
156	102	177	
152	84	222	
148	88	219	
150	140	123	
151	145	117	
155	116	143	
154	105	170	
155	96	189	
147	172	102	
139	202	90	
153	117	147	
153	104	172	
156	113	150	
156	111	158	
149	76	281	
156	99	183	
154	88	213	
151	133	128	
154	93	200	
137	231	82	
139	210	88	
135	232	84	
155	128	131	
152	152	113	
157	102	174	
142	191	93	
140	195	93	
138	227	84	
156	106	165	
148	169	101	
154	109	161	
156	104	168	
155	135	123	
153	89	215	
154	90	211	
138	213	88	
154	144	119	
155	121	142	
152	139	123	
153	149	112	
136	230	84	
153	118	146	
158	110	155	
151	81	244	
139	222	85	
155	95	190	
147	173	100	
156	96	187	
150	73	311	
136	238	82	
155	115	150	
148	165	105	
153	132	128	
149	162	104	
156	108	160	
158	101	176	
156	91	206	
140	209	89	
153	81	240	
157	98	182	
158	127	129	
152	156	108	
156	103	171	
155	143	119	
156	119	141	
158	100	179	
140	211	87	
137	228	84	
141	198	90	
157	90	203	
138	219	86	
156	112	152	
157	93	192	
141	204	87	
154	139	121	
156	142	118	
157	105	166	
159	97	180	
158	115	145	
150	78	264	
158	109	159	
155	92	200	
159	69	306	
154	131	129	
157	130	125	
158	97	183	
142	194	91	
150	77	270	
159	100	174	
155	87	219	
159	102	171	
159	126	129	
156	120	140	
154	145	115	
150	80	245	
153	75	288	
158	105	164	
148	175	99	
150	165	103	
155	89	212	
141	217	83	
157	138	122	
196	60	332	
153	160	103	
160	108	152	
156	94	192	
157	103	169	
154	153	111	
147	180	96	
158	140	116	
154	83	236	
140	219	84	
152	78	258	
157	89	210	
155	148	114	
194	244	58	
159	114	144	
159	99	178	
159	105	162	
160	107	156	
153	71	317	
159	121	139	
160	104	162	
138	230	82	
138	234	81	
154	159	104	
159	125	134	
156	152	106	
159	90	199	
159	135	121	
142	210	86	
156	87	212	
139	227	83	
160	101	172	
157	95	189	
158	95	186	
158	91	202	
157	146	113	
157	139	120	
152	166	102	
150	177	98	
155	153	109	
160	112	151	
151	73	303	
158	89	208	
160	103	166	
160	118	142	
159	92	198	
151	74	299	
154	158	106	
161	119	136	
151	171	100	
161	101	170	
159	133	124	
160	99	177	
146	187	93	
144	200	89	
156	150	111	
156	83	217	
160	125	131	
162	112	149	
160	119	139	
157	94	191	
145	193	92	
160	95	182	
151	173	99	
160	124	133	
147	182	95	
161	106	159	
161	92	194	
155	83	230	
151	175	97	
161	98	179	
153	74	292	
159	138	119	
162	102	168	
161	118	141	
159	94	188	
146	189	92	
151	76	278	
164	98	173	
159	88	209	
160	128	124	
160	89	199	
163	111	147	
158	144	115	
156	81	236	
161	116	142	
160	133	122	
152	164	103	
163	100	171	
153	79	247	
162	98	177	
152	168	101	
154	75	280	
158	148	111	
152	169	100	
163	122	132	
158	145	113	
142	215	85	
159	151	110	
139	240	80	
152	171	99	
142	197	90	
162	135	119	
143	268	75	
162	118	136	
139	228	82	
150	179	95	
162	90	195	
153	174	98	
164	105	157	
152	76	277	
155	164	102	
153	72	313	
153	166	101	
161	142	115	
141	236	79	
163	117	138	
154	77	267	
163	103	162	
160	93	188	
148	191	88	
160	139	118	
149	184	91	
164	101	166	
146	200	88	
147	195	90	
150	181	93	
163	95	178	
158	147	112	
163	124	128	
154	76	273	
143	259	76	
140	232	81	
160	148	107	
162	144	114	
147	197	87	
160	86	208	
155	73	301	
152	178	96	
145	207	85	
165	110	151	
154	168	98	
156	71	300	
161	94	184	
159	83	213	
165	112	144	
165	114	139	
157	154	105	
163	91	193	
164	121	134	
141	226	82	
158	81	230	
164	134	118	
143	208	86	
161	86	202	
155	74	281	
162	127	126	
159	146	112	
140	241	78	
165	131	120	
153	175	95	
162	125	128	
156	77	262	
156	73	294	
148	187	92	
165	98	167	
163	142	114	
164	139	116	
141	230	81	
166	105	149	
164	92	190	
166	102	160	
156	161	100	
161	134	121	
146	253	74	
154	172	96	
165	97	175	
162	146	110	
145	250	75	
165	102	164	
163	144	113	
146	204	84	
144	222	82	
156	76	270	
165	138	113	
145	227	80	
155	78	254	
165	120	135	
153	80	241	
163	145	111	
142	246	77	
158	75	278	
146	202	87	
142	228	81	
159	155	104	
144	256	76	
166	123	128	
166	93	186	
164	142	110	
152	179	94	
167	116	133	
169	101	158	
155	159	103	
157	76	269	
159	75	273	
166	110	147	
166	94	183	
168	101	162	
158	163	98	
166	92	188	
167	136	116	
158	76	258	
168	124	123	
167	129	123	
167	90	191	
167	113	139	
201	59	324	
167	96	175	
168	111	146	
168	97	169	
166	122	129	
155	168	97	
157	78	250	
158	73	290	
146	223	81	
161	159	101	
167	93	181	
159	82	219	
161	157	103	
167	121	132	
146	219	82	
149	190	90	
160	80	239	
197	253	57	
157	79	244	
163	89	195	
146	214	83	
154	177	94	
169	99	165	
165	89	193	
165	144	109	
171	110	145	
147	202	85	
163	88	201	
154	181	91	
145	235	79	
168	130	122	
167	92	186	
152	188	90	
167	108	148	
170	103	157	
153	179	93	
168	89	190	
168	112	143	
143	240	78	
162	80	234	
167	133	119	
169	121	131	
171	108	146	
163	151	102	
159	77	257	
146	227	79	
161	75	267	
167	87	198	
171	119	129	
156	171	95	
158	71	294	
163	85	210	
170	93	177	
159	73	277	
162	150	106	
171	89	186	
172	111	144	
169	134	114	
144	238	78	
145	241	77	
160	79	243	
162	76	254	
162	158	99	
171	104	155	
148	218	82	
171	113	137	
155	171	96	
170	109	147	
160	78	246	
156	176	94	
169	96	172	
150	197	85	
169	129	122	
148	212	83	
172	128	121	
171	100	161	
170	112	142	
162	79	242	
170	92	185	
153	187	90	
168	137	115	
165	147	107	
147	221	81	
166	140	112	
153	188	88	
171	132	117	
170	121	129	
149	204	82	
154	178	93	
172	93	173	
168	133	118	
157	170	95	
157	175	94	
173	110	136	
163	79	239	
146	232	78	
147	223	79	
146	242	76	
151	195	87	
161	81	226	
172	92	181	
155	185	90	
154	180	92	
159	166	95	
158	175	92	
163	76	250	
171	112	139	
169	145	107	
160	74	273	
169	88	195	
169	122	127	
165	85	205	
149	216	81	
173	128	117	
158	172	94	
167	147	105	
172	103	155	
172	104	151	
155	178	92	
168	141	111	
165	80	229	
173	109	143	
163	78	245	
159	72	281	
172	99	161	
162	75	266	
171	107	148	
166	84	206	
171	118	132	
148	235	76	
165	79	236	
170	96	171	
165	68	336	
154	190	87	
171	97	165	
164	78	242	
156	183	88	
171	139	112	
164	154	101	
175	91	181	
176	125	118	
173	101	155	
163	75	254	
172	123	126	
171	141	106	
174	118	126	
170	140	110	
163	160	97	
161	73	271	
149	221	80	
172	96	169	
175	115	135	
170	136	113	
163	81	222	
174	106	146	
164	77	249	
157	179	91	
153	196	86	
171	88	190	
174	130	116	
172	117	131	
173	103	153	
175	107	145	
172	137	109	
159	174	93	
173	95	172	
175	100	160	
165	75	247	
166	68	335	
168	86	200	
150	203	84	
170	87	197	
175	123	123	
166	79	230	
169	149	102	
161	167	94	
167	78	241	
147	257	72	
157	182	89	
173	92	175	
162	73	270	
149	227	77	
175	98	163	
167	68	329	
155	190	85	
147	245	75	
150	215	80	
163	82	216	
178	115	130	
166	156	100	
161	169	93	
163	74	257	
175	95	170	
150	213	81	
168	77	238	
153	197	84	
176	99	159	
168	85	202	
172	87	190	
169	146	106	
169	80	228	
175	108	144	
178	112	135	
157	181	90	
166	77	245	
173	96	167	
159	178	91	
176	133	112	
175	90	184	
165	162	94	
178	109	139	
169	83	208	
172	86	197	
170	80	223	
177	116	132	
178	122	122	
176	102	154	
175	103	152	
177	99	158	
176	104	150	
160	176	90	
169	81	217	
160	174	91	
179	108	141	
177	104	148	
167	76	243	
176	94	170	
176	97	162	
156	189	86	
181	113	133	
175	136	112	
172	146	104	
169	77	229	
177	94	167	
162	71	283	
178	129	115	
166	82	215	
153	215	78	
148	248	72	
168	68	301	
168	156	99	
170	151	100	
178	91	177	
180	107	140	
177	101	149	
152	212	81	
166	153	101	
165	159	98	
177	100	157	
176	88	182	
158	70	298	
203	58	354	
176	96	164	
153	201	83	
172	84	201	
163	173	92	
158	187	87	
179	120	124	
169	84	202	
179	98	155	
178	104	147	
169	82	211	
148	239	75	
152	226	78	
174	88	186	
153	211	81	
180	106	145	
202	279	56	
160	177	89	
175	84	197	
174	86	196	
168	158	98	
178	100	151	
174	145	105	
178	117	129	
166	67	339	
164	169	91	
160	72	280	
177	135	109	
154	201	81	
178	131	114	
170	67	321	
173	140	108	
181	104	140	
174	146	102	
170	79	226	
179	122	120	
175	86	190	
161	72	275	
176	90	181	
151	214	80	
176	93	172	
171	78	219	
159	186	86	
170	66	329	
171	153	99	
173	83	201	
169	157	97	
182	112	130	
165	73	269	
177	144	105	
169	161	96	
154	198	83	
170	81	215	
155	194	84	
152	213	80	
179	117	127	
164	168	93	
177	95	166	
178	92	174	
161	178	88	
178	90	179	
179	97	159	
149	240	73	
167	72	256	
152	230	76	
180	92	170	
179	116	129	
175	139	108	
161	70	296	
160	185	85	
176	145	101	
180	94	163	
178	132	113	
170	156	98	
154	208	78	
172	82	210	
181	121	123	
171	150	101	
182	102	143	
181	109	138	
175	140	107	
180	91	173	
170	160	93	
180	111	135	
167	165	93	
178	143	104	
163	175	89	
175	87	186	
179	127	116	
185	119	125	
179	94	165	
160	183	87	
164	70	279	
173	81	213	
181	133	111	
174	82	207	
176	83	195	
183	108	136	
179	137	107	
180	96	162	
152	235	75	
154	224	77	
180	127	113	
184	116	126	
162	72	274	
173	152	98	
161	69	300	
179	90	177	
164	172	89	
168	76	242	
172	149	100	
172	158	94	
179	89	179	
184	115	129	
174	80	210	
180	93	169	
179	142	105	
155	196	83	
164	72	273	
185	123	119	
186	121	116	
165	74	251	
183	110	133	
182	131	111	
184	120	123	
156	193	84	
185	125	117	
186	116	124	
164	71	277	
168	167	92	
171	76	240	
181	96	158	
153	214	79	
180	140	105	
162	182	86	
182	97	152	
173	155	96	
178	85	193	
155	200	81	
184	92	166	
174	148	101	
182	133	110	
158	192	84	
187	114	126	
154	226	76	
153	260	71	
184	106	139	
175	81	206	
181	90	173	
155	216	76	
185	114	129	
168	75	246	
163	180	85	
179	143	103	
173	75	228	
158	193	83	
157	196	81	
187	120	122	
176	148	99	
168	164	93	
179	86	189	
187	118	123	
182	95	158	
160	191	83	
180	139	106	
153	233	75	
180	136	108	
182	139	104	
177	87	182	
156	203	78	
176	82	203	
170	75	245	
169	166	92	
165	174	88	
184	91	168	
165	69	298	
183	88	178	
179	83	191	
188	109	133	
168	170	89	
186	106	136	
180	86	188	
161	189	83	
183	132	109	
183	111	132	
154	239	74	
154	251	69	
170	168	91	
185	99	149	
177	150	96	
187	101	146	
185	128	111	
182	138	105	
154	227	75	
188	120	120	
170	165	92	
184	89	176	
189	111	127	
192	118	120	
181	135	107	
167	69	281	
167	70	275	
165	179	87	
155	238	74	
181	86	186	
174	79	214	
169	74	250	
187	125	115	
181	144	101	
186	93	165	
171	165	91	
182	141	103	
180	85	190	
156	234	74	
170	74	249	
168	177	87	
175	157	95	
178	147	100	
172	67	319	
187	92	162	
173	162	92	
162	187	82	
170	71	258	
178	81	202	
170	169	89	
183	136	106	
171	77	223	
190	105	134	
185	95	152	
187	110	132	
185	131	108	
173	73	247	
159	193	82	
184	143	102	
181	85	189	
186	90	171	
185	88	175	
183	86	183	
179	82	197	
192	116	123	
168	73	255	
173	67	317	
188	100	146	
188	103	137	
188	94	159	
192	126	113	
176	156	95	
179	146	100	
171	168	89	
191	113	124	
186	86	178	
183	85	186	
169	73	254	
182	103	142	
176	74	230	
159	198	80	
164	186	83	
174	67	304	
170	172	88	
188	89	168	
193	108	129	
170	174	85	
185	142	102	
168	179	85	
177	80	206	
170	72	252	
179	148	96	
186	98	149	
191	120	119	
179	155	95	
183	144	99	
173	167	89	
188	101	143	
185	136	105	
155	243	70	
185	130	110	
185	134	106	
185	140	103	
190	109	132	
157	227	72	
194	124	113	
180	154	93	
194	115	120	
208	57	329	
177	164	88	
166	185	82	
172	66	323	
189	140	100	
156	210	77	
156	235	73	
177	79	212	
187	90	170	
156	217	75	
186	136	103	
188	90	167	
191	108	133	
183	84	188	
174	78	218	
204	268	55	
191	127	112	
174	160	92	
187	140	102	
191	99	148	
170	73	251	
174	166	90	
170	68	295	
184	86	182	
168	181	83	
190	93	161	
178	163	89	
160	255	68	
190	101	142	
187	133	107	
171	171	87	
178	78	217	
192	128	110	
193	119	118	
161	195	79	
189	91	162	
196	119	115	
186	85	185	
188	130	109	
180	79	203	
190	94	158	
175	77	222	
192	98	146	
183	80	198	
180	78	215	
182	153	95	
185	146	96	
190	97	151	
189	100	145	
194	126	111	
161	193	81	
179	161	91	
191	93	158	
175	166	87	
191	87	171	
183	82	194	
189	85	184	
188	134	103	
187	87	176	
194	106	133	
178	77	221	
192	100	139	
175	76	226	
191	132	106	
160	200	78	
173	70	272	
192	112	126	
191	94	154	
181	159	88	
174	66	315	
196	117	118	
191	84	185	
193	97	146	
184	149	93	
160	196	80	
183	76	217	
195	129	109	
191	100	144	
191	139	100	
198	121	114	
190	85	182	
183	78	209	
197	110	127	
192	130	106	
172	68	288	
195	114	121	
196	125	112	
177	73	245	
192	91	158	
184	83	188	
198	106	128	
176	75	224	
165	191	79	
181	158	92	
157	209	76	
190	90	166	
193	98	143	
188	86	175	
199	127	109	
198	109	124	
175	70	265	
187	145	98	
195	96	150	
158	219	72	
191	104	136	
193	135	100	
170	178	84	
198	128	109	
194	143	99	
181	80	202	
185	82	193	
180	73	241	
183	157	92	
171	69	278	
192	85	177	
200	121	112	
187	81	195	
173	173	85	
200	127	107	
194	132	103	
191	89	164	
176	67	281	
197	124	112	
196	93	156	
159	208	75	
177	72	250	
200	125	110	
195	113	123	
167	188	80	
163	193	80	
187	82	192	
193	84	176	
196	139	98	
197	101	134	
195	142	99	
184	77	211	
176	171	85	
191	88	170	
187	152	92	
162	207	76	
199	117	116	
192	82	185	
176	66	308	
188	82	191	
187	158	91	
199	114	118	
200	103	133	
176	69	269	
180	72	247	
190	145	95	
198	96	149	
163	204	75	
200	95	150	
174	71	255	
195	88	167	
201	124	111	
203	113	118	
173	68	279	
195	94	153	
174	65	322	
190	82	188	
196	90	161	
198	112	123	
159	234	70	
181	73	236	
174	176	81	
169	181	82	
191	81	192	
197	92	155	
188	157	89	
201	126	107	
170	180	82	
187	76	208	
199	96	148	
202	105	132	
197	99	142	
197	143	96	
180	168	86	
196	131	105	
169	187	79	
203	116	114	
176	70	256	
192	86	171	
198	92	152	
183	72	240	
191	78	197	
187	77	207	
204	121	111	
172	179	83	
163	197	78	
187	80	197	
179	70	252	
188	156	90	
204	124	109	
205	111	119	
193	82	184	
169	186	80	
203	128	105	
203	108	127	
202	95	143	
197	87	167	
201	92	146	
201	111	123	
200	99	141	
166	197	76	
176	174	84	
188	78	203	
206	102	128	
186	75	219	
193	80	190	
177	66	298	
189	155	91	
201	114	117	
195	82	181	
180	74	227	
176	65	312	
169	185	81	
204	118	112	
192	81	190	
198	88	165	
198	133	102	
186	76	213	
159	217	74	
197	89	162	
198	131	103	
182	164	87	
192	145	93	
204	98	137	
198	90	160	
179	71	251	
206	108	126	
198	138	97	
203	99	140	
194	85	175	
206	123	110	
182	73	228	
172	180	81	
202	100	136	
201	90	153	
191	153	91	
182	167	84	
180	170	85	
205	106	127	
181	71	249	
168	193	78	
205	109	123	
207	124	106	
177	173	84	
179	69	258	
196	85	174	
161	210	74	
206	129	103	
195	81	184	
176	68	275	
191	151	92	
185	73	224	
211	108	124	
182	166	86	
199	88	163	
198	86	169	
207	122	108	
178	172	84	
201	131	100	
204	87	161	
182	71	247	
183	162	87	
179	175	82	
200	85	170	
167	190	79	
190	155	89	
202	137	98	
198	81	180	
210	107	126	
207	110	118	
218	56	320	
205	97	142	
202	141	95	
184	72	238	
189	75	212	
194	150	92	
202	87	165	
184	164	86	
160	227	70	
194	79	192	
196	152	90	
204	89	160	
171	185	79	
190	76	204	
204	115	116	
181	173	81	
213	258	54	
200	83	177	
183	71	244	
211	117	108	
194	154	90	
195	84	175	
209	121	109	
179	68	271	
203	136	99	
187	74	222	
209	95	137	
208	127	104	
214	107	124	
185	72	230	
204	86	164	
173	182	80	
198	148	92	
207	89	155	
162	215	72	
180	66	297	
186	160	87	
178	65	310	
169	190	78	
196	151	91	
213	105	126	
212	109	122	
194	158	88	
202	83	172	
212	100	134	
196	153	89	
181	66	294	
170	192	76	
210	112	114	
185	166	85	
207	117	113	
180	64	314	
215	107	121	
210	103	127	
185	162	86	
203	144	94	
207	135	99	
213	101	131	
198	79	187	
189	74	216	
187	71	243	
180	65	303	
183	171	83	
203	140	96	
213	123	105	
195	77	200	
198	150	89	
184	70	251	
212	97	136	
210	127	101	
195	156	86	
189	71	241	
183	68	269	
215	106	123	
186	165	85	
209	136	95	
206	87	160	
185	69	249	
213	120	107	
202	85	169	
214	109	121	
183	66	278	
207	91	148	
206	142	94	
192	159	86	
200	147	92	
206	94	145	
180	67	278	
209	134	97	
167	208	73	
199	149	91	
205	139	96	
212	114	112	
175	180	79	
202	81	179	
172	189	77	
186	68	255	
196	78	194	
214	99	134	
187	164	84	
167	200	75	
190	71	239	
163	213	73	
191	160	86	
207	88	159	
185	168	83	
206	85	168	
195	79	191	
186	70	248	
215	100	129	
183	69	255	
204	83	169	
214	125	103	
204	144	93	
204	81	176	
164	218	71	
203	146	92	
210	94	139	
174	187	76	
198	80	186	
216	108	119	
190	75	210	
203	148	90	
187	70	247	
209	133	99	
197	155	88	
220	104	125	
190	163	84	
168	200	74	
182	67	276	
213	122	106	
208	85	167	
209	88	158	
192	71	231	
191	72	221	
183	65	295	
185	171	82	
188	69	245	
177	178	80	
199	80	185	
197	77	199	
167	210	71	
214	103	126	
216	111	117	
208	143	92	
207	141	94	
205	145	92	
205	86	163	
207	90	152	
201	152	88	
204	147	91	
215	93	142	
195	162	83	
189	72	227	
185	67	274	
209	84	166	
210	88	157	
194	75	207	
212	132	99	
216	98	135	
198	76	196	
193	74	215	
198	78	193	
174	185	78	
202	80	181	
162	231	68	
223	105	119	
213	89	154	
192	70	242	
219	99	130	
216	126	100	
206	86	162	
195	74	213	
215	142	92	
209	86	159	
195	161	84	
187	166	83	
211	85	165	
171	198	75	
187	67	264	
215	132	98	
216	90	151	
213	138	94	
201	77	191	
181	64	312	
206	146	91	
218	115	111	
212	87	156	
186	170	82	
179	177	79	
209	81	175	
193	73	219	
224	108	116	
219	123	102	
222	106	117	
222	98	134	
217	109	117	
217	89	150	
216	130	99	
199	155	87	
213	84	161	
183	64	306	
175	184	77	
198	160	85	
217	90	147	
184	175	79	
211	81	169	
216	120	105	
188	168	82	
217	139	93	
204	79	185	
217	88	154	
223	100	127	
200	74	212	
207	145	91	
199	75	203	
195	70	238	
224	104	124	
219	96	135	
209	147	90	
216	91	143	
220	107	120	
172	195	74	
188	170	81	
194	72	217	
202	78	190	
203	151	87	
211	91	146	
206	149	89	
211	135	96	
224	98	131	
179	182	75	
219	113	108	
189	164	83	
222	101	128	
201	74	206	
186	65	285	
225	111	114	
199	158	85	
221	103	125	
171	203	73	
164	226	70	
216	132	97	
202	150	88	
220	119	107	
204	78	189	
210	144	89	
168	254	65	
213	96	136	
208	80	180	
224	99	126	
218	131	98	
224	97	133	
165	223	67	
205	79	184	
225	103	123	
218	125	102	
199	73	216	
186	174	80	
208	148	89	
191	166	82	
194	71	223	
219	134	96	
206	78	186	
217	129	99	
203	152	86	
218	88	152	
211	83	167	
220	121	103	
182	179	78	
210	80	179	
226	112	111	
166	217	71	
201	73	210	
186	64	297	
217	141	92	
220	93	141	
212	143	91	
196	70	233	
210	79	180	
227	110	115	
217	137	94	
188	172	80	
173	193	75	
194	163	83	
185	66	276	
214	86	157	
200	160	84	
221	118	107	
221	134	94	
219	87	155	
203	156	85	
225	102	125	
220	130	97	
201	75	202	
223	119	106	
190	169	80	
226	100	121	
212	80	176	
188	68	251	
221	133	95	
211	147	87	
195	68	243	
167	222	70	
227	126	99	
172	204	72	
224	93	138	
221	139	90	
216	142	91	
223	92	140	
214	85	159	
190	66	263	
222	138	93	
222	89	148	
226	125	101	
204	75	198	
221	95	135	
201	158	84	
193	164	81	
225	92	131	
221	87	152	
188	67	257	
214	83	166	
192	166	81	
227	111	111	
183	63	315	
205	77	190	
175	187	75	
206	76	193	
168	213	70	
228	110	114	
222	129	97	
222	88	150	
220	90	146	
228	108	115	
227	116	105	
212	78	179	
173	197	73	
226	98	128	
222	131	96	
196	69	237	
197	161	83	
226	118	106	
220	84	155	
186	175	78	
213	143	90	
223	137	93	
206	155	85	
217	83	164	
227	118	103	
207	77	187	
203	74	205	
191	173	78	
228	124	100	
222	55	323	
178	185	76	
213	82	168	
192	68	248	
187	63	305	
189	65	281	
199	70	229	
221	90	145	
202	159	83	
227	128	97	
205	73	201	
199	162	82	
227	125	100	
217	80	175	
206	157	82	
215	247	53	
182	181	77	
228	89	145	
232	107	112	
174	263	63	
207	151	85	
225	138	92	
220	142	88	
227	122	102	
231	104	115	
204	72	212	
226	136	92	
218	82	163	
224	91	142	
189	64	287	
225	88	149	
204	73	206	
211	76	190	
179	191	74	
226	107	116	
214	146	88	
225	90	138	
218	80	170	
229	123	99	
186	179	75	
208	73	197	
216	78	177	
219	84	159	
222	86	154	
208	154	84	
230	94	130	
227	132	94	
192	170	78	
198	71	220	
194	68	247	
225	87	151	
229	127	98	
194	165	80	
223	130	96	
212	76	186	
192	65	277	
210	75	196	
232	110	110	
217	143	89	
228	135	92	
214	149	86	
229	87	147	
191	67	253	
236	119	102	
200	161	82	
233	115	106	
228	84	150	
219	83	162	
172	208	70	
173	200	71	
200	70	221	
200	69	235	
227	87	150	
234	97	127	
233	122	101	
229	129	95	
230	107	115	
216	76	184	
233	101	120	
212	75	195	
169	216	69	
188	176	77	
219	79	176	
230	125	97	
230	136	91	
234	98	125	
226	129	96	
219	80	168	
205	160	81	
230	134	93	
223	83	161	
200	71	219	
202	161	80	
213	74	194	
177	195	71	
231	99	122	
228	86	149	
236	111	107	
221	79	174	
231	89	141	
201	69	231	
194	65	265	
222	146	85	
201	71	217	
208	72	203	
221	81	167	
197	167	79	
183	187	73	
236	121	101	
238	103	111	
214	75	187	
189	63	300	
209	156	83	
226	85	154	
215	147	85	
230	88	146	
226	82	160	
219	77	183	
194	67	249	
200	68	240	
223	141	88	
215	152	84	
231	128	95	
229	117	104	
231	132	92	
239	120	100	
191	66	259	
170	235	65	
235	130	93	
237	95	129	
226	142	87	
222	81	165	
220	77	182	
187	62	313	
210	155	83	
228	82	157	
209	71	215	
176	198	72	
231	88	144	
192	64	278	
191	175	75	
222	79	172	
230	137	90	
220	82	162	
229	139	89	
238	113	105	
237	124	98	
237	115	105	
234	125	96	
221	76	181	
201	68	235	
240	113	104	
238	101	118	
203	69	223	
242	96	127	
212	154	82	
201	168	77	
192	63	286	
223	78	173	
243	116	103	
197	67	245	
210	71	213	
217	151	83	
240	97	124	
241	122	98	
223	76	178	
231	90	137	
231	134	91	
245	118	101	
195	66	255	
225	81	164	
198	165	78	
232	87	146	
246	106	108	
175	213	69	
228	79	170	
213	156	81	
188	186	74	
245	104	110	
240	123	98	
226	80	167	
203	70	217	
170	222	68	
238	128	94	
236	87	141	
227	145	86	
233	86	144	
219	150	84	
228	81	163	
212	71	209	
237	134	90	
189	62	307	
238	124	96	
234	91	134	
234	137	88	
189	185	74	
171	220	68	
241	126	95	
176	203	70	
230	140	88	
246	121	99	
234	83	152	
217	74	192	
231	80	166	
239	89	134	
246	116	102	
245	93	128	
204	66	243	
248	98	119	
232	81	162	
222	148	84	
205	163	79	
228	143	85	
192	183	74	
197	66	251	
245	96	125	
205	68	233	
184	190	72	
230	79	169	
243	112	106	
234	80	164	
248	119	98	
224	77	176	
245	102	117	
177	212	68	
239	133	91	
211	160	80	
246	123	97	
236	85	148	
242	94	129	
238	130	92	
220	75	186	
235	141	87	
248	111	103	
233	81	160	
194	64	269	
218	74	190	
195	65	263	
204	67	242	
230	78	171	
202	174	76	
240	129	93	
252	94	127	
178	208	68	
231	78	168	
210	70	215	
207	68	231	
219	72	195	
212	72	200	
219	152	82	
249	125	94	
217	159	80	
248	116	101	
224	75	184	
205	67	238	
239	135	89	
194	177	74	
192	62	302	
223	150	82	
214	71	205	
232	93	130	
241	132	91	
206	161	78	
247	110	107	
203	172	76	
197	65	257	
236	140	87	
249	115	100	
247	102	115	
246	111	106	
234	79	166	
248	96	123	
248	121	97	
243	124	95	
230	77	175	
225	147	84	
230	142	85	
240	88	140	
199	66	249	
236	80	162	
207	69	220	
192	184	73	
252	100	114	
243	128	92	
222	74	186	
253	92	125	
219	154	81	
213	70	213	
220	158	79	
237	82	153	
209	68	225	
248	115	102	
247	123	96	
224	149	83	
237	84	146	
234	81	159	
180	201	70	
222	73	194	
244	91	133	
245	132	90	
231	77	173	
176	257	63	
242	131	91	
225	75	183	
239	137	87	
230	146	82	
201	66	248	
242	88	139	
236	141	86	
221	157	80	
257	97	122	
214	72	199	
173	222	67	
225	73	193	
253	107	107	
206	171	76	
258	108	104	
171	227	66	
240	81	156	
214	160	79	
215	70	211	
252	125	93	
206	166	77	
181	207	69	
209	67	236	
240	78	164	
195	63	285	
195	62	288	
229	148	83	
202	66	246	
227	75	178	
252	116	99	
190	189	72	
246	133	87	
251	91	130	
239	80	161	
231	75	176	
209	69	219	
176	220	67	
241	136	88	
250	92	128	
250	122	95	
215	72	197	
182	200	70	
197	63	271	
237	86	143	
188	193	71	
226	73	189	
232	145	84	
251	114	102	
247	130	91	
238	83	150	
218	71	202	
182	205	68	
223	152	80	
222	156	79	
241	138	86	
247	88	133	
209	169	76	
233	77	169	
204	173	74	
194	182	73	
219	159	79	
192	186	72	
210	69	217	
245	87	140	
238	85	144	
258	96	119	
183	199	70	
212	67	235	
200	65	253	
259	99	116	
249	120	97	
240	80	158	
217	70	210	
253	95	124	
197	64	266	
177	218	66	
238	86	142	
235	144	84	
246	131	90	
229	74	185	
213	67	229	
212	164	77	
241	79	162	
185	195	70	
256	121	96	
229	149	82	
251	122	94	
227	54	298	
250	129	90	
218	70	209	
232	76	175	
189	190	70	
183	200	69	
192	61	309	
257	118	97	
255	112	102	
213	69	216	
174	241	64	
178	253	63	
247	87	139	
258	125	92	
242	140	85	
210	68	224	
231	74	184	
223	248	52	
256	114	100	
195	175	73	
211	167	76	
206	172	75	
219	70	208	
240	82	151	
246	86	141	
240	83	149	
262	94	123	
219	71	200	
237	142	84	
225	151	81	
210	66	240	
252	90	132	
236	76	173	
250	132	89	
242	80	155	
260	99	113	
216	69	212	
179	211	67	
175	233	65	
198	64	265	
213	68	222	
216	160	78	
259	124	89	
232	73	182	
220	70	207	
202	65	251	
196	185	72	
226	72	193	
233	145	83	
247	85	143	
265	95	115	
262	120	96	
200	64	259	
249	87	136	
210	171	75	
228	73	187	
197	60	317	
260	93	124	
267	105	108	
214	162	77	
244	79	161	
259	116	97	
242	82	148	
229	150	81	
244	81	154	
247	86	140	
221	70	205	
270	120	95	
243	84	144	
179	228	65	
198	184	72	
259	90	131	
257	124	93	
258	91	126	
253	130	89	
223	159	77	
256	113	101	
221	71	198	
214	68	220	
192	189	71	
249	136	85	
240	77	167	
211	169	75	
204	65	248	
179	244	63	
212	166	75	
237	144	83	
249	85	142	
213	66	238	
268	102	110	
238	76	172	
196	61	305	
246	139	85	
245	79	159	
182	271	61	
228	72	192	
253	115	99	
243	83	147	
245	81	152	
264	119	96	
234	74	181	
180	242	62	
235	149	79	
224	155	79	
199	181	72	
178	239	64	
252	84	135	
196	188	70	
229	73	186	
245	140	83	
224	156	78	
270	107	105	
216	67	225	
275	103	107	
246	78	162	
214	165	76	
225	70	204	
261	90	129	
254	131	86	
274	109	102	
261	89	131	
239	76	171	
216	68	216	
220	69	209	
231	72	191	
269	104	109	
271	111	102	
258	123	93	
238	142	82	
216	161	77	
225	71	197	
190	199	68	
214	66	236	
236	74	177	
247	138	85	
228	151	79	
274	112	101	
240	75	174	
198	187	71	
250	82	145	
206	65	246	
237	146	81	
226	69	202	
280	113	100	
244	77	166	
198	62	284	
181	231	63	
215	163	76	
275	119	94	
198	61	290	
243	76	169	
211	170	74	
232	72	190	
226	71	196	
191	197	68	
267	114	96	
204	64	256	
265	93	122	
273	98	112	
220	160	76	
248	79	157	
199	185	70	
184	203	68	
216	66	231	
253	134	86	
249	81	149	
265	122	93	
274	115	95	
247	76	163	
233	72	189	
228	71	193	
182	217	65	
210	65	242	
201	63	267	
278	106	106	
250	80	152	
248	77	161	
200	180	72	
227	70	200	
250	139	84	
224	69	208	
183	209	67	
275	111	101	
242	74	172	
217	67	222	
195	195	68	
281	111	99	
234	72	188	
260	123	92	
269	94	121	
267	89	128	
220	68	215	
181	214	66	
207	64	254	
201	62	281	
259	130	88	
184	248	61	
269	88	131	
245	76	166	
253	78	159	
218	162	76	
189	202	68	
277	101	111	
252	82	142	
232	153	78	
203	176	72	
200	181	71	
257	86	134	
208	173	73	
277	91	124	
277	119	92	
228	158	76	
250	79	154	
236	72	185	
195	189	70	
221	68	214	
254	138	84	
228	70	199	
189	207	67	
283	106	104	
276	107	104	
216	165	75	
280	104	106	
280	107	103	
213	169	74	
237	73	180	
208	64	249	
205	63	264	
245	144	80	
281	110	101	
246	75	170	
236	71	187	
196	189	69	
222	68	213	
215	65	239	
270	90	125	
263	128	88	
267	122	88	
274	93	119	
204	62	276	
199	60	314	
264	87	133	
257	132	85	
229	156	75	
287	101	109	
220	67	219	
272	96	114	
230	69	196	
218	66	228	
279	92	118	
280	100	110	
221	160	75	
256	137	84	
217	165	74	
223	68	212	
255	78	153	
257	81	147	
212	171	73	
280	99	111	
286	111	98	
256	79	151	
190	206	67	
262	137	83	
207	63	260	
226	68	211	
187	211	65	
270	128	87	
272	88	129	
242	72	179	
200	60	308	
283	105	105	
272	87	131	
282	116	94	
252	141	82	
286	108	101	
182	229	64	
191	205	67	
239	72	182	
216	65	235	
224	159	76	
248	74	168	
258	136	84	
289	110	98	
236	149	78	
257	80	150	
295	99	108	
227	68	210	
225	66	216	
204	177	71	
246	73	178	
219	66	224	
259	83	141	
239	154	77	
246	143	81	
209	174	71	
192	200	67	
211	64	246	
255	77	158	
234	69	194	
206	62	268	
275	88	127	
216	169	73	
228	67	208	
254	140	81	
185	227	64	
186	264	60	
258	81	145	
246	145	79	
285	89	123	
269	85	133	
297	111	97	
258	80	149	
247	73	176	
264	133	84	
203	182	70	
209	63	256	
188	209	64	
296	105	104	
294	106	100	
302	103	105	
261	83	138	
292	107	102	
248	142	81	
286	103	106	
251	75	166	
202	61	287	
301	102	107	
286	116	93	
201	60	298	
281	119	91	
264	136	82	
235	69	193	
277	127	84	
234	68	199	
219	65	228	
212	173	72	
186	219	64	
280	87	128	
294	97	113	
241	72	181	
227	67	215	
214	64	245	
259	80	148	
276	86	132	
256	76	162	
222	164	72	
241	153	77	
287	91	117	
218	168	72	
204	58	339	
244	69	186	
201	185	69	
254	141	80	
215	64	244	
259	85	134	
224	66	222	
239	70	191	
197	193	67	
192	205	66	
293	99	110	
248	73	174	
216	171	72	
204	61	286	
308	98	111	
264	81	141	
307	113	96	
265	80	146	
217	64	243	
303	105	103	
257	75	161	
224	160	74	
308	103	103	
253	142	78	
243	150	77	
257	77	154	
253	75	165	
221	167	73	
245	71	183	
264	79	148	
274	123	87	
211	63	251	
205	61	283	
305	102	106	
283	86	131	
294	114	92	
302	95	112	
205	180	69	
218	64	241	
304	101	107	
301	107	99	
246	154	74	
264	135	83	
196	198	67	
295	94	114	
289	118	90	
202	59	316	
259	75	160	
240	70	190	
197	192	68	
246	147	77	
292	115	94	
296	96	113	
207	62	265	
251	73	172	
266	81	138	
248	72	175	
294	88	126	
208	61	280	
263	77	152	
288	86	130	
309	98	110	
308	111	95	
220	64	240	
264	83	134	
242	70	189	
200	191	68	
266	138	81	
288	90	122	
313	103	102	
266	134	83	
279	82	132	
260	76	158	
313	95	110	
266	80	140	
311	102	105	
208	179	70	
221	64	237	
185	240	62	
252	144	79	
193	202	66	
317	100	106	
260	74	162	
187	217	63	
201	188	67	
248	71	181	
315	100	107	
312	109	98	
264	78	150	
248	150	76	
208	62	264	
296	88	121	
289	86	127	
213	63	248	
311	110	97	
219	173	71	
256	73	171	
223	65	225	
210	61	267	
203	60	294	
209	176	69	
210	62	261	
273	133	82	
284	84	131	
248	146	78	
304	93	115	
321	98	107	
265	79	147	
188	235	61	
297	119	89	
271	84	133	
265	135	82	
261	140	77	
223	172	68	
257	73	169	
330	103	101	
262	76	157	
231	159	74	
225	163	73	
222	64	236	
316	102	102	
323	99	105	
304	86	125	
249	71	180	
234	67	206	
272	136	81	
187	246	60	
205	59	308	
282	124	86	
316	110	94	
234	53	297	
241	69	190	
200	200	65	
314	106	98	
266	79	145	
217	63	245	
281	131	81	
292	85	127	
229	66	215	
223	64	231	
308	90	119	
250	72	174	
213	62	256	
320	99	106	
323	107	97	
266	78	147	
227	169	71	
204	60	288	
207	58	300	
226	65	221	
273	137	80	
273	82	137	
301	115	91	
232	161	73	
246	70	185	
204	186	68	
193	208	65	
265	76	153	
234	158	73	
231	240	51	
254	71	176	
314	110	96	
238	68	197	
230	66	214	
326	97	109	
256	72	173	
212	175	70	
238	67	204	
197	204	65	
261	73	165	
249	70	183	
328	94	111	
311	92	116	
264	75	159	
201	195	66	
233	66	212	
356	105	100	
237	157	74	
336	101	104	
219	63	242	
311	121	88	
270	77	150	
252	151	75	
189	227	62	
259	72	171	
214	174	70	
317	92	114	
205	183	68	
239	68	196	
334	113	93	
274	78	144	
279	134	81	
266	74	157	
349	109	96	
254	148	76	
241	156	74	
313	87	123	
303	124	85	
239	67	203	
285	128	83	
234	66	210	
256	70	182	
319	89	119	
312	117	90	
220	173	67	
243	68	192	
229	65	219	
306	122	86	
215	62	254	
231	168	71	
205	60	287	
301	84	130	
225	64	230	
207	59	290	
241	66	201	
318	90	118	
314	118	88	
330	95	109	
275	79	143	
224	63	241	
207	60	284	
240	163	72	
336	93	112	
274	80	137	
257	70	180	
226	64	227	
281	138	79	
263	71	167	
320	91	114	
277	77	148	
344	112	93	
233	165	71	
256	71	175	
225	63	235	
217	62	250	
296	123	86	
238	66	209	
283	136	79	
230	65	217	
321	84	129	
269	75	156	
322	119	87	
314	114	90	
208	181	68	
241	159	72	
283	79	140	
275	76	151	
356	113	92	
261	146	76	
229	171	70	
241	67	200	
239	65	207	
326	89	117	
305	83	131	
258	71	173	
286	78	136	
266	72	164	
214	61	264	
210	60	277	
263	150	75	
202	194	66	
259	70	178	
316	86	124	
321	125	84	
287	135	80	
322	87	122	
327	117	89	
277	74	155	
249	157	73	
254	69	184	
207	187	67	
243	67	198	
319	85	126	
235	65	216	
230	64	223	
324	88	118	
233	170	70	
260	152	74	
215	174	69	
325	84	128	
304	130	82	
270	73	163	
245	68	190	
205	190	66	
324	83	129	
288	81	135	
280	76	147	
267	149	74	
236	65	211	
220	62	248	
215	180	68	
199	208	64	
212	185	67	
280	75	153	
255	156	73	
216	61	258	
234	168	69	
260	71	172	
289	132	80	
192	226	61	
328	86	123	
244	163	69	
272	73	159	
189	216	63	
308	122	85	
335	127	83	
330	86	121	
247	67	195	
201	198	64	
200	206	63	
268	141	76	
291	136	77	
262	70	175	
216	178	67	
257	69	183	
349	121	86	
336	84	127	
308	128	82	
286	76	143	
268	147	75	
222	62	247	
311	80	134	
193	218	62	
257	155	73	
248	68	189	
195	214	63	
228	63	231	
264	151	73	
223	62	245	
260	69	181	
213	184	67	
331	81	131	
349	117	88	
232	64	221	
250	68	188	
327	124	84	
213	60	274	
343	125	83	
242	167	69	
205	197	65	
249	158	72	
284	75	151	
260	154	72	
323	81	133	
302	132	79	
247	161	70	
219	175	68	
196	210	63	
316	129	81	
225	62	244	
251	68	186	
206	189	66	
248	67	194	
206	190	65	
342	82	130	
243	165	68	
234	64	220	
291	80	135	
276	142	75	
264	69	176	
226	62	243	
191	238	60	
259	156	72	
218	61	256	
263	70	173	
335	123	84	
216	60	264	
212	188	66	
362	127	82	
249	67	193	
231	63	230	
236	64	219	
228	62	237	
273	72	162	
244	66	199	
232	63	225	
280	74	154	
239	64	213	
317	131	80	
289	75	150	
261	68	185	
216	184	66	
251	67	192	
219	61	254	
247	160	71	
279	73	156	
276	148	74	
211	59	287	
268	69	171	
254	67	191	
263	68	183	
292	73	153	
341	128	81	
290	75	149	
257	159	71	
222	61	251	
295	77	139	
252	66	196	
310	133	78	
274	71	165	
280	147	74	
280	71	160	
255	67	189	
243	65	205	
213	59	279	
199	217	59	
294	73	150	
258	158	71	
292	75	146	
268	150	73	
299	137	76	
312	79	135	
264	67	182	
270	70	170	
200	216	62	
282	145	74	
223	61	248	
232	62	234	
235	63	221	
248	65	202	
266	153	72	
260	156	70	
286	73	154	
265	69	175	
258	67	188	
275	149	70	
279	71	163	
264	68	181	
221	182	65	
201	214	61	
275	70	168	
234	170	68	
283	72	158	
255	66	195	
206	196	64	
194	235	60	
346	79	134	
196	225	60	
205	204	63	
261	67	186	
211	189	63	
242	64	211	
266	68	180	
267	151	71	
219	60	260	
198	219	60	
256	66	193	
209	57	314	
288	148	73	
226	61	245	
255	160	69	
202	206	62	
292	141	75	
214	188	64	
233	62	233	
310	135	76	
269	68	175	
224	179	66	
314	75	142	
289	143	74	
207	194	63	
296	74	149	
262	155	71	
252	65	198	
206	202	62	
280	69	167	
242	168	68	
243	64	209	
234	62	228	
195	233	59	
307	75	143	
290	146	73	
289	72	154	
259	159	70	
262	67	185	
217	186	65	
239	63	217	
219	59	275	
210	58	297	
261	65	192	
363	78	135	
318	76	138	
299	140	75	
229	61	244	
311	134	77	
282	70	164	
222	60	258	
301	74	148	
262	65	191	
210	191	64	
230	61	243	
246	64	207	
214	58	291	
311	138	75	
218	184	64	
231	61	242	
223	60	257	
299	141	74	
264	66	188	
309	73	147	
228	174	66	
277	68	170	
242	170	67	
220	59	267	
295	143	73	
233	61	237	
225	60	254	
250	64	204	
288	70	159	
256	65	195	
245	63	211	
235	62	227	
279	69	169	
315	74	143	
293	146	72	
272	67	181	
237	62	224	
292	71	155	
272	68	174	
280	68	168	
302	72	149	
226	60	250	
313	136	75	
273	67	178	
266	65	185	
306	140	71	
246	52	286	
217	58	289	
252	164	68	
268	157	69	
275	68	171	
253	64	203	
250	168	66	
257	65	194	
239	241	50	
227	181	64	
210	57	302	
235	61	236	
218	58	287	
239	62	223	
256	64	201	
319	139	74	
263	161	68	
288	68	166	
305	142	72	
235	179	65	
238	61	232	
203	210	61	
241	62	220	
230	60	247	
224	59	265	
220	58	282	
248	173	66	
303	144	72	
271	65	182	
291	69	164	
251	166	67	
277	67	174	
248	63	207	
321	137	74	
261	64	197	
225	59	258	
301	147	71	
321	71	146	
241	178	65	
210	197	62	
309	71	154	
279	155	69	
234	60	246	
245	62	214	
239	61	230	
326	73	145	
243	176	65	
235	60	239	
293	70	158	
279	160	68	
294	69	163	
266	164	67	
221	58	274	
311	71	152	
209	207	61	
197	227	59	
276	66	179	
224	183	64	
302	70	156	
281	159	67	
255	63	206	
241	61	226	
297	69	162	
283	150	69	
265	64	193	
284	67	171	
254	174	65	
259	63	203	
217	57	294	
287	156	68	
302	69	161	
270	162	67	
198	225	58	
313	71	150	
211	206	60	
226	59	257	
226	185	63	
205	214	60	
215	195	62	
228	59	254	
316	70	155	
311	69	159	
214	203	61	
279	66	178	
242	178	64	
305	148	69	
300	66	164	
274	162	66	
258	169	65	
248	62	210	
244	61	224	
261	63	199	
237	60	237	
282	66	174	
225	58	273	
321	69	153	
314	141	70	
285	67	169	
267	64	191	
219	190	62	
226	58	268	
230	59	253	
245	61	223	
210	212	60	
313	69	157	
290	155	67	
233	59	250	
240	60	236	
217	199	61	
220	57	291	
304	68	163	
247	61	222	
257	176	64	
242	60	235	
232	184	63	
219	56	308	
270	64	188	
248	61	216	
330	70	149	
305	153	67	
295	66	167	
254	62	209	
202	248	57	
310	68	162	
243	60	228	
221	57	288	
279	64	181	
235	182	63	
264	63	197	
235	59	247	
255	62	207	
319	69	155	
287	158	67	
227	58	265	
319	68	161	
290	65	173	
262	175	64	
280	65	180	
299	67	166	
278	168	65	
205	240	56	
224	57	284	
268	63	196	
218	197	60	
313	149	68	
322	68	160	
261	61	206	
275	64	185	
231	187	62	
294	66	172	
265	174	63	
283	65	178	
245	181	63	
237	59	243	
228	58	260	
333	147	69	
280	167	63	
272	63	192	
262	62	205	
204	242	57	
330	68	156	
289	160	66	
268	171	63	
250	179	63	
265	62	204	
231	191	61	
282	163	65	
252	61	213	
225	57	277	
286	65	177	
266	61	203	
217	205	59	
210	214	59	
244	60	227	
240	59	240	
250	186	62	
319	67	162	
256	178	63	
221	56	297	
267	62	202	
345	69	152	
231	58	258	
246	60	224	
295	159	66	
251	184	62	
260	177	63	
268	62	200	
254	61	212	
269	169	62	
276	62	191	
232	58	257	
298	156	66	
242	59	239	
255	61	210	
214	207	59	
233	58	255	
345	67	159	
277	62	190	
244	59	236	
250	60	220	
252	183	62	
269	62	199	
226	57	272	
279	63	187	
206	226	57	
207	218	58	
304	160	65	
234	58	254	
291	64	177	
253	182	62	
272	62	195	
238	189	61	
236	58	252	
304	65	167	
247	59	232	
257	178	62	
313	154	66	
240	58	245	
254	60	214	
296	165	64	
230	57	267	
223	56	291	
283	63	184	
239	188	61	
345	159	65	
252	185	61	
236	196	58	
248	59	230	
294	64	176	
297	163	63	
239	192	60	
223	55	295	
301	64	174	
266	177	62	
213	215	58	
234	57	260	
295	63	180	
250	59	226	
224	56	288	
208	232	55	
273	61	202	
226	198	59	
260	184	61	
244	58	239	
312	162	64	
274	61	200	
257	60	210	
227	56	285	
315	63	173	
262	183	61	
215	213	58	
313	161	64	
265	179	61	
280	62	188	
243	190	59	
253	59	224	
319	64	169	
256	51	293	
276	61	198	
230	56	275	
353	160	64	
216	211	57	
256	266	49	
298	63	179	
237	57	259	
254	59	223	
209	224	56	
265	60	209	
288	61	187	
244	188	58	
238	57	257	
305	63	177	
279	61	195	
256	59	222	
247	58	238	
268	60	206	
222	208	58	
293	62	184	
257	59	216	
215	223	57	
251	58	235	
207	234	56	
239	57	256	
255	186	59	
241	57	252	
274	178	61	
328	64	168	
281	61	194	
277	170	61	
270	60	205	
224	207	57	
253	58	229	
284	61	191	
316	162	63	
302	62	182	
267	184	59	
274	60	202	
225	206	58	
235	56	273	
242	57	250	
288	168	62	
235	204	57	
237	56	270	
305	164	62	
307	62	181	
268	182	58	
261	59	213	
245	57	247	
343	63	169	
277	60	200	
315	61	180	
238	56	264	
256	58	225	
322	62	178	
279	180	59	
249	57	245	
263	59	212	
278	60	199	
264	59	210	
227	55	290	
250	57	241	
281	60	195	
324	62	176	
295	178	60	
301	61	186	
324	163	62	
259	58	223	
270	59	206	
240	56	262	
311	61	185	
315	165	61	
233	55	289	
328	62	175	
296	176	59	
251	57	239	
260	58	222	
241	56	261	
236	55	279	
289	60	193	
263	58	218	
216	223	56	
242	56	257	
255	57	237	
223	215	56	
308	173	60	
275	59	203	
292	60	190	
256	57	231	
245	56	252	
266	58	215	
214	249	54	
282	59	202	
323	166	60	
299	60	188	
283	59	201	
244	197	57	
237	55	274	
285	59	198	
268	58	213	
248	56	251	
259	57	226	
313	60	187	
251	56	247	
217	225	55	
270	58	209	
224	212	56	
323	60	186	
288	59	195	
240	55	271	
324	60	183	
263	187	58	
254	56	245	
232	208	56	
263	57	225	
242	55	267	
275	58	206	
315	175	59	
257	56	238	
216	233	54	
266	57	224	
290	59	194	
251	196	56	
268	57	218	
293	59	192	
252	189	57	
224	224	55	
244	55	261	
234	54	293	
283	58	202	
243	205	56	
231	216	55	
302	59	189	
287	181	58	
304	177	58	
237	54	290	
260	56	236	
250	204	55	
274	57	212	
245	55	258	
328	59	188	
290	58	201	
262	56	229	
239	54	280	
294	58	197	
248	55	255	
276	183	57	
235	213	55	
323	176	58	
250	55	253	
223	227	54	
297	58	195	
279	56	209	
252	55	252	
254	55	251	
265	56	225	
257	55	249	
298	58	193	
243	54	278	
283	57	205	
269	195	56	
258	55	244	
244	54	265	
314	178	57	
264	50	289	
310	58	192	
283	192	56	
268	56	221	
224	225	53	
264	267	48	
318	57	191	
326	58	189	
234	222	54	
289	57	203	
287	191	56	
262	55	240	
274	56	220	
298	185	56	
292	57	202	
275	56	215	
249	219	54	
295	57	198	
252	202	54	
263	55	238	
259	197	55	
264	55	237	
248	54	260	
265	55	231	
303	56	197	
307	57	196	
322	179	56	
237	53	294	
314	57	195	
252	54	257	
277	196	55	
243	53	284	
297	192	55	
269	55	228	
254	54	256	
256	54	253	
284	56	206	
271	55	227	
260	54	246	
272	55	225	
315	191	55	
292	55	205	
274	55	223	
299	56	201	
321	186	55	
246	53	281	
277	54	221	
242	223	53	
248	53	268	
280	55	219	
257	219	53	
266	54	238	
226	247	52	
230	242	52	
271	201	54	
281	55	214	
288	197	54	
259	217	52	
322	56	194	
260	203	53	
283	55	212	
270	54	237	
232	226	52	
305	193	54	
271	54	233	
250	53	265	
288	55	209	
254	53	262	
273	54	231	
323	192	54	
329	187	54	
257	53	258	
275	54	230	
276	54	228	
307	55	200	
260	53	250	
298	198	53	
288	54	215	
266	53	248	
271	53	240	
254	52	268	
290	53	214	
278	216	52	
292	54	211	
285	213	52	
272	53	238	
296	54	208	
291	206	52	
275	53	234	
249	238	51	
257	236	51	
331	54	206	
278	53	228	
267	218	51	
255	52	267	
306	199	52	
258	52	264	
282	53	227	
261	52	261	
283	53	223	
281	49	269	
263	52	258	
275	267	47	
266	52	252	
273	52	243	
305	213	51	
293	53	212	
301	52	211	
320	53	209	
260	51	270	
277	52	242	
278	52	240	
279	52	237	
272	238	50	
281	52	236	
282	52	231	
274	237	50	
276	235	50	
282	231	50	
284	52	230	
287	52	224	
285	224	50	
261	51	269	
264	51	266	
297	52	215	
298	221	50	
267	51	261	
262	258	49	
313	214	50	
268	51	260	
271	51	257	
278	51	254	
264	251	49	
280	51	252	
281	51	245	
279	250	49	
284	236	49	
285	51	239	
288	51	233	
331	234	49	
289	51	232	
291	51	227	
340	226	49	
275	50	266	
299	51	226	
302	51	224	
305	51	214	
276	50	260	
267	266	48	
284	262	48	
282	50	257	
287	253	48	
284	50	255	
286	50	254	
287	50	252	
288	50	249	
292	239	48	
290	50	248	
291	50	243	
293	50	235	
306	50	227	
310	50	223	
285	48	272	
298	284	46	
290	49	257	
308	264	47	
310	263	47	
311	247	47	
294	49	251	
297	49	245	
298	49	244	
300	49	239	
310	49	237	
314	49	226	
344	281	46	
302	48	247	
321	48	237	
