24	159	181	
24	172	179	
26	155	169	
26	168	167	
27	165	166	
28	149	157	
30	145	145	
28	146	164	
28	145	183	
30	130	159	
32	157	138	
32	170	136	
33	148	128	
32	126	147	
34	116	161	
34	161	127	
35	144	116	
36	112	155	
36	153	112	
37	104	162	
37	135	111	
38	161	107	
39	141	105	
39	101	169	
39	160	98	
42	89	170	
42	166	97	
44	167	95	
45	142	94	
45	192	89	
30	143	157	
31	140	150	
47	81	178	
48	198	88	
50	199	86	
33	143	141	
32	139	145	
34	142	134	
51	171	81	
34	132	142	
33	136	146	
35	139	129	
35	122	143	
35	138	134	
35	135	141	
36	123	136	
49	79	159	
52	205	80	
55	175	79	
36	136	134	
37	119	136	
55	78	163	
57	188	77	
55	77	176	
37	134	130	
38	110	144	
38	131	130	
59	76	163	
59	183	75	
39	130	124	
62	73	135	
39	125	131	
38	134	114	
41	105	138	
39	131	122	
60	196	72	
46	173	89	
41	101	144	
39	116	136	
40	127	118	
40	122	131	
64	71	116	
41	121	113	
50	170	88	
44	93	139	
40	115	140	
41	150	104	
40	121	135	
41	117	119	
42	156	99	
62	188	70	
40	131	112	
43	138	103	
65	68	170	
42	115	122	
44	157	97	
43	146	100	
42	111	128	
47	141	89	
67	146	68	
42	132	104	
43	156	98	
54	165	80	
42	110	134	
41	131	111	
44	89	145	
43	109	136	
69	138	66	
71	67	174	
44	105	120	
45	131	102	
48	88	174	
44	109	114	
43	125	107	
49	85	147	
71	66	187	
51	162	88	
45	104	123	
52	163	84	
42	120	116	
71	162	65	
46	134	101	
46	101	130	
47	122	96	
78	63	159	
44	119	112	
43	131	106	
49	81	153	
72	141	63	
46	112	111	
45	125	104	
52	138	88	
46	121	103	
46	97	136	
53	123	85	
59	165	77	
54	155	82	
48	95	127	
47	117	108	
46	103	129	
48	133	93	
74	133	61	
61	164	72	
54	160	81	
80	60	127	
48	103	122	
56	167	79	
48	91	133	
49	109	104	
45	108	117	
60	144	75	
49	101	117	
48	107	117	
50	137	90	
49	105	111	
48	111	111	
51	83	128	
49	100	123	
55	134	82	
51	127	91	
78	123	59	
56	162	80	
59	143	79	
49	120	99	
50	99	125	
57	136	81	
50	115	96	
57	77	155	
58	118	80	
52	97	119	
51	100	122	
50	101	115	
52	92	125	
63	156	70	
52	124	94	
50	105	109	
51	102	113	
51	79	134	
82	59	143	
53	91	119	
52	113	100	
55	93	111	
80	115	57	
52	108	105	
54	101	104	
53	111	101	
53	121	95	
85	58	171	
54	115	92	
54	108	97	
61	76	138	
62	136	73	
53	87	125	
59	77	130	
92	57	152	
54	107	101	
85	122	54	
56	114	91	
56	100	110	
54	88	123	
57	95	102	
57	118	88	
62	148	72	
56	111	94	
61	140	79	
57	90	118	
57	104	98	
95	53	135	
59	88	111	
58	90	105	
57	81	127	
57	110	96	
60	78	119	
59	87	120	
59	110	84	
58	117	89	
59	104	94	
66	70	132	
58	110	95	
58	94	99	
73	66	166	
62	135	78	
63	115	79	
67	68	145	
66	133	71	
61	106	92	
63	118	77	
60	98	97	
61	82	100	
87	114	52	
62	104	82	
62	96	91	
64	100	76	
65	125	75	
75	66	141	
61	114	81	
65	128	74	
62	91	97	
61	78	106	
68	129	72	
62	114	80	
91	104	50	
63	90	91	
97	52	133	
70	120	70	
68	124	75	
71	68	140	
70	99	75	
79	64	124	
65	92	83	
70	136	69	
63	86	97	
71	121	66	
74	68	120	
99	51	149	
66	77	109	
71	110	70	
67	89	90	
72	70	129	
76	67	130	
93	96	48	
67	76	111	
70	77	91	
69	76	102	
68	85	99	
73	113	64	
73	70	127	
100	49	130	
73	75	115	
74	70	88	
71	82	87	
67	96	81	
73	89	74	
89	58	166	
72	98	79	
73	103	73	
72	94	82	
90	58	136	
75	69	115	
74	106	72	
99	89	47	
77	110	62	
81	67	112	
73	88	80	
75	98	69	
74	79	82	
102	48	146	
81	63	122	
76	69	104	
81	66	121	
76	102	66	
82	66	120	
83	66	115	
73	81	87	
102	126	45	
84	60	119	
83	68	109	
86	59	135	
85	65	113	
75	83	78	
106	47	147	
93	57	142	
85	66	102	
77	94	73	
85	68	87	
76	106	65	
88	62	110	
78	84	72	
83	69	99	
81	97	68	
91	58	126	
87	65	105	
76	76	81	
82	91	69	
78	98	67	
94	57	123	
79	106	63	
76	78	79	
108	46	163	
82	101	65	
85	101	59	
89	63	96	
83	74	87	
93	61	110	
87	66	100	
84	97	62	
94	59	91	
83	95	66	
84	74	86	
104	118	43	
85	77	75	
83	83	75	
83	89	71	
86	72	83	
84	87	67	
91	62	94	
99	55	126	
95	58	121	
91	66	88	
86	81	71	
115	45	139	
88	74	82	
85	91	64	
96	58	107	
86	84	64	
93	73	75	
86	108	56	
93	71	86	
100	57	108	
95	64	85	
100	54	123	
89	80	73	
95	71	80	
85	95	63	
93	72	81	
96	73	60	
85	100	60	
101	56	119	
91	65	93	
96	68	81	
99	53	130	
91	83	68	
86	99	60	
88	106	56	
91	86	61	
93	65	87	
94	81	70	
104	56	114	
118	42	136	
98	65	79	
103	55	121	
91	90	60	
92	95	58	
98	72	76	
105	55	105	
103	58	105	
101	52	128	
96	65	84	
108	108	41	
100	67	75	
104	51	121	
92	99	55	
102	53	125	
98	61	82	
105	57	93	
105	54	119	
107	54	108	
104	71	68	
93	85	59	
108	51	116	
94	93	55	
107	55	103	
105	70	69	
110	58	90	
107	56	102	
96	92	57	
109	52	102	
107	69	67	
108	66	77	
104	62	80	
109	55	100	
113	58	87	
97	81	56	
110	66	64	
114	58	78	
111	55	91	
113	61	79	
104	49	125	
118	65	69	
106	48	141	
118	64	77	
113	50	116	
119	64	72	
114	48	97	
111	54	96	
111	51	100	
115	56	87	
98	81	51	
120	60	75	
112	46	158	
110	47	142	
113	46	141	
111	77	55	
118	54	82	
122	59	67	
112	52	97	
113	54	93	
110	100	39	
116	47	113	
111	70	62	
116	54	90	
120	64	65	
115	53	91	
112	72	57	
103	118	46	
120	56	81	
118	50	88	
113	69	60	
122	56	73	
117	46	136	
115	68	61	
119	45	134	
105	110	44	
129	67	62	
120	46	114	
124	51	83	
128	55	77	
115	76	56	
121	68	50	
131	65	58	
130	62	64	
113	80	49	
129	63	66	
116	72	55	
114	78	51	
130	41	136	
130	56	67	
129	54	78	
117	74	54	
132	62	60	
108	81	49	
130	53	76	
132	55	65	
109	89	45	
127	45	108	
122	42	131	
119	74	46	
131	52	74	
133	49	96	
122	45	130	
135	47	95	
134	59	61	
129	44	106	
136	47	88	
132	41	103	
133	50	82	
132	66	54	
114	88	46	
134	47	96	
134	62	52	
135	52	62	
115	86	47	
143	51	80	
117	78	48	
116	84	47	
139	47	83	
154	51	74	
135	58	59	
156	50	73	
146	45	101	
147	44	91	
167	48	78	
137	58	55	
150	40	152	
119	84	41	
149	55	61	
131	122	38	
150	54	59	
128	71	49	
169	47	74	
137	62	49	
150	45	89	
134	70	46	
154	54	47	
151	43	88	
129	68	49	
139	58	47	
167	44	87	
120	82	42	
129	79	45	
154	53	61	
136	68	48	
130	76	45	
135	78	42	
134	74	45	
139	68	42	
140	66	43	
155	62	43	
151	42	102	
190	39	144	
130	84	40	
163	134	37	
154	40	147	
135	82	41	
176	40	127	
164	81	41	
166	75	41	
155	97	39	
180	40	115	
135	113	38	
196	39	143	
