45	272	289	
45	288	282	
45	300	277	
45	319	260	
46	270	284	
46	260	319	
47	258	304	
46	309	255	
48	253	295	
46	322	249	
48	246	307	
47	312	244	
49	238	299	
47	338	241	
48	284	239	
49	237	307	
48	307	237	
50	234	262	
49	287	228	
50	232	283	
50	229	307	
50	224	323	
49	314	226	
49	355	224	
51	223	298	
51	220	313	
49	364	218	
52	219	292	
52	214	300	
50	337	217	
50	354	213	
53	203	286	
51	285	210	
51	363	208	
52	279	205	
52	320	203	
54	199	276	
52	329	197	
55	197	286	
55	195	297	
53	347	194	
55	194	327	
56	193	276	
56	192	290	
53	350	193	
56	190	317	
53	360	192	
54	330	187	
57	189	287	
57	179	299	
55	313	184	
55	322	178	
58	175	289	
56	301	177	
56	335	175	
59	171	310	
56	337	174	
56	341	173	
57	300	172	
61	167	301	
57	323	168	
62	165	292	
58	331	167	
58	336	165	
62	163	322	
58	354	163	
63	161	313	
45	309	276	
45	318	268	
46	291	271	
59	317	161	
64	160	312	
64	159	314	
59	326	155	
47	266	289	
65	158	303	
46	290	272	
65	155	335	
47	260	301	
46	275	278	
46	300	265	
66	154	340	
67	153	261	
60	353	151	
67	152	325	
47	301	254	
46	308	263	
68	151	281	
47	288	260	
47	279	265	
68	150	338	
46	289	277	
50	304	221	
47	272	271	
69	149	307	
47	292	259	
47	264	300	
47	295	258	
48	261	261	
62	303	150	
69	146	353	
62	315	146	
47	304	253	
48	259	282	
47	308	252	
71	144	305	
49	252	266	
49	251	276	
49	249	285	
62	324	141	
71	143	335	
48	254	294	
48	257	292	
72	141	347	
51	276	215	
49	256	245	
48	256	293	
49	253	255	
73	138	333	
49	246	298	
50	248	246	
48	281	249	
51	225	270	
48	275	260	
64	341	140	
48	279	259	
65	326	137	
75	135	314	
50	295	226	
66	337	135	
48	283	247	
76	133	327	
52	222	279	
49	276	240	
67	320	133	
78	132	330	
52	220	286	
78	130	354	
49	286	236	
51	266	224	
49	284	238	
68	318	132	
50	259	234	
54	323	192	
70	302	131	
79	129	348	
54	279	194	
50	276	229	
70	322	129	
80	127	284	
54	321	193	
53	278	200	
71	325	127	
81	126	289	
50	254	240	
51	246	241	
53	271	204	
53	280	199	
81	124	346	
51	244	246	
53	321	198	
72	298	126	
51	242	260	
52	236	246	
72	337	125	
53	219	270	
82	123	293	
52	228	262	
74	349	124	
53	222	265	
82	122	334	
51	251	235	
53	217	281	
52	248	232	
55	279	190	
75	327	123	
84	120	284	
52	235	252	
52	270	210	
52	255	225	
52	234	255	
53	226	260	
76	293	122	
55	301	187	
53	228	247	
76	322	119	
84	119	340	
52	242	242	
54	218	261	
52	268	216	
54	216	264	
85	115	309	
54	220	257	
52	265	219	
54	222	255	
52	247	239	
52	260	224	
53	240	241	
52	245	241	
53	246	230	
54	213	270	
53	243	236	
54	227	245	
53	247	228	
52	264	222	
53	239	243	
53	262	211	
54	228	238	
78	309	118	
54	210	275	
53	260	216	
55	209	260	
53	257	220	
79	296	112	
54	243	225	
53	245	235	
56	292	182	
54	226	254	
54	238	231	
53	255	222	
55	219	245	
56	205	261	
56	284	186	
88	112	265	
54	249	223	
54	259	211	
54	256	216	
55	218	255	
54	254	219	
53	267	209	
54	235	237	
56	214	249	
54	253	221	
54	237	236	
56	200	270	
54	266	204	
55	245	219	
56	280	188	
54	271	200	
55	235	226	
54	241	228	
59	303	163	
54	248	224	
56	228	231	
54	255	218	
58	187	275	
55	257	206	
55	227	240	
55	239	223	
55	254	213	
55	226	244	
56	210	255	
55	250	218	
56	226	233	
56	221	242	
90	111	293	
55	272	198	
56	239	214	
57	201	251	
57	191	285	
57	198	261	
54	270	201	
56	267	196	
55	267	202	
56	227	232	
56	225	239	
92	108	309	
55	255	212	
56	218	245	
55	263	205	
57	221	229	
57	196	264	
56	254	201	
56	230	230	
57	216	241	
56	249	207	
56	273	193	
55	266	203	
57	220	236	
81	302	111	
56	258	200	
56	233	229	
56	238	221	
56	264	198	
58	302	169	
57	219	238	
57	232	224	
58	193	260	
57	236	215	
57	211	247	
57	293	179	
58	186	280	
57	280	184	
83	277	110	
57	215	245	
60	171	300	
56	275	192	
59	183	269	
57	246	202	
58	228	219	
58	213	239	
56	271	195	
57	274	187	
59	294	168	
57	210	248	
57	287	182	
57	235	222	
58	218	232	
56	272	194	
58	191	272	
85	294	109	
57	255	195	
94	105	282	
58	206	248	
58	281	178	
58	232	214	
58	210	243	
57	265	192	
57	240	210	
56	266	197	
57	276	186	
58	293	174	
59	180	279	
58	222	226	
59	191	258	
59	187	262	
58	200	259	
58	216	237	
61	325	153	
58	255	191	
86	300	108	
59	205	240	
58	272	183	
59	186	266	
59	198	248	
63	163	299	
58	262	190	
58	212	242	
58	276	182	
61	173	282	
59	212	227	
58	243	203	
59	220	222	
58	265	188	
59	178	285	
87	309	107	
58	238	208	
66	157	267	
59	273	177	
58	249	198	
61	172	290	
59	282	172	
59	194	255	
59	235	207	
59	209	237	
66	156	310	
60	176	269	
59	227	217	
59	202	245	
62	169	276	
88	305	106	
97	103	310	
60	303	159	
58	271	187	
61	168	300	
58	239	207	
59	265	182	
59	223	221	
60	193	253	
59	231	213	
70	148	303	
59	233	211	
60	209	228	
58	254	197	
60	175	283	
59	204	243	
59	241	199	
60	219	219	
60	204	234	
60	227	208	
90	295	104	
59	247	196	
60	198	244	
61	187	246	
60	202	238	
70	146	317	
59	256	189	
61	316	158	
59	193	257	
60	190	258	
64	162	309	
59	239	205	
60	217	224	
60	222	216	
60	184	264	
59	249	195	
59	264	184	
59	301	166	
60	233	202	
60	282	168	
59	261	187	
59	252	192	
61	323	157	
65	159	279	
98	101	323	
61	207	224	
60	289	167	
60	201	242	
61	175	280	
61	179	265	
62	294	155	
61	185	258	
69	150	297	
61	215	217	
60	273	173	
60	259	180	
60	226	215	
61	195	241	
60	242	197	
60	294	164	
60	208	232	
60	250	183	
59	262	186	
61	200	236	
61	223	205	
91	313	103	
60	245	194	
61	240	191	
61	184	263	
63	167	271	
60	269	179	
62	182	254	
61	205	231	
60	231	204	
61	234	198	
64	164	296	
61	289	163	
60	249	190	
61	213	221	
61	218	215	
60	270	178	
61	199	239	
62	193	233	
61	242	186	
62	174	274	
60	248	192	
65	163	272	
62	185	244	
91	325	102	
62	204	222	
62	222	207	
61	293	162	
101	100	296	
64	166	276	
62	180	259	
61	283	166	
61	266	176	
60	280	172	
61	255	178	
62	177	263	
62	221	210	
63	170	268	
62	277	160	
64	165	284	
61	274	171	
62	209	220	
62	203	228	
62	220	212	
61	230	203	
61	236	197	
62	217	215	
62	212	218	
63	208	211	
61	269	175	
92	302	101	
62	202	230	
61	280	168	
73	141	260	
101	99	313	
62	232	194	
62	238	184	
62	223	203	
63	189	230	
62	226	201	
61	271	174	
63	175	265	
62	192	239	
63	179	257	
62	260	170	
61	251	181	
63	180	245	
62	268	165	
62	190	243	
62	236	189	
62	256	172	
62	247	177	
63	178	262	
63	197	225	
62	251	175	
63	216	204	
96	293	100	
64	176	254	
102	98	289	
62	231	199	
64	174	258	
63	224	199	
63	206	218	
64	170	263	
61	246	183	
72	143	298	
63	227	196	
63	187	239	
64	179	244	
96	326	99	
63	200	223	
104	97	302	
63	205	221	
63	289	157	
63	231	193	
64	204	209	
64	167	270	
64	201	219	
63	185	242	
64	219	200	
63	223	202	
65	166	256	
63	233	192	
65	168	251	
63	301	150	
64	194	227	
98	301	97	
71	147	277	
63	310	145	
64	223	194	
105	96	297	
64	212	204	
64	235	183	
64	186	237	
64	287	154	
65	190	224	
65	182	229	
64	233	188	
64	274	159	
62	243	182	
71	146	290	
64	185	239	
65	193	221	
64	232	189	
63	256	168	
74	139	280	
63	237	186	
64	290	153	
64	196	226	
64	261	164	
65	198	218	
64	225	193	
65	176	246	
64	218	202	
64	282	158	
65	219	192	
64	304	144	
63	243	180	
64	236	182	
64	295	149	
64	221	199	
65	199	217	
105	94	318	
65	212	201	
63	242	183	
65	231	183	
64	284	157	
65	209	205	
65	200	216	
65	319	141	
63	247	173	
65	180	238	
64	239	178	
64	257	166	
65	230	185	
66	198	210	
74	138	329	
65	228	187	
65	217	198	
65	257	162	
62	250	176	
65	173	249	
99	300	95	
66	178	241	
79	131	271	
66	189	219	
64	286	156	
64	248	171	
66	205	203	
66	305	139	
65	227	191	
65	268	155	
66	213	197	
65	277	150	
70	150	273	
66	175	245	
75	138	242	
64	243	175	
66	171	247	
66	217	191	
66	291	148	
66	226	186	
79	130	318	
67	175	233	
66	197	213	
66	188	227	
67	168	240	
64	238	181	
66	181	237	
64	252	169	
67	194	212	
66	296	144	
109	92	301	
66	224	188	
66	208	202	
65	236	180	
67	184	221	
72	145	266	
65	238	173	
65	235	182	
64	242	176	
66	201	208	
66	229	182	
67	210	200	
67	165	258	
67	212	191	
66	234	171	
67	223	183	
67	204	207	
66	228	184	
65	248	167	
67	166	249	
68	161	250	
67	220	186	
68	191	211	
65	264	160	
103	327	93	
68	201	197	
65	247	168	
80	129	282	
66	231	181	
67	180	231	
67	200	209	
66	243	166	
67	230	170	
67	278	144	
66	290	149	
67	183	223	
68	199	204	
68	306	137	
66	248	165	
67	269	149	
68	181	226	
67	218	189	
67	298	143	
66	263	157	
77	134	289	
68	182	223	
68	190	213	
68	177	231	
68	198	207	
68	197	208	
67	174	235	
68	186	218	
67	257	160	
68	208	196	
66	275	153	
67	226	180	
69	179	220	
109	90	326	
66	254	162	
69	193	206	
67	299	142	
68	212	189	
68	171	233	
68	209	195	
78	133	292	
68	219	181	
68	166	246	
67	263	154	
68	158	254	
68	189	216	
76	136	262	
69	208	186	
68	218	185	
68	317	133	
69	292	141	
69	174	228	
67	248	162	
69	185	214	
67	262	156	
67	229	179	
67	264	153	
69	159	248	
69	172	230	
106	314	92	
67	261	159	
68	294	143	
69	200	203	
69	198	204	
70	164	241	
68	228	176	
69	206	192	
69	300	136	
69	295	140	
68	249	159	
71	152	252	
67	256	161	
68	298	142	
67	239	165	
70	198	196	
69	227	167	
70	190	205	
69	169	234	
68	255	156	
76	135	303	
68	244	160	
69	176	227	
69	215	180	
69	190	211	
70	173	217	
69	187	213	
69	219	179	
70	192	204	
68	156	257	
72	151	257	
69	203	196	
69	178	225	
70	187	211	
70	197	199	
69	224	174	
69	205	195	
107	313	90	
113	88	309	
69	168	238	
70	272	143	
70	162	244	
70	195	201	
70	166	239	
68	235	165	
70	202	191	
71	180	212	
71	184	209	
68	262	152	
68	274	148	
69	154	255	
69	157	251	
70	186	213	
70	168	230	
70	280	141	
69	299	138	
69	253	153	
69	213	185	
70	223	165	
70	171	226	
71	165	231	
70	293	137	
69	170	233	
71	194	201	
71	160	242	
68	264	151	
70	220	173	
71	189	205	
71	201	185	
69	231	164	
70	294	136	
70	213	183	
71	162	238	
71	196	195	
71	193	203	
69	271	148	
71	186	208	
70	243	156	
71	276	138	
70	264	149	
69	236	162	
71	195	199	
72	191	198	
71	158	245	
72	150	265	
71	188	206	
71	212	177	
73	150	249	
72	198	188	
72	188	204	
71	170	222	
71	209	180	
69	240	159	
71	156	250	
70	269	147	
72	186	206	
73	329	125	
70	252	151	
72	174	210	
72	155	244	
73	185	203	
73	153	232	
71	172	217	
113	322	89	
72	169	224	
116	86	339	
73	176	207	
70	301	132	
71	252	147	
72	159	239	
72	195	195	
73	188	200	
71	253	146	
71	216	174	
71	294	135	
73	181	205	
72	167	227	
72	182	209	
73	194	189	
71	208	183	
72	156	243	
71	242	154	
72	152	251	
72	274	136	
70	279	142	
73	191	195	
72	203	183	
71	295	134	
71	271	141	
72	165	230	
72	219	167	
70	232	160	
74	315	125	
116	314	88	
71	269	145	
73	149	259	
74	186	189	
83	122	330	
72	166	229	
73	166	225	
73	187	202	
72	208	175	
74	142	248	
71	218	173	
72	170	220	
73	161	227	
73	202	179	
71	237	156	
72	253	145	
72	244	150	
72	267	143	
72	277	135	
73	169	221	
73	184	204	
74	167	218	
73	152	246	
73	200	184	
74	184	201	
78	135	277	
72	217	170	
73	171	215	
72	296	133	
74	175	204	
72	294	134	
71	228	161	
75	326	124	
73	173	211	
85	119	289	
73	213	168	
73	276	131	
74	195	184	
76	279	124	
74	182	203	
116	328	87	
71	301	131	
74	170	208	
74	163	222	
120	84	322	
73	257	143	
75	177	200	
72	224	159	
72	270	141	
75	182	199	
73	266	141	
73	205	177	
74	199	182	
74	209	169	
72	273	140	
72	228	158	
74	151	239	
72	233	154	
74	160	226	
75	185	197	
73	268	139	
75	159	216	
73	219	165	
74	165	221	
72	248	149	
75	191	186	
76	180	192	
73	236	153	
117	327	85	
73	269	138	
73	284	130	
75	198	176	
74	262	138	
74	204	176	
75	169	208	
74	203	177	
74	220	159	
74	242	147	
75	154	226	
73	240	152	
74	216	164	
75	203	173	
75	195	183	
76	171	199	
74	278	129	
75	167	213	
75	174	205	
73	246	149	
73	242	151	
73	224	157	
75	193	184	
76	192	179	
75	251	135	
74	261	139	
74	246	145	
74	249	143	
76	187	183	
75	151	237	
77	299	119	
75	293	126	
121	83	323	
75	212	162	
74	236	151	
74	229	152	
75	206	171	
75	150	239	
76	166	214	
76	168	211	
73	275	132	
77	176	192	
76	143	235	
74	241	148	
77	160	209	
77	180	189	
74	274	130	
76	158	225	
77	191	173	
75	209	167	
74	239	150	
80	135	246	
76	205	169	
76	152	233	
78	155	221	
77	170	202	
75	221	154	
77	157	225	
76	196	178	
123	340	84	
81	128	272	
75	238	146	
78	181	185	
75	233	150	
77	199	170	
77	152	231	
124	82	332	
81	131	259	
77	168	206	
76	217	152	
75	268	134	
77	151	233	
78	147	227	
75	225	151	
76	211	165	
77	208	161	
75	247	144	
78	137	256	
78	164	208	
77	173	198	
76	271	131	
77	206	166	
83	124	290	
76	237	143	
75	237	147	
78	169	204	
77	189	178	
79	156	207	
84	125	276	
78	167	207	
78	172	193	
77	214	155	
76	229	148	
76	248	138	
79	161	203	
79	147	219	
79	192	167	
126	313	83	
78	205	168	
83	127	273	
76	270	132	
128	79	336	
79	181	182	
76	262	134	
78	188	180	
79	174	191	
77	252	129	
79	169	200	
76	244	142	
79	179	188	
77	159	215	
78	198	172	
78	206	163	
76	232	146	
80	163	198	
86	118	273	
83	130	254	
79	200	164	
80	180	176	
80	177	183	
77	245	141	
78	211	156	
80	168	195	
80	144	222	
79	188	177	
77	277	128	
79	190	172	
77	222	148	
131	334	82	
77	139	236	
83	129	266	
80	155	218	
78	230	142	
86	115	283	
77	247	140	
82	133	249	
78	292	121	
81	175	185	
77	234	144	
79	267	126	
78	238	137	
81	148	213	
79	275	121	
79	210	154	
85	122	279	
78	277	126	
80	206	161	
77	229	146	
83	128	267	
81	203	160	
81	168	192	
79	209	156	
84	126	275	
85	126	255	
77	249	137	
81	171	190	
80	189	170	
78	228	144	
79	208	159	
83	131	249	
80	138	233	
80	196	164	
82	170	186	
78	218	146	
81	188	164	
82	164	191	
133	322	81	
81	157	200	
79	289	119	
78	246	135	
81	137	229	
81	201	162	
81	186	169	
82	154	210	
81	206	157	
79	213	152	
81	177	179	
80	230	137	
82	136	240	
86	124	272	
81	200	163	
83	172	177	
78	250	133	
81	204	159	
82	181	170	
87	116	271	
80	260	127	
82	196	156	
83	133	239	
80	214	146	
80	272	124	
87	125	263	
80	226	142	
84	153	203	
83	153	210	
80	243	132	
81	162	198	
137	325	80	
81	276	115	
80	278	120	
82	139	220	
82	169	189	
131	78	349	
82	208	147	
80	212	150	
83	158	194	
85	149	212	
80	225	145	
81	256	124	
87	123	266	
81	211	149	
83	168	190	
82	178	176	
85	152	209	
81	221	143	
81	233	132	
87	127	249	
82	207	154	
85	131	248	
83	169	186	
84	165	185	
85	146	217	
81	268	120	
82	195	163	
87	132	240	
83	204	154	
86	151	203	
85	135	237	
85	141	219	
81	250	127	
80	247	129	
81	224	140	
83	189	158	
83	178	173	
84	171	180	
86	146	212	
83	163	192	
86	150	210	
140	326	79	
85	156	199	
87	130	246	
88	124	254	
86	134	233	
140	77	355	
83	187	163	
84	197	150	
82	215	140	
85	169	183	
86	144	215	
84	160	193	
84	179	169	
85	186	160	
87	146	208	
86	154	197	
86	175	173	
88	126	241	
85	160	190	
93	110	270	
85	179	167	
82	229	130	
88	123	258	
87	161	184	
81	245	130	
87	170	177	
82	249	121	
82	227	136	
87	136	224	
83	138	223	
88	132	236	
87	147	207	
87	142	213	
82	291	112	
88	150	202	
87	169	178	
88	166	181	
81	244	131	
88	122	262	
93	109	288	
87	150	206	
88	156	196	
141	330	78	
85	184	162	
82	226	139	
88	135	227	
140	76	359	
89	158	191	
86	174	176	
82	213	144	
88	153	201	
88	175	170	
88	127	240	
89	155	194	
82	273	119	
83	222	137	
89	132	222	
88	147	206	
84	209	141	
89	153	199	
85	201	147	
87	172	174	
89	131	234	
86	193	147	
88	145	208	
89	117	258	
82	244	126	
89	124	253	
90	151	196	
82	242	128	
90	147	202	
86	180	163	
88	141	215	
90	125	248	
90	116	256	
90	165	178	
89	157	193	
83	257	119	
89	138	213	
89	144	208	
83	270	117	
91	158	187	
89	130	236	
89	164	183	
91	156	189	
88	136	222	
88	174	173	
89	170	172	
88	177	169	
91	121	249	
89	165	182	
90	124	252	
84	215	137	
93	111	265	
90	149	200	
89	143	212	
87	187	154	
90	145	205	
143	326	77	
86	206	145	
91	153	193	
90	127	235	
90	168	177	
146	75	371	
83	226	133	
89	178	168	
91	142	208	
83	234	126	
90	163	182	
84	225	134	
90	137	216	
91	125	242	
91	165	176	
90	174	171	
90	131	232	
91	159	186	
90	175	169	
90	177	165	
91	150	198	
90	178	163	
88	182	160	
91	155	192	
92	164	180	
85	224	130	
92	159	183	
84	250	115	
92	127	233	
92	121	242	
92	169	171	
91	173	167	
83	273	115	
92	147	196	
91	145	204	
85	221	134	
87	202	141	
92	137	212	
91	144	206	
92	154	191	
93	151	194	
83	246	124	
92	135	213	
94	126	227	
93	163	179	
86	207	144	
94	160	177	
93	154	187	
88	186	157	
92	146	199	
93	138	210	
92	168	175	
92	129	232	
87	213	135	
93	158	185	
93	142	206	
89	182	157	
99	102	284	
93	153	190	
93	144	203	
91	180	159	
93	126	232	
95	152	187	
93	166	170	
92	171	170	
144	332	76	
91	120	254	
84	230	124	
93	145	202	
92	176	163	
88	192	151	
150	74	339	
95	157	186	
94	138	206	
94	150	195	
89	279	106	
87	211	140	
93	125	241	
92	172	169	
92	134	219	
95	143	200	
96	158	182	
85	273	114	
96	146	193	
89	190	151	
92	175	165	
98	104	285	
96	157	185	
92	117	250	
88	194	141	
94	125	228	
95	150	194	
97	153	181	
84	243	122	
92	179	161	
90	113	259	
100	101	316	
94	145	199	
94	130	223	
95	149	195	
95	159	182	
89	271	109	
94	169	166	
96	150	190	
90	185	155	
88	207	139	
94	165	175	
94	109	276	
92	174	166	
94	164	176	
88	208	138	
94	116	241	
97	142	200	
93	132	221	
86	221	133	
93	178	160	
96	159	179	
90	187	151	
95	145	197	
94	122	236	
87	266	113	
95	164	172	
87	216	133	
94	133	219	
94	172	164	
96	162	173	
95	132	216	
86	267	114	
99	103	280	
94	174	162	
97	141	202	
91	184	156	
93	118	245	
93	179	156	
90	191	147	
87	219	131	
86	226	124	
96	134	207	
91	185	154	
97	148	192	
150	345	75	
97	151	188	
95	127	219	
98	144	198	
94	177	160	
94	129	224	
154	73	324	
90	207	136	
97	158	180	
85	244	121	
87	274	110	
94	136	212	
93	184	152	
97	140	204	
101	101	263	
95	168	165	
98	148	189	
90	206	140	
87	237	118	
96	160	176	
92	296	103	
92	186	151	
92	188	149	
98	159	171	
95	175	160	
98	156	177	
97	150	189	
93	182	155	
99	145	192	
99	142	196	
94	178	159	
86	243	119	
97	165	166	
91	198	135	
98	152	186	
94	124	234	
98	139	201	
99	141	197	
96	170	159	
99	151	186	
87	273	112	
87	260	114	
98	149	188	
89	214	132	
96	131	215	
87	223	127	
93	112	256	
95	181	151	
100	149	183	
96	172	158	
87	225	124	
97	164	171	
95	107	272	
89	217	127	
96	132	214	
90	209	135	
99	138	204	
96	121	231	
88	221	127	
99	140	198	
100	146	191	
94	180	155	
95	121	234	
91	191	145	
100	143	195	
93	186	148	
99	164	164	
96	177	157	
100	155	178	
98	134	206	
90	248	110	
91	210	132	
97	133	210	
101	142	190	
99	158	175	
94	111	252	
97	295	99	
100	135	199	
96	130	218	
153	318	74	
101	148	185	
89	264	113	
88	227	118	
100	160	165	
94	188	144	
96	126	222	
158	70	324	
100	154	180	
97	176	155	
101	145	189	
96	117	235	
97	122	229	
99	129	217	
100	157	170	
101	152	176	
97	180	153	
100	126	212	
91	290	105	
95	110	265	
97	184	149	
97	125	226	
97	167	165	
99	167	162	
101	147	187	
98	125	218	
91	213	131	
92	192	141	
98	171	153	
96	107	262	
102	150	176	
102	136	193	
98	122	225	
95	113	243	
87	245	115	
96	105	272	
100	132	209	
92	209	132	
102	146	182	
99	181	146	
91	267	107	
102	156	172	
96	187	146	
92	286	104	
91	216	129	
93	206	132	
98	180	151	
101	133	207	
90	223	122	
98	184	147	
91	196	140	
101	168	156	
92	210	129	
101	131	211	
103	143	184	
98	186	144	
103	151	175	
94	298	101	
99	178	152	
102	134	203	
102	165	162	
97	117	234	
103	131	202	
94	191	142	
102	132	207	
94	290	103	
102	133	205	
155	335	73	
92	195	139	
99	122	221	
91	222	124	
105	153	172	
99	116	232	
90	269	109	
102	130	211	
100	179	150	
103	149	179	
90	238	117	
102	141	192	
96	189	143	
94	204	133	
93	280	104	
97	187	144	
98	110	261	
102	167	161	
101	159	169	
98	121	230	
91	221	126	
95	292	102	
101	176	150	
97	193	135	
103	127	209	
93	213	126	
99	110	252	
95	195	136	
100	115	228	
91	264	109	
92	220	122	
104	141	188	
102	158	164	
102	164	163	
104	147	176	
103	163	161	
103	165	160	
93	209	131	
98	189	141	
103	138	192	
101	180	148	
106	154	168	
95	275	106	
92	218	125	
95	199	133	
92	244	114	
100	185	142	
98	191	137	
99	184	145	
104	129	201	
98	116	237	
99	109	257	
95	207	126	
100	104	269	
101	117	219	
105	139	187	
96	112	246	
101	179	149	
100	106	263	
103	157	168	
104	164	159	
96	257	101	
93	235	115	
98	114	242	
102	172	151	
102	100	279	
104	134	198	
97	203	130	
106	142	182	
103	124	214	
106	150	173	
104	162	161	
103	177	144	
105	164	155	
105	146	181	
91	246	113	
101	182	140	
93	259	109	
105	132	196	
107	94	280	
102	180	146	
99	190	138	
100	108	258	
94	256	107	
100	111	245	
105	158	162	
160	327	72	
100	188	141	
104	157	166	
91	237	117	
108	144	178	
96	217	122	
95	219	122	
93	223	118	
100	189	138	
107	137	187	
107	153	169	
103	174	149	
101	114	239	
101	109	252	
107	149	172	
105	169	153	
105	128	204	
99	201	131	
106	141	186	
104	119	218	
97	214	124	
105	162	159	
95	218	124	
107	134	195	
108	156	164	
99	195	134	
105	126	210	
105	123	212	
108	152	171	
101	106	257	
100	112	243	
93	243	112	
104	123	217	
101	110	251	
102	111	238	
108	141	185	
104	176	148	
108	135	192	
105	171	150	
96	233	115	
107	160	159	
108	157	162	
105	302	94	
109	139	186	
106	124	207	
100	197	129	
109	151	166	
96	235	114	
102	106	245	
104	172	150	
109	148	171	
101	108	256	
106	165	153	
100	191	133	
106	131	200	
101	188	139	
110	141	179	
109	143	178	
110	146	176	
105	174	145	
107	170	147	
110	140	185	
104	110	236	
98	213	123	
109	136	189	
108	163	155	
95	220	120	
98	274	100	
105	122	214	
97	231	117	
108	133	194	
99	192	135	
108	129	198	
102	184	136	
111	147	170	
105	173	148	
103	180	143	
100	206	128	
108	125	206	
99	209	123	
95	252	109	
109	150	169	
108	169	150	
111	137	183	
106	99	268	
96	240	113	
111	144	177	
109	142	181	
109	158	161	
110	131	192	
109	161	153	
110	152	160	
105	112	232	
110	134	190	
101	204	128	
109	127	199	
99	299	97	
98	221	117	
98	294	99	
105	97	296	
107	128	201	
112	144	173	
96	244	109	
110	136	186	
104	180	140	
105	120	217	
109	167	150	
162	350	71	
102	280	97	
98	231	115	
102	104	259	
109	129	195	
109	149	170	
99	284	99	
161	69	337	
101	205	127	
98	216	121	
105	178	141	
106	120	212	
101	193	129	
111	139	182	
96	250	108	
98	239	112	
110	123	203	
102	192	127	
107	123	207	
111	91	297	
112	132	186	
102	116	222	
106	98	287	
111	156	157	
109	160	157	
99	227	112	
102	190	134	
100	213	120	
113	141	175	
111	140	181	
102	205	125	
99	208	124	
107	175	139	
112	141	178	
111	150	168	
106	100	263	
110	166	151	
98	219	120	
103	183	139	
106	114	223	
112	148	169	
103	188	133	
99	237	111	
111	132	190	
109	171	146	
107	98	274	
103	105	254	
111	167	149	
113	137	180	
108	122	209	
114	139	171	
105	109	236	
106	179	138	
113	148	164	
99	219	119	
98	253	105	
110	165	152	
107	119	214	
109	124	206	
102	204	126	
112	136	185	
105	183	138	
111	126	199	
110	173	145	
112	158	156	
112	125	198	
103	211	121	
112	168	147	
111	173	142	
107	113	226	
111	151	163	
104	186	134	
112	129	194	
114	159	150	
100	224	115	
109	118	214	
104	199	123	
113	165	148	
100	241	109	
106	102	261	
115	134	184	
108	121	211	
112	166	150	
101	215	117	
113	127	195	
107	100	250	
111	172	144	
104	270	96	
99	244	107	
114	147	169	
115	143	168	
113	158	155	
108	182	135	
113	135	185	
105	108	242	
115	128	189	
106	191	132	
108	110	221	
103	204	125	
110	120	207	
113	131	190	
101	271	99	
116	133	183	
104	205	122	
110	170	146	
167	354	69	
107	105	239	
166	68	337	
112	171	144	
107	190	131	
113	167	145	
113	154	159	
107	184	135	
109	116	216	
101	228	106	
117	129	182	
108	119	213	
107	312	92	
101	223	116	
115	138	174	
113	169	142	
113	124	202	
110	122	205	
107	189	132	
116	143	165	
110	181	134	
108	308	91	
117	87	315	
105	107	244	
100	250	105	
102	218	115	
108	186	131	
111	113	212	
115	150	157	
105	208	121	
114	156	155	
114	126	194	
117	136	180	
104	296	95	
104	211	120	
114	149	163	
109	185	129	
104	214	119	
114	124	201	
110	180	136	
110	93	299	
118	133	179	
114	163	149	
111	118	210	
100	226	114	
113	173	141	
116	128	188	
109	115	220	
109	177	138	
115	166	142	
106	211	117	
110	117	215	
110	184	131	
115	155	153	
115	122	200	
111	122	203	
106	193	125	
111	121	206	
107	97	278	
111	176	137	
103	224	110	
108	307	92	
118	137	177	
111	93	286	
106	207	120	
108	107	235	
107	297	94	
101	253	101	
115	164	147	
116	124	197	
113	119	204	
109	297	93	
106	287	95	
106	214	114	
114	173	139	
108	96	270	
116	127	191	
109	109	231	
116	149	160	
117	145	162	
115	172	135	
104	263	97	
117	160	149	
117	141	170	
111	179	136	
104	223	112	
108	200	121	
102	269	99	
118	136	178	
118	125	192	
118	161	147	
109	104	241	
107	205	121	
116	154	154	
116	165	143	
106	210	119	
112	180	134	
108	99	262	
110	183	133	
119	136	175	
119	158	152	
104	222	114	
118	120	198	
116	120	201	
116	171	138	
114	175	133	
118	140	168	
103	239	105	
113	117	209	
109	190	127	
170	67	347	
108	208	114	
112	116	211	
102	251	104	
109	284	94	
113	179	132	
105	221	110	
119	135	178	
112	181	133	
108	196	124	
110	108	234	
119	163	141	
119	153	153	
118	123	196	
111	96	262	
120	156	149	
116	116	205	
110	204	118	
120	158	146	
117	168	139	
114	90	293	
110	293	92	
118	148	160	
118	127	188	
105	219	113	
120	137	171	
111	107	231	
111	103	246	
110	109	228	
112	91	282	
120	134	176	
119	123	192	
105	250	102	
120	123	188	
111	189	128	
120	149	154	
119	132	181	
109	106	238	
118	149	159	
119	142	164	
110	194	123	
106	237	104	
120	147	161	
118	128	185	
111	191	121	
111	95	273	
114	181	128	
114	318	89	
111	112	220	
111	105	237	
112	187	127	
120	129	180	
108	283	95	
119	139	168	
121	132	173	
111	98	261	
119	122	195	
121	152	152	
110	292	93	
119	119	201	
121	147	158	
111	200	120	
113	104	226	
113	283	90	
113	111	218	
120	141	166	
122	143	159	
112	101	244	
112	99	250	
106	250	100	
115	89	280	
120	127	187	
114	115	211	
118	166	140	
120	162	144	
119	116	204	
113	188	124	
122	155	150	
122	138	168	
107	240	103	
115	310	89	
113	186	127	
110	215	112	
116	114	210	
121	121	191	
122	140	166	
121	127	185	
113	107	225	
116	110	216	
120	118	203	
112	202	119	
109	277	95	
108	220	110	
122	136	170	
117	170	138	
121	128	183	
112	102	243	
122	158	145	
112	94	275	
121	129	178	
118	171	136	
122	126	185	
117	114	209	
115	180	126	
113	185	128	
113	198	117	
124	153	151	
122	148	155	
125	139	162	
114	109	224	
120	119	198	
112	273	92	
121	117	201	
123	155	147	
108	219	112	
113	103	238	
115	178	132	
172	353	68	
112	98	255	
106	224	106	
108	260	98	
120	167	138	
123	136	167	
175	66	347	
119	113	207	
115	107	223	
118	176	131	
118	110	214	
122	159	144	
122	142	163	
123	134	171	
123	119	197	
121	170	134	
113	93	267	
117	326	87	
123	149	153	
123	123	184	
121	86	303	
121	162	143	
125	150	150	
119	167	139	
118	87	292	
116	174	133	
107	249	102	
116	176	132	
123	147	156	
124	146	154	
122	128	181	
118	317	87	
116	107	222	
106	235	105	
110	258	94	
123	131	177	
114	205	116	
124	118	193	
122	117	198	
109	241	101	
122	165	137	
111	214	111	
123	126	183	
124	159	139	
118	172	134	
117	109	220	
121	113	205	
109	259	97	
112	96	260	
118	112	213	
118	179	129	
125	154	149	
114	102	239	
113	100	243	
125	145	157	
114	194	117	
124	131	175	
119	171	132	
126	156	143	
117	306	89	
112	210	111	
115	185	124	
110	250	98	
124	116	201	
124	127	179	
125	133	170	
126	135	166	
123	163	138	
126	142	161	
120	107	211	
126	130	170	
119	176	127	
111	217	109	
122	168	136	
113	97	257	
116	189	121	
115	102	229	
126	153	147	
114	206	115	
121	122	190	
119	109	213	
123	114	204	
126	143	157	
117	310	88	
107	269	96	
128	137	164	
115	97	251	
115	193	115	
118	108	220	
109	234	103	
128	140	160	
122	85	293	
121	292	86	
114	95	255	
127	141	161	
125	125	182	
124	122	184	
125	131	174	
122	112	205	
121	174	130	
126	129	177	
124	114	203	
114	100	242	
127	149	148	
118	271	89	
127	148	152	
123	168	135	
115	99	245	
116	92	268	
111	222	105	
128	144	156	
126	155	144	
125	324	84	
125	120	192	
125	128	178	
118	184	123	
123	121	190	
115	100	237	
130	142	155	
125	113	200	
127	134	167	
124	167	134	
117	103	223	
125	126	181	
115	206	113	
120	297	87	
119	106	219	
127	126	176	
118	300	88	
112	209	112	
109	247	100	
130	144	153	
126	119	187	
129	145	154	
124	117	197	
125	116	198	
128	154	141	
130	138	163	
123	169	134	
119	108	217	
113	214	108	
125	165	136	
119	181	124	
173	359	67	
116	97	248	
123	108	207	
127	129	174	
122	173	128	
131	139	156	
124	170	133	
126	123	183	
181	65	339	
129	135	165	
129	130	168	
112	220	107	
117	94	260	
120	191	120	
127	117	192	
111	237	102	
122	185	122	
128	122	179	
117	204	114	
113	232	104	
129	139	161	
130	148	149	
125	164	137	
130	147	151	
128	152	146	
131	138	162	
124	84	306	
121	296	85	
131	133	163	
117	91	278	
123	172	130	
125	169	132	
111	246	100	
126	115	197	
126	164	134	
127	162	138	
118	98	239	
129	128	175	
128	163	136	
112	238	99	
132	145	147	
133	136	160	
114	230	103	
112	256	96	
131	151	146	
119	207	111	
122	178	126	
119	194	113	
126	118	192	
122	188	120	
125	171	130	
130	127	173	
122	191	115	
118	211	109	
116	101	235	
129	153	145	
132	136	162	
118	90	269	
127	116	194	
126	168	133	
129	119	184	
117	95	249	
129	161	137	
124	179	120	
125	111	204	
127	118	191	
118	93	262	
130	158	140	
128	82	316	
123	187	121	
114	235	102	
131	125	172	
120	104	220	
126	169	129	
115	254	94	
130	121	175	
128	167	130	
121	88	267	
121	183	123	
117	227	101	
128	114	193	
131	152	145	
132	143	152	
129	124	178	
130	153	142	
118	101	230	
120	204	112	
131	159	133	
127	168	131	
127	112	203	
125	83	305	
112	272	93	
132	132	164	
124	188	118	
114	218	105	
129	117	188	
123	106	218	
125	175	126	
115	282	91	
123	184	122	
131	154	140	
134	137	159	
132	129	169	
129	164	132	
116	249	97	
123	174	127	
119	96	244	
131	158	139	
116	270	92	
133	150	142	
122	207	109	
116	233	102	
118	100	233	
120	94	242	
128	111	201	
130	163	132	
118	264	91	
134	141	150	
126	176	123	
124	103	217	
132	141	155	
116	237	99	
131	80	319	
117	247	98	
135	134	158	
120	92	258	
129	121	182	
128	113	197	
127	110	205	
123	104	219	
117	216	107	
134	131	167	
119	221	104	
121	102	226	
120	97	235	
126	105	215	
123	201	111	
132	157	139	
117	268	93	
133	148	146	
130	114	190	
134	123	170	
127	171	127	
132	158	137	
119	93	260	
135	138	155	
129	110	200	
119	244	97	
120	213	105	
123	87	288	
136	130	166	
135	137	156	
125	186	117	
176	330	66	
130	117	185	
115	272	92	
134	154	138	
128	110	203	
185	64	369	
135	127	167	
131	120	178	
119	214	105	
121	99	229	
135	147	143	
133	157	138	
116	251	95	
126	174	126	
121	212	107	
127	105	214	
130	108	195	
135	140	153	
135	124	168	
131	162	131	
135	153	136	
122	102	221	
125	188	115	
137	131	165	
124	192	109	
129	175	125	
122	101	227	
120	225	103	
122	210	108	
128	105	211	
128	170	126	
117	234	99	
137	132	161	
124	107	208	
135	145	145	
136	144	148	
120	238	97	
133	132	163	
130	167	129	
122	282	88	
130	116	189	
127	184	116	
132	318	82	
124	86	279	
121	93	244	
122	91	265	
132	119	181	
131	172	122	
138	129	164	
136	151	140	
136	138	153	
120	246	96	
132	164	126	
133	123	174	
119	257	93	
123	97	226	
121	224	103	
126	83	303	
132	116	185	
138	134	157	
124	205	107	
135	115	181	
137	142	149	
131	112	192	
124	91	256	
138	131	162	
130	176	121	
122	220	104	
138	139	152	
127	103	216	
123	101	224	
122	222	103	
119	232	100	
123	224	102	
128	84	280	
135	158	135	
140	132	158	
130	104	209	
134	111	189	
129	183	118	
137	137	155	
136	78	345	
130	107	204	
139	135	154	
124	212	104	
131	82	292	
128	102	215	
138	143	147	
121	96	238	
136	149	142	
139	138	149	
127	309	84	
139	126	163	
138	150	141	
123	92	245	
132	177	115	
125	102	220	
136	155	132	
120	231	99	
126	101	221	
124	217	103	
123	90	265	
129	104	212	
140	149	137	
138	137	154	
135	118	179	
121	247	93	
123	285	87	
133	169	125	
141	77	326	
131	106	207	
120	259	92	
123	229	100	
140	129	161	
140	144	143	
138	78	342	
121	245	96	
127	85	292	
137	146	144	
140	138	148	
127	209	105	
135	163	128	
133	79	332	
122	231	98	
126	222	102	
126	100	223	
139	145	140	
126	189	112	
135	122	173	
120	251	93	
124	226	101	
124	90	262	
133	80	290	
140	136	152	
122	244	96	
136	120	175	
137	160	131	
129	293	84	
135	111	188	
126	223	101	
140	131	160	
137	161	130	
140	143	145	
133	171	124	
133	107	192	
139	78	319	
123	240	96	
125	87	268	
141	134	152	
142	138	147	
123	95	236	
126	204	107	
125	228	98	
134	104	206	
136	119	178	
122	96	235	
128	83	288	
147	75	317	
130	101	216	
131	103	212	
184	343	65	
142	132	157	
127	215	100	
124	277	88	
120	267	90	
190	63	369	
132	105	207	
137	114	177	
135	79	329	
138	118	174	
125	246	93	
126	227	100	
143	76	358	
127	199	108	
135	105	199	
126	88	265	
142	130	158	
127	90	255	
138	120	172	
130	96	221	
137	169	119	
136	175	121	
127	208	106	
127	99	225	
131	303	83	
144	76	336	
142	127	160	
143	142	144	
125	236	97	
125	245	94	
140	125	165	
137	168	124	
139	157	128	
126	277	86	
138	154	133	
143	131	155	
123	260	91	
124	257	92	
132	188	114	
135	171	123	
144	136	146	
124	283	87	
129	202	105	
137	79	306	
126	233	95	
139	122	171	
128	89	256	
127	93	233	
142	151	136	
128	91	227	
133	312	82	
138	113	186	
132	102	214	
139	167	125	
141	123	169	
130	100	219	
135	181	114	
133	102	211	
126	92	236	
125	239	96	
141	153	134	
124	264	90	
128	280	85	
125	252	92	
141	124	165	
125	279	87	
142	146	138	
142	117	170	
129	86	275	
126	258	88	
128	213	103	
127	227	98	
129	211	104	
134	103	210	
140	161	125	
142	122	167	
134	188	112	
129	96	225	
143	148	134	
145	130	154	
125	258	91	
127	226	99	
143	129	159	
133	101	213	
146	138	142	
145	143	143	
130	207	102	
132	100	216	
143	144	142	
135	102	209	
141	166	123	
142	120	169	
134	318	81	
139	113	184	
139	110	187	
125	263	90	
135	187	113	
144	135	151	
131	200	106	
128	225	98	
142	125	164	
136	110	189	
126	244	94	
127	232	97	
140	168	123	
134	191	111	
130	99	220	
137	102	206	
133	192	108	
128	88	261	
146	133	153	
126	257	89	
141	116	172	
139	155	131	
145	129	158	
136	104	204	
145	126	162	
128	90	252	
140	112	183	
134	310	82	
129	224	99	
131	85	267	
145	144	141	
136	185	111	
127	243	93	
138	174	116	
128	231	94	
145	127	159	
142	153	132	
131	97	219	
140	116	176	
128	254	91	
146	119	165	
144	125	163	
129	85	278	
147	131	150	
126	250	92	
131	222	97	
146	134	151	
132	290	83	
128	230	97	
137	286	81	
145	124	164	
142	165	122	
134	198	105	
146	126	157	
136	101	212	
135	98	215	
128	276	87	
135	303	82	
128	87	267	
133	99	216	
142	166	121	
140	108	188	
143	156	129	
147	142	139	
138	104	196	
147	144	137	
139	318	80	
144	152	130	
141	160	125	
130	228	97	
143	145	139	
129	273	86	
147	125	161	
135	191	110	
131	87	259	
145	119	168	
136	100	213	
137	98	211	
145	147	135	
149	132	148	
130	90	247	
129	247	91	
142	111	181	
133	203	104	
137	182	108	
147	122	163	
139	103	200	
144	162	121	
146	128	155	
133	221	98	
130	89	253	
186	293	64	
131	289	84	
136	189	110	
196	62	337	
130	224	98	
137	101	208	
130	213	101	
142	159	126	
136	194	107	
133	82	282	
146	148	133	
134	214	99	
146	145	137	
142	172	115	
147	124	162	
131	271	87	
131	254	88	
132	87	258	
130	229	96	
134	96	218	
128	238	93	
135	84	263	
131	240	92	
141	178	114	
143	113	177	
145	157	127	
149	124	159	
143	107	185	
142	115	174	
133	88	249	
132	82	290	
139	104	193	
149	140	140	
147	155	129	
133	89	240	
134	208	101	
135	203	102	
150	136	142	
146	150	132	
148	127	151	
148	123	161	
139	100	204	
149	135	147	
132	260	87	
134	271	83	
147	156	127	
148	146	131	
147	129	154	
134	86	265	
143	166	120	
142	281	80	
137	181	113	
137	193	106	
133	228	96	
138	95	208	
138	100	207	
142	316	79	
141	109	187	
131	90	244	
131	94	224	
136	198	102	
144	170	117	
132	249	90	
141	78	298	
148	154	125	
146	160	124	
146	76	307	
141	106	188	
147	158	125	
135	217	98	
152	137	136	
135	225	96	
145	111	178	
150	135	145	
142	179	112	
146	117	169	
144	108	183	
136	202	99	
145	114	174	
151	145	132	
150	133	147	
143	77	294	
134	268	85	
135	83	276	
149	121	163	
140	100	202	
132	230	94	
150	125	158	
148	153	127	
145	167	118	
150	121	161	
133	271	86	
147	157	126	
142	177	114	
132	242	91	
136	96	217	
150	138	140	
147	118	167	
135	229	95	
151	141	139	
134	236	92	
152	123	156	
148	112	173	
138	187	105	
133	87	255	
150	160	123	
142	102	194	
136	86	241	
151	121	159	
152	129	146	
147	116	171	
135	221	97	
133	95	223	
150	151	128	
137	97	214	
136	226	94	
149	158	124	
144	178	113	
146	173	113	
151	120	163	
146	107	179	
149	152	128	
151	131	149	
138	79	303	
146	113	176	
137	224	96	
151	124	158	
148	162	119	
148	114	171	
138	218	97	
134	93	221	
152	126	155	
136	231	92	
135	242	89	
149	116	169	
154	135	144	
133	239	92	
133	242	90	
155	133	144	
138	223	96	
139	215	98	
153	149	128	
153	142	133	
148	117	167	
138	81	288	
146	181	111	
151	161	120	
142	105	192	
147	171	114	
134	87	250	
149	118	166	
146	313	78	
148	168	117	
140	221	96	
153	126	153	
152	155	123	
139	196	104	
139	82	247	
152	119	164	
135	82	280	
135	266	86	
137	94	220	
147	176	112	
135	88	247	
148	176	111	
145	105	188	
140	98	207	
138	224	93	
156	133	142	
136	89	234	
153	124	155	
143	312	79	
140	81	280	
152	159	121	
153	119	159	
148	170	116	
142	101	201	
136	241	91	
140	210	98	
152	117	165	
150	115	170	
195	410	63	
140	217	97	
137	85	262	
201	61	361	
152	165	117	
151	113	168	
141	98	205	
149	108	176	
137	239	91	
136	264	86	
141	220	96	
145	101	199	
148	180	109	
153	151	124	
136	251	87	
155	120	153	
138	84	253	
151	169	111	
146	104	191	
158	135	141	
140	195	103	
141	211	97	
154	145	130	
155	128	149	
153	121	157	
140	223	95	
153	117	163	
149	167	117	
144	106	185	
135	252	88	
157	129	144	
143	215	96	
152	115	167	
144	289	79	
155	126	151	
139	259	84	
143	79	277	
150	170	113	
141	221	93	
142	193	104	
138	237	90	
152	168	116	
143	98	201	
154	156	121	
142	80	259	
147	103	192	
159	130	138	
145	185	106	
146	101	198	
148	175	112	
153	163	118	
154	116	161	
156	139	131	
150	109	174	
157	126	149	
155	147	127	
148	179	110	
151	74	311	
147	104	189	
136	266	85	
140	93	219	
140	201	101	
153	167	116	
146	99	200	
136	92	224	
136	250	88	
139	232	90	
148	105	185	
147	101	196	
142	220	94	
157	125	152	
139	282	82	
147	295	77	
154	158	119	
154	122	156	
150	174	112	
157	128	147	
148	171	113	
149	176	109	
144	191	104	
141	94	217	
152	112	170	
151	342	75	
141	198	99	
137	90	231	
137	247	87	
154	168	115	
141	209	98	
146	196	98	
147	98	198	
147	106	182	
153	161	119	
148	102	191	
144	215	94	
157	131	142	
155	164	114	
144	192	103	
147	184	104	
155	113	164	
141	228	92	
135	270	84	
143	97	207	
159	122	148	
150	102	186	
152	111	172	
144	206	98	
157	161	115	
139	258	86	
138	91	220	
138	88	225	
150	176	108	
158	147	126	
148	301	76	
149	101	195	
152	312	75	
156	154	123	
157	142	129	
142	94	208	
144	212	96	
150	181	107	
147	291	78	
145	97	204	
140	252	85	
140	281	82	
156	163	117	
158	154	121	
147	190	102	
149	100	197	
144	208	97	
158	118	156	
139	244	88	
150	99	194	
141	238	89	
141	274	82	
149	105	183	
159	127	145	
157	152	123	
145	93	214	
159	150	123	
153	171	110	
159	136	136	
142	226	90	
153	107	173	
159	138	134	
153	110	171	
159	146	127	
151	100	187	
158	157	119	
156	111	168	
151	106	177	
157	160	116	
145	95	207	
152	182	106	
152	98	185	
160	116	157	
145	209	96	
157	115	162	
156	109	170	
143	243	88	
148	77	273	
155	168	113	
160	145	125	
148	95	201	
145	214	95	
146	96	205	
138	86	238	
159	156	119	
162	132	136	
161	153	122	
152	101	182	
152	178	107	
148	188	101	
146	206	97	
143	225	92	
162	124	147	
141	268	83	
160	137	134	
158	159	118	
145	90	219	
144	231	88	
150	75	310	
198	305	62	
146	212	95	
162	127	142	
142	233	89	
155	170	109	
144	223	92	
208	60	375	
156	167	112	
145	220	93	
159	110	167	
152	105	180	
143	245	86	
148	92	207	
142	251	84	
160	155	120	
148	76	294	
162	149	121	
154	181	106	
161	156	116	
162	126	145	
161	144	124	
162	135	135	
147	96	204	
146	218	93	
156	179	105	
160	114	162	
149	203	97	
155	108	172	
161	138	132	
163	119	153	
142	257	83	
143	277	81	
149	208	96	
158	165	113	
161	113	161	
143	271	82	
159	159	116	
162	121	151	
143	87	233	
160	111	165	
148	209	95	
163	139	130	
147	93	213	
155	179	106	
146	220	91	
144	244	87	
142	85	244	
163	153	120	
151	97	199	
150	186	103	
149	190	99	
149	212	94	
164	143	126	
150	202	95	
157	175	105	
157	109	168	
164	153	119	
154	103	179	
156	176	107	
145	232	87	
163	125	144	
145	224	91	
163	132	133	
147	217	93	
161	114	160	
158	162	114	
166	129	137	
161	109	163	
164	117	155	
164	119	150	
144	264	82	
164	141	129	
158	167	111	
158	173	107	
154	106	176	
157	182	102	
150	216	93	
148	88	218	
159	163	112	
156	103	177	
151	75	307	
165	140	128	
145	272	81	
152	97	194	
156	178	106	
162	115	159	
156	184	103	
143	85	239	
151	214	92	
164	146	123	
166	124	144	
164	135	131	
162	160	113	
149	87	217	
160	168	105	
158	108	171	
165	118	153	
165	151	120	
165	155	118	
151	187	102	
157	102	175	
152	96	199	
166	127	141	
150	207	94	
153	201	96	
164	122	147	
151	93	206	
146	84	232	
146	250	85	
146	89	222	
167	126	142	
147	272	79	
149	91	213	
164	113	158	
148	227	89	
152	75	288	
145	84	241	
147	237	86	
167	141	125	
153	186	100	
159	180	102	
147	245	85	
162	159	115	
166	121	147	
153	200	97	
158	106	172	
159	107	169	
161	164	111	
152	94	201	
164	131	135	
149	225	89	
166	152	117	
165	115	155	
152	208	92	
158	73	304	
147	86	229	
165	147	122	
168	123	145	
167	135	129	
166	128	140	
166	139	129	
163	112	161	
168	115	153	
153	96	197	
155	198	97	
151	222	90	
162	165	108	
148	263	81	
166	158	115	
168	125	142	
166	118	152	
168	149	120	
151	216	91	
147	88	221	
167	119	149	
148	79	271	
153	95	199	
150	193	98	
166	143	125	
161	175	104	
166	159	113	
168	128	139	
169	144	119	
147	261	82	
155	74	293	
169	125	138	
150	76	286	
168	122	146	
165	108	168	
168	147	121	
160	105	172	
167	156	115	
168	137	126	
163	160	112	
152	90	214	
156	189	96	
168	144	123	
155	96	191	
149	252	83	
146	81	253	
149	281	78	
155	199	96	
154	97	188	
170	116	149	
165	111	158	
167	113	157	
153	89	212	
168	153	111	
150	228	87	
147	246	84	
169	124	143	
153	92	201	
149	79	267	
169	120	146	
152	219	89	
154	205	94	
169	121	144	
166	134	131	
170	130	136	
161	106	170	
148	241	84	
146	83	239	
166	107	164	
160	183	100	
168	116	152	
164	162	110	
155	95	196	
169	142	123	
156	91	207	
155	99	184	
204	308	61	
171	150	115	
151	256	82	
168	114	156	
211	59	359	
156	322	73	
171	123	142	
162	179	103	
158	100	181	
156	93	198	
153	190	98	
163	104	172	
155	189	99	
155	201	93	
171	131	134	
172	130	135	
171	133	130	
155	214	91	
173	127	133	
166	110	160	
171	118	146	
169	128	137	
150	289	77	
151	225	88	
148	271	80	
160	72	309	
169	112	153	
149	235	85	
160	101	175	
163	176	102	
155	311	75	
151	79	255	
162	105	169	
159	200	95	
154	216	90	
157	187	98	
173	119	140	
149	265	80	
152	78	264	
165	161	111	
149	86	228	
157	283	75	
151	242	83	
170	140	125	
158	93	194	
162	180	98	
172	132	132	
151	293	76	
171	141	122	
160	199	94	
156	212	91	
147	80	255	
172	146	118	
170	152	115	
167	106	166	
171	125	137	
157	90	210	
152	86	226	
155	81	245	
166	161	109	
150	261	81	
152	76	281	
172	136	126	
154	230	85	
164	103	170	
146	82	241	
170	104	161	
153	85	228	
164	174	102	
173	114	148	
152	250	82	
164	97	181	
161	197	94	
157	308	74	
154	224	87	
158	186	99	
173	138	124	
162	167	107	
163	100	176	
172	140	122	
157	91	206	
173	130	131	
156	214	90	
152	257	80	
167	107	163	
159	210	90	
161	94	191	
174	134	129	
154	86	225	
155	222	87	
164	172	104	
164	330	71	
160	96	189	
158	90	200	
155	205	92	
175	135	127	
153	284	77	
154	278	78	
160	200	93	
160	185	98	
162	97	187	
170	110	159	
174	149	115	
173	122	138	
153	88	216	
157	214	89	
158	98	184	
168	103	167	
170	111	157	
167	166	106	
170	164	108	
148	83	237	
156	86	222	
174	143	121	
161	196	95	
169	159	110	
151	80	253	
167	102	171	
165	177	101	
150	271	79	
172	109	155	
151	263	80	
156	88	213	
155	76	269	
174	131	130	
177	129	125	
156	221	88	
159	209	91	
159	89	207	
154	237	83	
174	148	117	
174	126	135	
176	134	127	
172	161	107	
162	185	94	
151	270	79	
153	77	261	
175	115	147	
157	75	281	
154	85	226	
169	106	163	
155	263	78	
163	96	188	
168	170	104	
165	99	180	
153	83	233	
175	142	121	
154	84	231	
161	71	307	
159	321	73	
155	225	85	
157	220	88	
156	79	244	
154	255	80	
161	202	91	
175	150	112	
168	173	103	
153	263	79	
160	73	293	
156	276	76	
177	114	143	
177	142	119	
160	309	73	
162	95	190	
177	138	123	
161	92	194	
153	82	237	
175	128	131	
165	93	185	
153	245	82	
176	147	117	
155	281	77	
175	108	151	
156	84	230	
158	86	218	
158	218	88	
170	159	109	
167	98	179	
177	124	133	
158	85	223	
171	157	110	
173	107	157	
168	101	174	
169	169	102	
176	124	137	
175	148	116	
155	250	81	
157	74	288	
179	140	121	
166	179	99	
174	145	118	
159	84	226	
160	87	213	
159	88	209	
156	81	239	
162	189	93	
178	135	124	
168	315	70	
173	158	104	
171	166	105	
170	170	100	
167	99	178	
158	294	74	
177	146	115	
157	233	83	
170	100	173	
159	211	89	
161	209	90	
160	210	86	
179	139	122	
156	265	77	
169	178	100	
169	97	175	
157	221	87	
158	83	230	
178	143	117	
155	78	256	
161	321	72	
179	119	137	
168	98	177	
162	198	92	
172	168	104	
173	99	170	
162	207	89	
180	140	119	
164	93	191	
175	113	149	
158	220	87	
161	84	222	
162	89	198	
205	314	60	
176	155	109	
159	82	229	
163	72	304	
179	135	123	
161	90	199	
158	75	268	
165	96	184	
159	223	86	
221	58	345	
180	137	122	
178	127	131	
160	86	215	
178	148	111	
156	244	82	
160	74	281	
163	84	215	
180	139	120	
174	101	167	
163	183	97	
173	157	109	
156	252	79	
180	123	136	
167	92	181	
156	246	80	
163	69	324	
180	117	140	
158	241	82	
161	87	207	
164	202	90	
158	226	84	
171	178	97	
164	72	292	
176	103	166	
178	111	148	
163	70	320	
163	89	197	
182	145	111	
175	106	160	
181	127	129	
174	163	101	
181	142	118	
183	121	132	
181	137	121	
163	83	224	
161	81	235	
163	311	72	
177	113	145	
177	152	109	
181	123	135	
172	172	99	
156	78	251	
162	201	91	
161	73	280	
162	80	240	
164	91	195	
181	134	124	
181	120	136	
158	76	261	
164	182	97	
163	86	203	
177	102	163	
164	197	91	
162	294	73	
180	146	114	
169	179	95	
176	157	108	
177	106	157	
182	144	116	
182	134	118	
159	236	82	
161	77	251	
165	298	71	
167	184	95	
183	125	129	
161	224	85	
166	180	97	
160	245	81	
166	70	307	
166	195	90	
183	139	115	
170	95	178	
178	104	160	
182	133	123	
171	336	69	
178	155	108	
161	236	81	
164	220	84	
166	202	89	
166	90	194	
177	107	156	
161	74	279	
181	116	138	
166	71	298	
158	230	83	
181	147	113	
172	176	98	
163	81	233	
174	97	173	
159	261	78	
166	209	88	
185	128	126	
178	157	106	
180	105	158	
164	80	238	
168	90	193	
176	97	169	
165	198	90	
167	193	92	
184	111	147	
185	131	121	
161	78	244	
163	74	268	
164	82	212	
182	106	155	
159	290	74	
179	108	150	
167	203	88	
182	149	109	
178	99	162	
158	272	76	
170	91	190	
167	88	198	
162	250	78	
166	79	242	
181	156	105	
162	225	84	
164	81	229	
184	115	141	
161	235	82	
167	80	224	
180	154	108	
171	68	333	
187	124	125	
184	123	129	
160	270	75	
184	106	154	
185	112	146	
183	144	114	
171	94	176	
186	110	148	
173	175	97	
164	291	72	
162	229	83	
168	69	320	
168	191	92	
163	230	81	
181	102	159	
165	218	84	
164	76	256	
184	119	135	
184	153	107	
183	102	156	
162	238	80	
165	75	262	
167	79	232	
187	108	144	
161	250	79	
163	226	83	
160	287	74	
166	72	280	
175	174	98	
170	184	92	
173	67	346	
179	169	98	
185	103	150	
185	118	136	
163	246	77	
188	142	113	
169	209	87	
165	85	210	
172	182	91	
170	88	194	
175	67	343	
187	112	142	
172	68	320	
182	159	101	
173	171	99	
168	199	88	
186	128	123	
168	215	84	
187	144	113	
172	91	189	
178	95	175	
169	69	307	
177	172	97	
186	152	106	
171	90	192	
185	119	134	
170	203	85	
180	167	97	
174	178	96	
186	115	140	
186	137	116	
168	83	200	
161	276	74	
167	70	294	
168	77	240	
162	268	75	
163	73	270	
185	153	106	
176	67	295	
183	148	110	
189	113	141	
175	90	185	
172	89	191	
167	223	82	
189	117	136	
166	84	209	
179	96	171	
188	122	131	
168	78	238	
175	175	93	
187	150	104	
215	307	59	
187	119	133	
168	76	252	
163	276	73	
174	333	68	
226	57	361	
190	115	139	
167	85	206	
163	265	76	
190	143	112	
172	90	190	
189	140	113	
189	147	110	
169	196	89	
189	118	135	
187	133	120	
166	75	258	
192	113	140	
180	165	100	
183	98	167	
176	180	90	
164	245	79	
168	71	290	
174	179	94	
191	122	129	
191	115	136	
190	145	109	
185	157	103	
182	101	160	
193	120	129	
171	84	197	
174	93	179	
165	74	264	
172	322	69	
191	120	132	
193	130	122	
168	218	83	
188	136	117	
165	244	79	
194	118	134	
190	132	120	
165	260	76	
181	95	173	
195	113	135	
187	149	108	
193	131	119	
191	141	111	
191	111	141	
167	236	80	
166	239	79	
172	80	220	
190	134	115	
170	75	249	
188	106	147	
180	174	95	
195	121	126	
191	127	124	
183	164	98	
185	98	165	
176	91	182	
195	126	121	
174	195	89	
190	136	114	
185	97	167	
177	88	188	
171	71	289	
194	119	132	
186	92	178	
191	148	105	
173	200	85	
178	66	326	
195	117	132	
182	96	170	
176	193	88	
186	101	158	
187	94	175	
181	171	96	
184	100	161	
168	232	79	
170	77	236	
172	71	276	
170	74	262	
168	72	276	
174	86	195	
174	78	224	
168	223	81	
173	68	282	
185	162	98	
173	214	83	
179	92	180	
185	95	170	
193	132	118	
188	149	106	
195	110	140	
187	92	177	
195	124	123	
191	144	109	
193	111	140	
171	76	246	
188	94	173	
192	147	108	
184	96	169	
195	119	131	
188	155	101	
174	205	82	
164	266	75	
165	73	268	
171	69	305	
187	100	160	
168	273	74	
166	258	76	
171	73	259	
195	129	119	
194	137	112	
193	98	163	
166	243	78	
169	219	80	
169	217	83	
188	93	175	
175	81	218	
186	97	166	
171	284	70	
197	113	134	
192	140	111	
195	139	108	
177	190	89	
174	87	194	
192	96	167	
172	69	294	
184	90	182	
196	110	139	
185	91	180	
193	145	108	
190	100	157	
176	197	85	
195	133	115	
166	261	75	
180	89	185	
194	95	160	
171	216	83	
192	102	153	
170	72	268	
168	70	292	
186	161	98	
168	256	75	
182	171	95	
195	108	143	
197	118	129	
172	74	240	
193	105	146	
190	97	165	
196	118	131	
177	87	192	
169	258	74	
191	90	171	
166	285	71	
186	167	95	
196	144	105	
192	103	149	
172	215	83	
177	81	206	
167	241	78	
195	131	118	
198	116	132	
189	154	103	
193	101	154	
172	70	288	
191	93	169	
186	64	339	
200	110	136	
189	90	174	
191	160	99	
197	132	117	
169	249	76	
199	123	121	
193	97	164	
197	107	139	
195	107	145	
199	120	128	
186	91	179	
173	316	69	
193	95	165	
171	82	206	
185	172	90	
198	127	120	
187	166	95	
192	153	103	
196	99	158	
178	188	89	
199	113	131	
182	85	188	
170	230	78	
193	158	98	
179	193	86	
196	130	118	
195	135	112	
186	88	184	
179	86	194	
180	190	86	
176	322	68	
185	86	185	
198	131	116	
177	80	218	
177	77	230	
201	121	125	
200	119	127	
188	165	97	
197	124	121	
172	243	77	
192	154	102	
196	100	154	
193	152	103	
194	102	152	
177	79	221	
188	89	182	
170	260	73	
199	106	143	
200	127	118	
200	116	130	
169	280	72	
200	129	115	
179	185	89	
199	133	111	
200	101	148	
195	138	111	
178	76	234	
190	162	96	
178	78	212	
196	149	102	
197	98	157	
174	308	69	
176	72	259	
194	157	100	
202	122	124	
194	93	168	
176	71	269	
202	119	126	
189	170	94	
218	358	58	
201	118	127	
200	126	119	
173	239	76	
177	73	248	
230	56	364	
181	188	88	
201	117	129	
201	104	146	
204	112	133	
191	89	180	
174	229	78	
197	150	101	
198	99	156	
196	155	100	
176	203	81	
201	143	107	
200	105	145	
196	94	162	
170	254	75	
199	147	104	
202	137	107	
175	228	79	
203	119	122	
179	69	278	
171	273	72	
188	88	183	
186	79	205	
205	123	120	
186	177	87	
181	66	295	
200	97	154	
202	116	128	
201	100	152	
202	129	114	
190	169	94	
195	157	98	
198	96	158	
177	223	79	
178	77	226	
201	109	136	
174	241	75	
196	286	63	
184	186	88	
203	105	143	
183	65	326	
185	84	191	
203	115	126	
204	126	115	
178	200	84	
186	81	204	
204	111	134	
194	89	179	
193	88	180	
194	161	95	
203	103	146	
190	171	92	
177	317	67	
202	106	142	
175	231	77	
202	142	106	
203	104	145	
196	92	167	
191	167	93	
193	63	348	
200	151	100	
187	82	198	
197	156	97	
202	148	101	
182	75	232	
176	291	69	
195	89	172	
181	189	87	
205	124	119	
202	146	104	
190	87	183	
202	126	118	
196	160	97	
182	69	252	
177	71	262	
204	132	113	
181	79	209	
182	194	84	
171	278	71	
206	105	139	
203	135	108	
207	102	138	
206	112	128	
204	99	153	
174	255	74	
206	104	144	
202	100	150	
199	155	99	
209	110	135	
203	147	101	
197	93	166	
178	216	80	
183	76	226	
204	138	104	
188	83	197	
206	102	147	
206	122	117	
178	72	252	
179	77	220	
206	118	123	
178	278	68	
195	161	94	
203	143	105	
205	125	118	
209	111	130	
196	88	178	
205	130	112	
172	265	72	
178	225	78	
209	108	137	
206	99	152	
193	87	182	
202	154	99	
179	212	79	
202	93	164	
189	83	196	
199	91	167	
204	145	103	
211	110	134	
184	198	81	
176	245	74	
200	160	96	
183	78	208	
210	105	135	
196	87	181	
195	166	92	
183	193	84	
190	83	194	
208	118	120	
205	98	153	
199	86	184	
208	99	151	
203	152	98	
207	117	124	
187	187	85	
189	81	203	
203	96	155	
206	100	149	
202	155	98	
204	134	108	
208	100	146	
181	72	246	
199	95	158	
195	85	185	
175	238	76	
204	92	166	
199	88	175	
214	110	132	
203	94	161	
185	191	85	
201	157	96	
200	86	177	
192	80	200	
192	84	188	
208	130	111	
212	109	134	
176	233	76	
184	73	236	
174	271	71	
207	93	162	
202	150	100	
210	98	151	
177	241	73	
181	71	258	
209	99	148	
204	128	114	
185	65	305	
204	146	102	
194	82	192	
180	223	77	
180	214	78	
206	92	165	
208	132	109	
205	143	101	
209	128	111	
181	73	245	
194	171	91	
209	115	125	
204	94	160	
202	90	170	
190	64	305	
202	159	95	
200	164	93	
187	75	228	
210	114	127	
209	125	114	
191	75	223	
182	73	244	
206	149	100	
206	151	99	
206	96	153	
183	77	212	
216	109	133	
195	176	88	
203	154	97	
196	166	91	
213	95	156	
209	92	164	
191	185	85	
207	127	114	
208	87	169	
212	100	145	
211	93	159	
214	105	134	
201	85	183	
181	211	79	
179	260	72	
207	91	166	
175	280	70	
196	80	191	
186	196	80	
216	117	122	
211	121	117	
211	92	160	
193	81	198	
213	114	124	
203	87	174	
208	148	99	
205	135	107	
212	97	152	
197	172	89	
201	84	186	
217	109	128	
178	238	75	
211	98	150	
205	96	154	
207	89	171	
210	92	163	
187	74	233	
210	124	114	
209	90	168	
182	209	79	
214	113	127	
213	94	158	
189	187	84	
207	153	94	
197	83	189	
178	67	282	
215	100	142	
208	142	102	
202	162	93	
209	137	106	
209	91	165	
192	76	214	
204	157	95	
183	214	76	
191	184	86	
180	295	67	
217	108	132	
209	131	108	
199	169	86	
204	88	173	
213	127	111	
216	97	151	
209	147	99	
214	98	146	
209	150	96	
204	159	93	
216	120	119	
205	152	97	
210	90	167	
203	163	91	
188	193	83	
179	266	71	
215	95	154	
204	85	182	
194	63	324	
195	81	197	
217	112	123	
182	310	66	
214	93	157	
177	271	69	
202	84	185	
213	91	162	
184	68	278	
213	122	116	
194	183	86	
176	278	70	
227	293	57	
209	139	101	
183	235	75	
205	86	172	
240	55	352	
210	136	105	
192	74	226	
205	85	179	
199	81	188	
217	97	150	
214	129	108	
211	90	166	
217	96	151	
210	140	100	
180	253	72	
214	126	113	
189	72	236	
205	84	183	
195	182	86	
218	93	150	
214	134	106	
192	79	203	
218	107	131	
198	175	88	
221	117	119	
220	115	120	
223	119	116	
212	88	165	
202	83	186	
206	157	94	
182	218	77	
215	104	134	
218	96	148	
214	121	115	
210	144	98	
198	180	84	
188	71	246	
216	95	153	
220	99	144	
190	192	81	
184	225	74	
187	68	252	
204	166	90	
195	183	85	
221	110	126	
215	127	106	
199	78	207	
216	122	113	
180	256	71	
197	79	197	
219	125	110	
215	90	163	
206	161	92	
208	84	180	
220	101	141	
215	91	159	
192	73	233	
192	189	83	
189	193	80	
192	75	220	
200	77	211	
200	78	203	
221	106	130	
205	83	185	
215	137	104	
208	152	96	
208	85	178	
220	103	136	
216	132	103	
219	92	158	
190	198	77	
202	77	206	
222	100	140	
189	209	78	
196	182	85	
210	82	179	
211	145	97	
221	94	147	
211	85	177	
206	158	93	
223	97	144	
190	66	292	
221	99	143	
223	118	117	
209	82	185	
193	73	220	
219	87	162	
207	159	92	
221	114	122	
182	251	71	
182	268	70	
221	92	156	
221	107	129	
204	168	88	
222	105	132	
207	163	90	
196	74	217	
213	83	176	
224	101	137	
209	157	93	
225	110	125	
222	97	146	
195	188	83	
208	158	91	
189	67	270	
217	89	163	
195	71	242	
201	76	212	
188	65	304	
212	152	94	
221	123	111	
222	90	159	
227	99	134	
183	244	72	
207	166	89	
193	66	289	
224	109	126	
214	85	175	
191	65	301	
216	138	102	
205	78	197	
196	187	83	
224	115	119	
225	116	117	
193	190	82	
212	84	178	
210	155	93	
222	113	120	
224	89	158	
183	257	70	
225	102	134	
228	108	127	
227	119	113	
193	70	246	
216	142	99	
215	149	94	
200	174	83	
223	121	114	
213	151	95	
225	95	143	
215	86	170	
203	75	211	
226	109	124	
216	87	166	
216	85	174	
222	92	151	
199	186	79	
193	72	234	
225	104	131	
200	74	214	
186	238	73	
212	79	194	
194	66	270	
224	100	139	
219	135	100	
225	90	157	
193	65	297	
206	75	203	
203	76	210	
216	147	96	
196	71	240	
214	157	92	
208	164	89	
197	188	82	
218	85	172	
213	81	182	
228	118	114	
228	98	140	
210	162	88	
228	112	122	
225	124	109	
228	107	128	
196	72	233	
229	111	123	
223	89	159	
184	303	66	
211	154	93	
228	90	156	
188	224	74	
206	61	323	
229	122	111	
211	80	188	
220	86	169	
209	167	88	
231	105	129	
217	142	98	
216	155	90	
197	72	232	
221	141	99	
218	84	174	
187	234	72	
198	71	234	
229	103	132	
212	159	90	
218	130	103	
191	223	75	
226	105	130	
183	287	67	
194	64	288	
229	108	124	
225	115	118	
217	152	93	
232	114	119	
230	90	155	
233	114	116	
198	63	318	
198	72	220	
215	79	189	
225	86	167	
209	76	200	
232	107	127	
221	85	171	
229	112	121	
192	220	75	
217	87	165	
231	108	122	
220	142	97	
199	70	243	
184	260	69	
220	146	94	
218	147	95	
228	126	108	
235	105	128	
229	97	142	
231	121	111	
222	139	99	
216	154	91	
232	91	153	
211	167	85	
184	249	71	
224	85	170	
214	78	195	
228	123	110	
223	84	173	
200	62	327	
211	60	339	
229	87	160	
230	102	131	
200	185	82	
232	115	117	
221	144	95	
217	80	187	
237	104	126	
233	102	129	
235	117	114	
234	111	119	
202	69	238	
226	93	149	
224	141	97	
223	132	102	
232	111	120	
233	97	138	
189	230	73	
194	67	262	
230	125	108	
236	106	127	
226	85	169	
226	86	166	
219	147	92	
233	120	111	
224	84	172	
201	70	240	
216	160	88	
192	211	76	
193	207	75	
225	128	105	
188	236	71	
186	272	68	
201	182	81	
218	80	185	
205	173	85	
225	83	173	
198	193	79	
215	77	198	
230	126	107	
199	63	288	
186	255	69	
230	122	110	
233	93	145	
220	77	191	
222	82	176	
235	95	141	
225	140	96	
228	318	56	
228	92	150	
214	166	87	
232	88	157	
227	85	166	
231	85	165	
231	123	109	
224	137	99	
230	83	170	
240	107	124	
201	71	231	
248	54	365	
235	91	149	
238	116	114	
235	113	117	
220	81	180	
186	275	67	
234	122	108	
231	118	113	
232	101	132	
201	73	217	
235	89	154	
207	74	209	
236	119	112	
234	108	120	
190	249	70	
226	134	99	
194	209	74	
222	143	95	
215	165	86	
234	124	107	
218	77	197	
200	63	280	
231	86	164	
234	89	156	
220	80	184	
219	79	185	
225	138	98	
226	128	104	
217	156	89	
232	121	110	
192	228	72	
231	126	106	
239	98	137	
236	89	153	
216	163	87	
207	181	81	
239	115	114	
222	80	182	
233	83	163	
242	106	124	
210	69	226	
237	111	117	
229	127	105	
235	94	144	
229	131	101	
236	117	113	
220	152	91	
229	81	177	
206	70	237	
240	91	148	
187	264	68	
237	118	109	
238	96	138	
201	62	320	
211	170	83	
229	82	174	
212	73	209	
194	218	73	
241	100	133	
238	90	151	
207	180	82	
236	125	106	
223	78	188	
243	98	135	
234	86	162	
200	191	76	
219	75	197	
236	121	108	
243	107	122	
197	67	259	
243	101	129	
232	129	103	
241	94	141	
238	87	158	
227	139	96	
243	92	144	
189	233	72	
226	145	93	
243	103	127	
235	126	105	
190	288	66	
243	114	114	
207	68	238	
245	113	116	
229	137	96	
209	179	82	
225	80	180	
219	154	90	
239	88	153	
244	115	113	
244	104	123	
239	122	105	
244	97	137	
217	161	85	
242	110	119	
238	117	108	
233	130	102	
247	98	132	
231	127	104	
236	84	160	
221	158	87	
195	206	75	
211	74	203	
191	244	70	
233	132	98	
221	150	90	
232	82	173	
199	66	262	
238	124	106	
222	79	183	
227	142	95	
242	93	142	
212	175	80	
229	142	94	
214	75	200	
242	94	138	
239	128	103	
225	146	92	
233	79	175	
217	72	216	
206	67	255	
230	136	97	
199	204	76	
238	125	104	
203	65	277	
242	90	150	
246	96	136	
211	71	223	
236	82	169	
247	112	114	
203	62	293	
235	129	101	
248	100	127	
222	155	87	
204	185	80	
228	78	185	
239	87	157	
243	89	150	
221	76	196	
246	101	128	
245	116	112	
245	109	118	
230	141	95	
244	109	119	
217	160	87	
246	91	147	
216	166	84	
191	251	69	
191	286	66	
242	125	102	
239	86	159	
221	157	88	
235	130	99	
247	90	147	
231	79	181	
210	179	81	
215	169	84	
222	76	194	
247	107	120	
210	182	79	
250	103	124	
188	266	67	
204	65	270	
226	151	89	
240	85	156	
191	259	68	
248	97	132	
228	77	186	
229	146	90	
249	106	122	
234	81	174	
240	128	102	
240	121	106	
231	140	94	
197	230	71	
192	273	64	
230	142	93	
247	114	111	
247	91	145	
248	111	116	
211	67	251	
194	239	70	
246	115	112	
247	110	117	
197	224	72	
216	71	220	
248	108	119	
249	99	128	
245	86	154	
236	80	172	
219	71	215	
225	76	191	
231	78	183	
249	87	150	
216	173	82	
252	106	121	
232	137	91	
251	91	142	
246	93	141	
193	250	69	
221	72	212	
222	73	206	
244	122	103	
250	102	126	
252	104	122	
241	120	105	
234	134	97	
251	94	135	
208	186	78	
221	74	200	
200	66	260	
249	111	115	
248	113	113	
196	248	68	
251	89	148	
252	110	116	
222	159	86	
244	127	100	
253	108	116	
203	204	74	
239	82	168	
250	108	118	
251	116	110	
194	253	68	
197	217	73	
226	75	196	
229	153	88	
212	67	243	
217	169	83	
254	107	118	
253	93	139	
236	81	171	
249	91	144	
236	135	96	
253	90	141	
233	78	181	
255	105	119	
243	129	100	
256	98	131	
246	86	153	
211	66	255	
213	70	223	
199	223	72	
252	102	124	
203	214	72	
217	171	82	
197	241	69	
247	119	107	
218	165	84	
243	81	167	
228	75	194	
205	65	260	
198	229	70	
258	96	132	
232	76	188	
218	166	82	
226	72	210	
202	221	71	
256	99	123	
204	202	73	
224	73	205	
254	111	114	
254	112	113	
254	110	115	
257	113	112	
235	77	185	
253	115	110	
233	142	88	
254	102	123	
229	73	197	
211	63	277	
226	157	85	
222	163	84	
246	82	163	
253	116	109	
238	133	96	
252	88	147	
195	251	67	
208	61	293	
257	98	130	
199	226	71	
234	78	179	
230	151	87	
216	174	81	
240	131	98	
237	77	184	
248	118	107	
234	75	192	
221	70	218	
249	126	100	
228	71	208	
258	92	139	
223	160	85	
248	83	160	
212	68	229	
244	129	98	
261	94	131	
240	135	95	
244	84	157	
205	199	74	
256	93	138	
249	118	106	
256	104	121	
212	60	303	
256	111	113	
256	89	143	
259	111	110	
257	110	114	
215	59	342	
218	173	81	
214	180	78	
239	77	179	
259	107	114	
258	113	110	
213	64	273	
255	102	122	
246	129	97	
213	188	76	
257	114	109	
213	66	254	
260	98	129	
249	123	102	
224	71	214	
255	115	109	
211	184	78	
240	76	185	
258	107	117	
244	80	169	
249	120	104	
256	116	108	
256	106	118	
227	162	82	
229	156	83	
214	66	251	
242	78	176	
232	74	194	
250	124	101	
223	164	83	
252	117	107	
237	75	188	
201	224	70	
259	93	137	
247	85	154	
231	72	200	
243	79	173	
219	170	81	
262	97	129	
245	128	99	
227	71	212	
196	268	66	
259	102	120	
251	86	150	
238	311	55	
257	53	344	
262	98	124	
228	160	84	
251	118	105	
259	110	112	
199	236	69	
215	67	240	
230	154	85	
219	176	79	
206	198	75	
258	87	149	
247	81	166	
259	91	139	
262	92	136	
242	134	94	
214	64	269	
218	69	223	
259	115	108	
261	106	117	
250	127	99	
247	131	96	
217	66	243	
264	105	117	
259	116	106	
215	186	77	
260	88	146	
219	174	80	
255	83	158	
252	121	103	
209	194	75	
252	82	161	
253	84	154	
246	79	172	
224	70	215	
226	163	81	
254	117	106	
266	104	118	
248	81	165	
245	76	182	
260	86	147	
198	246	67	
254	125	98	
256	85	151	
215	65	257	
255	122	102	
245	80	168	
234	74	193	
269	96	128	
249	128	97	
245	133	95	
222	172	80	
243	78	175	
260	108	111	
266	93	132	
217	67	229	
259	119	103	
198	259	66	
250	79	167	
224	169	81	
263	111	108	
261	88	145	
255	123	101	
253	126	99	
264	97	127	
234	150	86	
251	81	164	
260	114	108	
268	106	115	
243	74	187	
261	115	106	
265	101	121	
258	120	103	
224	165	82	
218	182	77	
243	75	185	
205	209	72	
207	217	71	
226	69	218	
201	244	68	
248	80	167	
216	64	261	
245	77	178	
249	78	174	
254	124	100	
245	134	90	
269	91	138	
268	88	139	
251	127	98	
255	82	160	
258	82	157	
257	121	102	
204	232	69	
264	89	142	
217	65	254	
268	101	118	
250	132	95	
262	117	103	
255	81	163	
229	70	214	
241	73	195	
266	88	144	
250	129	96	
253	80	164	
205	62	280	
215	68	226	
234	149	87	
223	172	78	
246	77	177	
238	70	207	
259	121	100	
225	170	80	
250	77	173	
263	87	145	
206	241	68	
222	176	78	
247	76	176	
230	70	211	
270	94	130	
216	191	74	
261	83	154	
262	114	107	
274	91	133	
271	104	116	
260	81	160	
272	92	132	
248	133	94	
266	89	141	
258	123	100	
257	84	151	
239	71	206	
214	197	74	
269	103	117	
254	128	94	
243	138	89	
260	120	102	
268	99	121	
251	78	172	
216	62	268	
240	148	87	
267	85	148	
223	65	248	
219	187	74	
263	116	102	
243	72	194	
216	59	323	
246	75	184	
255	124	99	
269	97	126	
240	71	205	
236	152	85	
213	207	71	
238	72	198	
253	127	97	
272	93	129	
248	77	175	
273	88	138	
269	110	110	
207	234	68	
226	66	242	
226	68	225	
207	220	70	
228	169	79	
257	78	171	
266	107	112	
207	231	69	
220	185	76	
252	132	94	
245	73	193	
273	106	114	
200	268	65	
241	71	204	
272	96	127	
242	143	87	
274	105	113	
221	181	77	
248	74	183	
266	113	106	
227	69	216	
213	205	72	
273	87	143	
230	66	241	
232	68	216	
231	155	84	
209	226	69	
230	159	82	
218	189	75	
246	73	191	
264	115	104	
257	80	163	
268	85	145	
230	161	80	
259	78	168	
259	122	99	
270	97	124	
216	199	73	
243	144	84	
242	71	203	
232	66	236	
261	120	100	
255	126	96	
275	90	135	
224	177	75	
250	75	182	
274	93	127	
253	132	93	
205	244	66	
220	64	257	
261	76	166	
232	154	84	
271	82	154	
272	108	109	
235	69	213	
264	81	158	
222	182	76	
272	110	106	
243	71	198	
279	96	124	
262	124	97	
276	98	123	
239	150	85	
268	83	152	
261	80	161	
251	75	180	
255	127	93	
269	84	150	
278	100	120	
262	79	165	
276	104	115	
248	73	187	
268	114	105	
281	103	116	
211	217	69	
261	125	96	
224	65	247	
269	119	101	
239	153	80	
202	266	63	
276	102	117	
277	85	142	
239	67	227	
231	65	243	
272	84	148	
264	77	163	
217	198	72	
266	123	98	
274	86	144	
281	98	117	
244	69	205	
215	202	71	
227	64	249	
259	75	174	
278	107	111	
275	106	112	
256	132	90	
256	74	177	
240	69	210	
282	89	137	
208	239	66	
205	254	64	
224	63	265	
268	81	157	
237	157	82	
269	79	160	
277	104	114	
284	97	120	
269	83	151	
264	121	99	
222	197	72	
282	95	126	
282	91	131	
277	87	141	
209	229	68	
235	66	235	
283	103	114	
278	113	105	
271	117	101	
249	72	192	
241	67	221	
276	86	143	
246	139	87	
231	164	79	
278	114	101	
285	102	115	
215	216	70	
224	175	77	
269	122	98	
236	66	232	
223	190	73	
247	70	202	
273	81	155	
272	119	98	
276	81	153	
275	115	103	
279	101	117	
270	80	158	
217	61	290	
283	89	135	
284	90	133	
278	83	148	
232	160	81	
279	91	132	
217	213	69	
230	170	78	
280	106	110	
284	87	139	
225	63	262	
273	109	108	
283	92	127	
283	105	111	
271	120	97	
268	123	95	
276	84	144	
216	201	72	
286	95	125	
233	65	237	
249	71	194	
279	104	113	
258	73	185	
263	126	95	
252	72	190	
279	112	105	
278	82	150	
204	288	62	
289	95	121	
233	159	81	
281	113	102	
270	121	98	
219	61	282	
283	94	126	
265	124	96	
261	131	92	
283	88	136	
231	172	77	
272	118	99	
257	137	89	
243	68	214	
287	101	116	
239	66	229	
223	58	340	
211	227	67	
285	86	141	
244	149	81	
232	63	249	
251	70	197	
272	80	157	
217	59	303	
234	169	77	
281	107	109	
283	107	108	
219	211	70	
267	125	93	
283	109	107	
201	281	63	
259	73	183	
289	102	112	
256	71	188	
282	111	105	
287	88	132	
286	90	132	
263	130	91	
215	60	302	
290	94	125	
259	135	88	
285	87	138	
252	140	84	
283	111	103	
288	101	114	
234	64	247	
287	91	130	
246	68	211	
274	117	100	
277	80	153	
287	85	138	
258	138	88	
236	165	78	
217	60	296	
275	78	157	
227	185	74	
264	126	94	
245	67	219	
217	224	68	
244	66	227	
282	83	146	
233	175	75	
254	71	193	
227	58	318	
272	77	160	
292	100	115	
225	209	70	
268	124	92	
284	92	126	
286	106	107	
236	64	243	
285	105	110	
284	108	107	
292	88	131	
266	128	91	
264	75	172	
266	73	182	
293	87	136	
241	65	232	
280	81	150	
258	72	187	
240	158	77	
285	107	105	
290	103	111	
223	195	72	
288	82	149	
291	94	124	
276	120	96	
293	91	129	
252	69	202	
248	306	54	
284	115	98	
248	67	218	
246	66	222	
266	52	363	
227	57	325	
231	182	73	
259	72	185	
269	73	176	
249	68	205	
226	202	70	
294	97	119	
287	84	142	
276	117	99	
229	187	73	
223	198	71	
295	93	124	
214	252	65	
221	61	268	
233	174	76	
264	74	176	
250	67	217	
229	62	265	
268	134	89	
219	219	68	
291	82	148	
292	90	130	
266	126	93	
294	90	128	
296	99	116	
258	70	191	
226	194	71	
299	94	121	
287	83	145	
298	96	117	
277	118	96	
293	105	106	
261	137	87	
271	74	170	
221	60	295	
252	67	216	
294	104	109	
234	173	76	
268	74	175	
247	148	83	
215	247	63	
284	78	154	
291	110	104	
238	64	237	
223	60	287	
293	82	147	
229	192	72	
265	72	183	
269	129	89	
278	121	95	
292	101	113	
255	69	201	
296	85	135	
253	67	206	
295	86	136	
230	62	262	
295	83	144	
288	112	102	
298	99	114	
241	170	76	
269	74	174	
306	90	126	
243	65	231	
289	80	151	
220	212	69	
253	145	81	
283	113	101	
234	180	72	
256	69	199	
281	117	98	
292	81	148	
208	298	61	
217	238	66	
300	92	125	
297	84	141	
277	123	93	
264	138	84	
296	82	145	
273	75	168	
245	65	228	
276	76	165	
287	114	99	
305	98	112	
297	102	110	
298	87	133	
252	66	218	
227	206	69	
302	89	130	
232	190	71	
302	92	120	
271	134	86	
300	83	143	
296	108	103	
293	102	111	
221	220	66	
271	71	178	
303	101	112	
263	136	87	
294	110	101	
263	71	187	
236	62	254	
224	215	68	
292	111	102	
302	100	113	
207	283	62	
298	84	139	
283	76	163	
258	69	195	
220	226	67	
282	122	93	
293	111	100	
236	175	74	
216	241	65	
242	63	238	
265	71	185	
237	174	74	
253	68	202	
301	83	139	
274	131	87	
276	127	90	
307	89	129	
295	80	150	
296	79	153	
286	120	95	
265	135	87	
286	116	97	
274	75	167	
305	95	119	
247	65	227	
297	81	147	
296	104	107	
302	103	107	
243	166	76	
245	64	234	
305	82	143	
311	91	125	
305	97	114	
265	137	83	
231	199	70	
224	60	282	
306	99	110	
245	157	79	
281	77	157	
240	173	75	
274	72	175	
248	65	225	
262	70	188	
284	121	94	
297	79	151	
280	75	166	
303	87	132	
256	66	217	
300	80	149	
228	59	287	
308	88	130	
309	86	134	
290	76	162	
256	141	83	
282	125	90	
308	89	128	
307	81	146	
268	71	184	
243	171	75	
276	73	170	
210	278	62	
287	118	95	
246	155	78	
309	95	118	
302	84	138	
228	213	68	
258	66	206	
268	136	86	
313	91	121	
260	68	200	
283	75	165	
251	65	222	
279	74	167	
306	106	105	
298	111	99	
303	80	148	
292	75	161	
307	101	108	
305	107	101	
247	64	231	
252	150	79	
323	94	119	
264	69	194	
287	116	96	
318	87	130	
311	81	144	
209	297	60	
312	88	129	
314	86	132	
291	120	94	
302	108	102	
229	204	69	
311	89	126	
213	263	62	
233	61	266	
315	96	114	
289	114	98	
233	198	70	
312	82	140	
210	288	61	
318	90	125	
279	123	92	
304	84	136	
291	75	162	
222	238	64	
235	60	280	
229	58	313	
230	205	68	
266	69	189	
293	76	160	
306	79	150	
244	62	242	
290	115	95	
244	169	74	
269	70	186	
320	95	116	
304	80	147	
299	78	153	
290	121	92	
263	68	195	
235	196	70	
250	154	78	
299	77	154	
236	61	265	
277	127	89	
281	129	88	
244	176	73	
322	88	127	
298	104	106	
247	163	76	
309	104	104	
321	85	129	
225	216	67	
257	65	218	
211	274	62	
236	60	271	
325	93	118	
296	117	93	
308	106	104	
252	64	227	
237	199	68	
285	124	90	
255	67	205	
232	56	350	
294	76	159	
214	262	63	
241	61	254	
309	78	148	
300	113	95	
333	90	124	
290	122	90	
257	143	82	
302	78	151	
314	80	145	
272	134	84	
314	83	135	
289	116	95	
237	188	71	
325	92	119	
222	237	65	
317	81	142	
261	67	203	
288	74	165	
295	120	93	
273	70	184	
297	114	94	
236	194	70	
309	107	100	
232	58	306	
248	168	75	
295	76	158	
226	234	64	
309	84	135	
257	146	80	
326	97	112	
333	89	125	
276	131	85	
219	334	58	
325	94	117	
282	72	172	
310	103	106	
340	90	121	
313	102	107	
250	63	234	
301	111	98	
219	243	64	
250	160	74	
285	73	168	
313	106	103	
318	100	109	
301	76	157	
270	67	202	
239	187	71	
321	82	139	
242	191	70	
283	128	88	
286	126	89	
337	87	127	
253	64	225	
283	130	87	
324	78	147	
276	70	178	
326	95	115	
229	214	67	
259	65	217	
326	88	126	
263	141	82	
327	80	144	
330	84	134	
296	74	162	
333	98	110	
306	77	151	
298	75	160	
273	67	199	
215	277	60	
240	186	71	
274	69	186	
228	232	65	
329	80	141	
271	68	189	
353	94	115	
311	108	98	
247	174	73	
261	65	211	
279	71	175	
303	76	156	
299	120	90	
325	82	136	
336	78	145	
265	143	81	
337	96	113	
239	195	69	
319	103	104	
324	102	106	
255	64	223	
288	127	86	
329	101	107	
322	105	101	
284	129	87	
290	125	89	
249	155	77	
299	75	159	
293	73	165	
241	185	71	
366	93	117	
235	209	66	
329	91	120	
334	100	108	
332	84	130	
234	58	301	
310	112	97	
247	177	71	
342	95	114	
333	99	109	
259	150	77	
314	76	154	
229	226	65	
257	63	226	
332	81	140	
290	72	168	
234	59	285	
238	60	266	
294	121	91	
245	181	71	
243	187	68	
300	117	91	
307	75	156	
363	97	111	
258	148	79	
248	170	73	
266	139	82	
261	64	220	
233	57	318	
276	67	197	
236	56	349	
294	126	88	
285	128	87	
295	124	86	
271	66	203	
235	59	282	
353	96	112	
287	128	86	
280	69	182	
338	81	138	
237	56	339	
253	155	76	
300	73	160	
346	102	104	
230	219	66	
359	101	106	
330	104	102	
287	71	172	
313	111	96	
258	145	80	
364	95	113	
342	79	144	
266	142	80	
247	62	238	
328	76	150	
246	61	245	
236	58	292	
234	215	66	
317	76	153	
241	194	69	
277	67	196	
302	122	89	
277	135	83	
297	72	163	
240	59	280	
250	174	72	
246	60	259	
263	64	214	
305	116	93	
270	140	81	
267	144	79	
333	77	148	
238	206	67	
269	65	208	
282	133	84	
329	82	135	
279	67	193	
279	136	81	
275	65	201	
353	80	138	
220	262	62	
314	110	96	
287	70	176	
346	103	103	
304	74	159	
241	59	271	
282	68	185	
249	180	70	
325	75	153	
234	221	65	
340	81	136	
223	253	62	
237	57	297	
216	265	61	
329	106	100	
292	130	85	
260	62	235	
259	301	53	
267	149	77	
338	107	98	
253	168	73	
292	71	171	
279	51	363	
312	115	92	
286	131	83	
312	74	156	
322	112	95	
287	69	181	
226	244	62	
240	197	68	
278	66	198	
260	63	223	
240	56	335	
344	77	147	
317	109	97	
292	70	174	
257	173	71	
241	205	67	
272	65	207	
302	123	88	
296	71	169	
274	139	81	
302	113	94	
229	233	64	
309	116	89	
269	146	78	
294	127	85	
304	121	88	
260	156	75	
289	69	180	
357	103	102	
282	67	192	
349	104	101	
356	105	100	
242	204	67	
232	230	64	
262	62	226	
258	172	72	
317	113	93	
257	166	73	
356	106	99	
237	58	290	
329	111	94	
277	140	80	
294	69	172	
284	67	191	
228	242	63	
221	309	58	
248	60	255	
262	152	76	
243	201	67	
303	122	88	
241	56	317	
266	64	211	
249	61	242	
289	67	183	
338	108	97	
307	120	87	
281	135	82	
333	75	150	
259	168	70	
281	66	196	
235	219	64	
266	63	220	
324	112	94	
301	71	168	
245	58	285	
297	130	82	
255	174	71	
271	142	79	
309	73	159	
330	109	96	
229	236	63	
330	74	153	
219	290	59	
250	59	268	
305	123	87	
341	110	95	
263	157	73	
302	71	163	
288	134	82	
237	214	65	
301	129	83	
320	73	158	
286	66	195	
326	112	91	
292	68	180	
251	60	245	
305	72	160	
261	61	240	
287	138	78	
252	184	69	
271	145	78	
368	107	97	
297	70	169	
246	199	67	
239	207	66	
273	64	209	
268	63	214	
272	147	76	
357	108	96	
288	65	194	
253	179	70	
246	58	278	
292	133	82	
263	154	75	
327	73	156	
320	115	91	
251	59	259	
300	125	85	
280	141	78	
269	61	237	
306	128	84	
291	66	186	
223	256	61	
294	132	81	
249	197	67	
283	65	198	
245	205	66	
277	64	204	
356	110	94	
264	159	72	
308	122	86	
282	140	79	
232	231	63	
243	55	340	
339	111	93	
287	136	80	
255	183	69	
296	68	175	
318	119	87	
308	126	83	
283	141	77	
267	62	224	
317	70	163	
272	153	75	
365	73	155	
240	209	65	
272	61	229	
324	72	159	
247	204	65	
252	193	67	
260	180	69	
339	115	90	
220	275	59	
307	124	85	
248	201	66	
271	154	74	
335	72	158	
276	151	74	
324	118	88	
272	62	215	
366	110	93	
320	71	160	
254	58	271	
270	63	212	
242	57	290	
225	270	59	
315	69	171	
353	111	91	
296	134	78	
304	67	182	
231	243	62	
347	114	90	
315	121	85	
280	64	201	
255	185	67	
310	125	83	
239	226	63	
242	56	297	
234	236	62	
263	60	243	
253	59	255	
334	116	86	
319	69	166	
278	63	209	
263	179	67	
310	67	178	
251	199	66	
292	137	77	
245	212	63	
344	115	87	
309	128	82	
278	149	75	
253	190	65	
229	246	61	
244	208	65	
283	146	76	
265	165	71	
265	175	69	
317	120	84	
266	60	240	
305	131	81	
353	112	90	
315	123	84	
312	68	174	
327	118	86	
299	65	193	
246	55	339	
261	184	68	
226	258	60	
252	55	312	
290	64	197	
302	133	80	
248	57	281	
288	145	76	
303	65	189	
255	58	268	
352	114	89	
321	68	169	
306	66	185	
282	63	204	
266	59	248	
275	61	226	
226	304	58	
307	130	80	
274	155	73	
283	147	74	
244	224	62	
276	60	229	
309	66	183	
289	144	75	
315	127	82	
314	67	177	
256	58	265	
311	129	80	
273	164	71	
251	54	355	
238	235	62	
277	61	215	
318	124	82	
249	203	65	
294	143	75	
275	62	212	
266	173	69	
326	67	176	
279	150	73	
316	66	180	
239	229	62	
274	163	71	
301	64	196	
374	114	88	
277	156	71	
312	128	81	
252	210	64	
258	58	264	
306	65	186	
308	130	79	
328	67	175	
297	140	75	
342	119	85	
304	64	194	
323	122	83	
296	63	203	
260	58	262	
267	166	70	
236	237	61	
268	59	243	
254	57	279	
269	170	67	
353	67	173	
267	178	68	
298	63	200	
322	126	79	
253	209	64	
288	62	209	
261	58	259	
361	116	85	
308	64	189	
325	66	178	
258	57	278	
256	202	64	
252	54	319	
327	65	181	
278	160	70	
262	57	265	
233	256	59	
286	153	72	
355	67	171	
268	58	257	
253	56	281	
352	119	82	
297	62	207	
339	121	83	
266	187	66	
301	63	197	
325	122	82	
302	136	77	
342	66	176	
361	115	86	
273	59	241	
237	255	59	
313	131	77	
276	167	69	
294	145	74	
302	139	74	
326	125	80	
238	251	59	
271	58	248	
230	287	58	
284	60	226	
289	149	73	
300	62	204	
278	59	232	
365	118	84	
304	135	77	
306	136	75	
269	296	52	
352	66	175	
333	123	81	
291	50	381	
322	63	192	
268	186	66	
329	64	184	
292	148	73	
289	152	70	
247	235	61	
298	142	73	
290	61	212	
247	217	62	
292	60	218	
368	66	173	
239	239	60	
285	166	69	
384	65	179	
270	184	66	
258	204	63	
297	145	72	
259	196	64	
303	62	200	
234	278	58	
291	150	71	
249	232	61	
288	164	68	
258	55	306	
320	130	77	
302	61	207	
272	182	66	
284	159	70	
335	122	81	
313	135	75	
344	124	78	
330	129	77	
283	169	65	
250	226	61	
263	57	262	
293	149	71	
278	58	246	
289	162	69	
270	189	64	
345	63	190	
275	178	66	
370	64	183	
317	62	198	
284	167	68	
321	132	75	
259	55	295	
281	59	229	
356	123	79	
270	188	65	
280	58	245	
335	127	75	
273	57	258	
260	214	62	
259	56	279	
281	58	243	
274	185	65	
350	63	187	
291	158	68	
236	267	58	
268	194	63	
324	62	195	
295	60	215	
311	61	204	
269	56	277	
283	58	232	
296	59	226	
267	201	62	
265	210	62	
253	223	61	
278	57	257	
273	56	267	
319	136	73	
249	238	60	
279	57	251	
304	60	212	
276	183	65	
350	62	191	
308	141	73	
314	61	201	
250	236	59	
326	131	75	
297	59	218	
256	221	61	
313	143	72	
298	147	71	
254	233	60	
234	282	57	
266	55	294	
278	181	65	
298	157	69	
290	164	67	
312	60	209	
247	248	58	
268	55	288	
260	216	61	
344	61	196	
235	307	56	
300	156	67	
265	54	316	
299	151	70	
283	57	246	
280	188	64	
360	62	190	
255	226	60	
241	265	57	
348	126	77	
328	132	73	
280	179	65	
315	141	72	
309	146	70	
303	151	68	
316	60	204	
300	150	70	
283	181	64	
375	62	189	
267	54	314	
243	263	58	
278	56	263	
352	125	76	
322	145	71	
269	55	284	
269	54	310	
297	58	231	
246	260	57	
268	207	60	
306	59	215	
304	58	229	
327	144	71	
285	57	245	
333	138	72	
272	192	63	
261	53	338	
280	56	260	
293	57	244	
292	163	67	
240	274	57	
270	55	279	
271	54	304	
306	58	228	
331	143	70	
294	57	239	
237	286	56	
294	161	67	
343	60	202	
259	223	60	
307	57	225	
309	59	212	
296	168	66	
275	191	63	
281	56	255	
332	142	68	
274	200	62	
343	128	73	
282	190	63	
267	53	330	
299	166	66	
315	150	69	
277	196	62	
361	60	201	
274	55	277	
342	141	71	
284	187	62	
274	54	284	
264	220	60	
310	58	222	
336	137	72	
328	144	70	
333	59	210	
287	180	64	
377	60	199	
298	57	235	
279	55	272	
319	148	69	
346	139	70	
302	163	66	
258	235	59	
292	179	64	
289	56	253	
348	134	72	
338	59	209	
260	229	58	
266	219	60	
311	58	215	
293	173	64	
291	183	62	
268	53	322	
292	56	249	
281	203	61	
347	59	208	
279	193	62	
325	147	66	
299	57	234	
357	59	206	
280	55	268	
349	138	71	
301	57	232	
305	157	66	
254	246	57	
300	168	64	
358	59	202	
293	56	246	
375	137	69	
345	141	70	
269	52	362	
321	154	67	
256	244	58	
283	55	258	
283	197	61	
272	52	357	
302	166	65	
265	223	59	
293	182	63	
269	53	317	
259	241	57	
302	56	243	
294	181	63	
335	58	212	
273	52	349	
306	162	65	
297	180	62	
242	281	56	
286	334	51	
273	53	307	
302	49	395	
303	56	235	
298	173	63	
347	58	211	
271	219	59	
324	57	222	
283	54	272	
245	302	55	
372	58	209	
249	270	56	
287	196	61	
357	139	69	
324	154	66	
274	52	338	
290	195	61	
294	55	252	
285	205	60	
315	161	65	
333	57	220	
295	191	61	
274	213	59	
314	167	64	
284	53	299	
324	159	64	
289	202	60	
337	57	215	
317	162	64	
309	56	228	
248	283	55	
295	55	249	
327	157	65	
312	169	63	
296	189	61	
278	52	332	
294	198	60	
341	144	67	
250	267	56	
285	54	268	
271	228	58	
307	179	60	
307	55	246	
288	53	297	
279	210	59	
352	57	211	
298	186	60	
277	227	58	
330	153	65	
307	177	62	
290	53	293	
279	226	58	
255	262	56	
281	52	322	
282	222	58	
327	56	226	
309	55	242	
291	54	266	
296	195	60	
319	168	63	
287	209	58	
310	174	62	
300	54	256	
302	183	61	
297	53	289	
330	56	223	
290	208	58	
377	57	209	
326	164	62	
269	240	57	
295	202	59	
262	251	56	
271	232	57	
316	55	239	
297	193	60	
285	221	58	
300	53	270	
333	152	65	
286	220	58	
344	56	222	
328	158	63	
316	169	62	
284	52	306	
356	56	221	
317	55	232	
377	150	65	
344	155	64	
369	56	220	
252	274	55	
374	56	219	
283	51	361	
286	51	349	
298	201	59	
305	54	254	
313	176	61	
301	198	59	
279	230	57	
309	54	249	
346	153	64	
268	249	56	
283	228	57	
332	55	226	
270	244	56	
302	196	58	
255	272	55	
320	169	61	
284	225	57	
256	297	54	
313	54	242	
261	264	55	
290	52	305	
289	51	331	
305	194	59	
291	52	302	
355	155	63	
285	222	57	
297	207	58	
278	242	56	
341	55	225	
299	52	298	
309	191	59	
307	53	269	
299	201	58	
339	158	62	
366	55	223	
309	53	263	
280	241	56	
289	220	57	
258	276	54	
281	240	56	
379	55	219	
303	52	291	
283	234	56	
327	54	241	
373	153	63	
265	255	55	
317	186	59	
293	219	57	
332	54	240	
298	213	57	
324	178	59	
341	54	239	
329	167	61	
313	53	256	
342	54	237	
327	177	60	
332	170	60	
344	54	234	
312	52	278	
293	51	325	
338	165	60	
286	232	56	
357	156	62	
320	182	58	
290	228	56	
363	54	233	
268	253	55	
305	207	57	
369	164	59	
371	54	230	
296	50	361	
315	53	245	
298	51	313	
276	252	54	
387	162	61	
313	195	58	
281	248	55	
291	223	56	
282	246	55	
296	329	50	
320	48	381	
306	200	57	
263	271	54	
315	52	259	
283	241	54	
296	222	56	
305	51	294	
335	172	59	
305	217	56	
344	53	240	
270	260	54	
298	50	350	
290	235	55	
323	194	57	
309	212	56	
368	53	233	
266	292	53	
365	170	59	
298	231	55	
301	50	349	
303	50	338	
271	257	54	
350	178	56	
310	208	56	
338	190	57	
299	226	55	
344	52	254	
272	282	53	
320	51	284	
312	204	56	
352	173	58	
306	50	325	
359	52	251	
343	186	56	
305	223	55	
324	201	56	
368	52	247	
311	216	55	
273	264	53	
339	51	272	
328	196	55	
307	49	381	
310	50	319	
291	239	54	
315	215	55	
329	50	314	
321	209	55	
298	238	54	
301	235	54	
348	51	270	
351	51	268	
308	49	379	
332	50	311	
311	49	350	
302	230	54	
379	177	57	
356	51	254	
338	50	302	
286	245	53	
308	227	54	
339	50	286	
309	225	54	
324	221	54	
282	277	52	
331	208	54	
322	49	340	
353	190	55	
301	242	53	
356	50	268	
315	240	53	
329	49	321	
316	236	53	
294	267	52	
366	188	55	
288	332	51	
290	295	51	
323	233	53	
352	205	54	
329	230	53	
360	203	54	
304	258	51	
330	223	53	
365	200	54	
346	49	303	
312	313	49	
338	47	386	
339	221	52	
307	248	52	
340	219	53	
348	213	53	
317	239	51	
375	210	53	
323	48	368	
296	281	51	
332	229	52	
332	48	351	
303	276	51	
333	224	52	
337	48	340	
350	48	337	
356	48	324	
300	290	50	
380	48	308	
332	236	51	
346	234	51	
364	232	51	
308	280	50	
313	271	50	
344	47	370	
321	261	50	
335	253	50	
351	47	369	
354	47	359	
359	47	352	
342	246	50	
370	47	343	
373	245	50	
382	47	325	
335	313	48	
359	46	359	
318	304	49	
325	294	49	
331	285	49	
338	278	49	
346	268	49	
348	294	48	
363	291	48	
368	288	48	
