600 200
23 4 97 82 43 4 61 42 67 8 33 22 23 32 97 62 55 80 81 46 55 45 30 31 52 77 14 55 44 77 90 39 20 85 74 43 1 26 91 52 49 26 39 52 17 30 75 16 49 54 91 96 13 38 55 84 97 14 91 72 53 38 15 44 61 58 55 68 17 98 51 44 61 70 19 44 21 2 51 92 37 62 59 64 45 74 75 28 13 2 75 12 97 58 19 72 69 6 91 12 17 6 83 84 41 94 39 32 89 66 79 92 25 22 39 40 33 58 79 96 61 30 71 44 41 82 67 28 33 2 43 92 69 46 19 96 93 58 99 44 61 10 43 36 85 6 31 56 21 2 47 32 17 14 67 48 29 42 23 72 69 46 19 24 1 50 43 40 57 86 23 16 85 10 83 64 25 46 7 8 21 14 63 8 37 86 71 12 69 62 99 84 25 62 59 72 1 94 35 61 
1 1 1 1 1 1 1 1 1 1 1 1 1 1 1 1 1 1 1 1 1 1 1 1 1 1 1 1 1 1 1 1 1 1 1 1 1 1 1 1 1 1 1 1 1 1 1 1 1 1 1 1 1 1 1 1 1 1 1 1 1 1 1 1 1 1 1 1 1 1 1 1 1 1 1 1 1 1 1 1 1 1 1 1 1 1 1 1 1 1 1 1 1 1 1 1 1 1 1 1 1 1 1 1 1 1 1 1 1 1 1 1 1 1 1 1 1 1 1 1 1 1 1 1 1 1 1 1 1 1 1 1 1 1 1 1 1 1 1 1 1 1 1 1 1 1 1 1 1 1 1 1 1 1 1 1 1 1 1 1 1 1 1 1 1 1 1 1 1 1 1 1 1 1 1 1 1 1 1 1 1 1 1 1 1 1 1 1 1 1 1 1 1 1 1 1 1 1 1 1  
  2
  42  183
  2
  138  183
  2
  105  157
  2
  40  51
  2
  1  13
  2
  141  184
  2
  1  64
  2
  93  148
  2
  151  165
  2
  106  138
  2
  83  110
  2
  23  108
  2
  164  172
  2
  47  69
  2
  50  95
  2
  22  84
  2
  26  145
  2
  108  130
  2
  133  167
  2
  85  92
  2
  41  143
  2
  16  58
  2
  111  116
  2
  104  170
  2
  65  152
  2
  13  125
  2
  36  191
  2
  68  187
  2
  41  87
  2
  123  132
  2
  7  104
  2
  60  124
  2
  39  164
  2
  76  97
  2
  69  83
  2
  151  198
  2
  63  120
  2
  43  49
  2
  52  149
  2
  33  49
  2
  131  172
  2
  4  70
  2
  43  154
  2
  93  190
  2
  131  168
  2
  67  102
  2
  72  78
  2
  43  81
  2
  113  171
  2
  89  132
  2
  72  81
  2
  91  103
  2
  57  136
  2
  37  115
  2
  45  86
  2
  151  167
  2
  99  126
  2
  12  186
  2
  30  93
  2
  51  185
  2
  108  116
  2
  49  182
  2
  36  38
  2
  135  171
  2
  19  101
  2
  85  104
  2
  130  159
  2
  101  160
  2
  116  129
  2
  67  86
  2
  18  96
  2
  113  169
  2
  27  121
  2
  64  111
  2
  82  135
  2
  72  77
  2
  1  29
  2
  99  144
  2
  40  156
  2
  60  129
  2
  94  154
  2
  180  200
  2
  74  98
  2
  19  190
  2
  128  161
  2
  105  123
  2
  8  118
  2
  8  186
  2
  51  116
  2
  65  86
  2
  29  120
  2
  80  115
  2
  47  128
  2
  68  194
  2
  58  193
  2
  52  122
  2
  121  183
  2
  11  14
  2
  8  108
  2
  64  141
  2
  12  140
  2
  2  101
  2
  24  67
  2
  6  126
  2
  43  166
  2
  167  181
  2
  52  184
  2
  129  153
  2
  63  96
  2
  80  188
  2
  40  163
  2
  30  152
  2
  33  138
  2
  92  185
  2
  9  103
  2
  19  82
  2
  81  143
  2
  50  183
  2
  124  198
  2
  56  74
  2
  99  199
  2
  103  107
  2
  28  88
  2
  16  97
  2
  98  108
  2
  91  174
  2
  124  183
  2
  120  184
  2
  20  178
  2
  88  111
  2
  43  90
  2
  160  189
  2
  29  50
  2
  39  42
  2
  114  196
  2
  66  85
  2
  29  84
  2
  20  34
  2
  14  16
  2
  77  128
  2
  4  119
  2
  174  179
  2
  112  171
  2
  44  83
  2
  80  94
  2
  48  127
  2
  66  180
  2
  120  170
  2
  119  125
  2
  74  147
  2
  43  149
  2
  143  176
  2
  6  58
  2
  120  196
  2
  59  116
  2
  91  149
  2
  24  42
  2
  71  173
  2
  78  102
  2
  158  199
  2
  15  106
  2
  71  183
  2
  103  107
  2
  43  75
  2
  88  188
  2
  6  29
  2
  77  185
  2
  50  57
  2
  30  73
  2
  46  53
  2
  38  117
  2
  140  178
  2
  123  182
  2
  87  100
  2
  83  105
  2
  93  195
  2
  50  137
  2
  22  119
  2
  108  190
  2
  30  44
  2
  53  176
  2
  54  93
  2
  129  159
  2
  100  140
  2
  122  160
  2
  142  198
  2
  152  179
  2
  34  54
  2
  43  192
  2
  12  156
  2
  37  67
  2
  106  128
  2
  103  129
  2
  111  112
  2
  87  129
  2
  107  136
  2
  17  142
  2
  47  73
  2
  60  171
  2
  73  186
  2
  80  166
  2
  10  174
  2
  12  131
  2
  93  153
  2
  76  191
  2
  46  85
  2
  100  123
  2
  15  35
  2
  140  164
  2
  6  131
  2
  17  104
  2
  29  77
  2
  70  101
  2
  2  75
  2
  7  29
  2
  37  186
  2
  125  181
  2
  45  132
  2
  172  180
  2
  99  167
  2
  91  180
  2
  144  189
  2
  37  79
  2
  8  80
  2
  70  189
  2
  54  174
  2
  59  192
  2
  138  192
  2
  37  147
  2
  19  75
  2
  54  100
  2
  35  166
  2
  107  133
  2
  38  106
  2
  112  175
  2
  157  178
  2
  83  184
  2
  72  132
  2
  146  178
  2
  153  162
  2
  31  54
  2
  30  126
  2
  29  101
  2
  20  199
  2
  88  179
  2
  34  129
  2
  38  59
  2
  121  135
  2
  115  139
  2
  37  176
  2
  68  159
  2
  135  147
  2
  40  43
  2
  2  187
  2
  56  144
  2
  3  130
  2
  7  90
  2
  6  161
  2
  80  194
  2
  14  136
  2
  137  161
  2
  4  194
  2
  113  127
  2
  50  100
  2
  97  114
  2
  134  149
  2
  5  176
  2
  65  139
  2
  78  123
  2
  114  176
  2
  4  114
  2
  62  147
  2
  71  134
  2
  53  147
  2
  35  59
  2
  57  189
  2
  178  196
  2
  26  30
  2
  35  121
  2
  117  125
  2
  60  110
  2
  91  95
  2
  145  194
  2
  39  199
  2
  89  113
  2
  56  147
  2
  33  181
  2
  31  69
  2
  7  143
  2
  67  128
  2
  98  195
  2
  40  144
  2
  2  199
  2
  71  82
  2
  33  103
  2
  159  169
  2
  95  114
  2
  16  76
  2
  83  137
  2
  74  162
  2
  121  180
  2
  15  106
  2
  64  90
  2
  26  177
  2
  80  92
  2
  38  70
  2
  41  102
  2
  31  127
  2
  31  188
  2
  91  106
  2
  99  152
  2
  50  191
  2
  90  170
  2
  81  138
  2
  116  161
  2
  53  169
  2
  72  184
  2
  93  151
  2
  56  183
  2
  61  144
  2
  54  200
  2
  178  194
  2
  14  78
  2
  28  192
  2
  95  171
  2
  43  82
  2
  105  171
  2
  157  178
  2
  108  152
  2
  62  194
  2
  116  135
  2
  15  190
  2
  88  136
  2
  136  188
  2
  12  62
  2
  59  158
  2
  142  186
  2
  16  74
  2
  43  199
  2
  19  116
  2
  163  189
  2
  160  185
  2
  16  78
  2
  24  76
  2
  118  152
  2
  117  139
  2
  78  145
  2
  34  64
  2
  27  124
  2
  42  185
  2
  158  160
  2
  23  123
  2
  59  128
  2
  12  55
  2
  31  67
  2
  70  164
  2
  141  177
  2
  28  88
  2
  28  87
  2
  72  159
  2
  42  120
  2
  125  169
  2
  10  114
  2
  23  33
  2
  159  186
  2
  153  170
  2
  5  96
  2
  10  197
  2
  90  117
  2
  83  133
  2
  110  169
  2
  100  186
  2
  19  54
  2
  55  116
  2
  90  156
  2
  110  198
  2
  162  186
  2
  32  39
  2
  81  110
  2
  29  80
  2
  81  198
  2
  135  159
  2
  77  114
  2
  52  132
  2
  40  105
  2
  143  189
  2
  48  179
  2
  17  197
  2
  108  193
  2
  82  189
  2
  13  58
  2
  127  152
  2
  41  163
  2
  34  196
  2
  54  73
  2
  45  58
  2
  41  182
  2
  89  154
  2
  40  166
  2
  57  75
  2
  24  183
  2
  15  184
  2
  12  109
  2
  40  63
  2
  86  175
  2
  89  197
  2
  9  170
  2
  24  63
  2
  103  154
  2
  61  157
  2
  9  31
  2
  86  190
  2
  71  147
  2
  47  191
  2
  86  197
  2
  57  170
  2
  16  189
  2
  60  118
  2
  50  101
  2
  98  189
  2
  29  137
  2
  11  157
  2
  1  192
  2
  31  70
  2
  71  155
  2
  151  175
  2
  178  180
  2
  38  93
  2
  27  81
  2
  4  192
  2
  102  105
  2
  88  104
  2
  22  165
  2
  113  170
  2
  72  153
  2
  64  163
  2
  74  173
  2
  52  166
  2
  9  104
  2
  46  72
  2
  79  134
  2
  86  149
  2
  96  151
  2
  22  136
  2
  101  130
  2
  1  107
  2
  109  144
  2
  97  160
  2
  22  147
  2
  184  197
  2
  71  140
  2
  25  144
  2
  45  88
  2
  46  108
  2
  115  159
  2
  102  181
  2
  75  166
  2
  51  98
  2
  64  148
  2
  15  58
  2
  22  44
  2
  104  199
  2
  176  180
  2
  108  170
  2
  20  35
  2
  54  126
  2
  100  118
  2
  54  152
  2
  45  73
  2
  91  164
  2
  104  146
  2
  118  122
  2
  1  20
  2
  99  200
  2
  112  152
  2
  128  166
  2
  34  138
  2
  39  183
  2
  115  192
  2
  39  191
  2
  93  196
  2
  53  80
  2
  31  103
  2
  20  150
  2
  101  150
  2
  53  158
  2
  42  152
  2
  94  176
  2
  17  185
  2
  12  84
  2
  9  10
  2
  52  196
  2
  122  195
  2
  103  136
  2
  143  173
  2
  54  165
  2
  20  155
  2
  51  187
  2
  115  139
  2
  26  192
  2
  103  195
  2
  9  127
  2
  117  129
  2
  76  96
  2
  46  141
  2
  7  81
  2
  55  151
  2
  56  195
  2
  38  112
  2
  26  67
  2
  51  128
  2
  29  71
  2
  34  121
  2
  101  160
  2
  66  91
  2
  56  167
  2
  133  188
  2
  61  133
  2
  42  191
  2
  25  142
  2
  73  104
  2
  21  32
  2
  58  62
  2
  33  200
  2
  142  199
  2
  20  116
  2
  60  94
  2
  13  145
  2
  91  191
  2
  147  187
  2
  53  163
  2
  71  149
  2
  111  193
  2
  20  151
  2
  72  180
  2
  59  91
  2
  13  65
  2
  105  111
  2
  102  191
  2
  157  166
  2
  89  194
  2
  45  48
  2
  40  133
  2
  13  128
  2
  66  185
  2
  182  189
  2
  73  191
  2
  27  157
  2
  88  148
  2
  57  93
  2
  5  115
  2
  29  197
  2
  15  125
  2
  30  33
  2
  28  99
  2
  37  150
  2
  53  161
  2
  120  152
  2
  137  140
  2
  22  116
  2
  42  194
  2
  85  98
  2
  35  95
  2
  165  170
  2
  29  188
  2
  147  174
  2
  21  136
  2
  16  48
  2
  4  162
  2
  23  30
  2
  18  34
  2
  8  52
  2
  150  180
  2
  19  118
  2
  53  76
  2
  118  132
  2
  4  136
  2
  60  188
  2
  68  193
  2
  154  167
  2
  21  176
  2
  173  196
  2
  180  195
  2
  9  60
  2
  27  195
  2
  74  146
  2
  10  77
  2
  34  97
  2
  16  124
  2
  21  192
  2
  42  48
  2
  68  99
  2
  16  136
  2
  75  105
  2
  62  71
  2
  6  124
  2
  53  99
  2
  57  148
  2
  28  90
  2
  22  143



