600 200
49 62 51 24 9 26 71 96 25 78 75 80 37 46 3 68 37 66 35 44 45 66 27 76 93 38 71 80 69 18 99 76 61 58 83 48 89 90 83 32 9 26 87 40 37 50 11 96 5 18 11 44 69 18 71 45 70 39 64 69 22 55 64 1 34 43 28 61 66 27 84 69 66 71 84 97 18 23 72 73 14 7 56 53 18 39 32 89 90 3 76 57 50 31 36 85 6 75 68 77 90 87 96 45 70 19 28 81 70 11 16 29 70 55 44 57 2 87 56 53 6 67 60 81 42 51 80 73 98 91 32 5 94 39 40 53 30 95 40 61 62 95 28 1 78 51 68 5 46 15 88 1 38 55 60 93 74 83 8 57 10 79 88 69 46 59 72 57 98 87 96 25 94 47 36 45 38 75 52 25 66 75 68 85 78 19 80 13 22 51 64 65 2 3 56 61 14 75 24 97 
2 55 72 21 62 87 61 74 23 64 13 22 19 72 93 82 79 24 13 98 71 76 13 58 95 64 25 50 59 8 5 30 87 4 53 50 31 12 81 74 67 88 73 66 91 52 45 78 35 56 85 58 59 44 49 70 67 40 73 54 35 68 45 42 87 80 93 86 95 36 21 94 51 56 69 42 91 40 49 2 55 92 29 50 31 52 61 58 47 24 25 66 23 76 17 62 39 44 17 38 43 72 37 58 95 4 77 38 11 96 53 18 31 48 1 18 99 64 69 50 43 52 65 18 91 84 61 82 47 92 69 18 39 69 58 91 28 33 82 99 16 85 50 31 4 73 90 27 24 85 98 35 72 81 86 59 72 1 14 91 76 49 30 91 76 45 98 55 72 89 42 91 16 13 90 95 36 29 46 23 4 1 66 71 32 77 34 43 4 45 82 71 56 69 22 11 88 73 6 75 
  5
  8  56  66  135  138
  5
  1  12  16  28  199
  5
  67  87  143  178  196
  5
  54  89  109  148  169
  3
  127  158  170
  2
  104  200
  4
  25  103  179  184
  8
  7  17  86  115  126  171  172  197
  5
  24  56  118  121  158
  6
  3  68  127  128  137  151
  7
  38  94  103  108  127  164  199
  2
  22  183
  3
  113  122  198
  8
  20  42  68  143  157  167  169  172
  2
  78  169
  5
  37  42  122  126  174
  4
  30  86  145  179
  4
  113  115  134  136
  6
  8  31  66  107  149  190
  6
  14  25  64  81  120  191
  5
  48  67  164  186  196
  6
  20  38  49  67  75  189
  7
  3  42  46  158  162  164  174
  4
  83  91  105  178
  5
  63  70  156  158  172
  3
  7  70  120
  7
  21  59  115  148  158  162  190
  2
  18  155
  3
  12  14  131
  5
  21  23  71  135  185
  6
  70  92  136  139  142  188
  6
  95  107  111  140  151  181
  4
  38  131  154  194
  4
  12  142  143  144
  7
  8  32  61  62  89  119  171
  5
  125  132  148  151  190
  7
  17  53  56  60  89  134  179
  6
  16  43  67  79  93  145
  8
  13  17  50  67  130  181  198  199
  5
  12  23  28  170  185
  4
  90  102  132  157
  6
  33  34  53  110  120  188
  2
  3  98
  6
  24  57  69  90  118  172
  5
  13  67  77  112  142
  4
  24  25  117  179
  3
  76  132  134
  5
  4  36  84  110  148
  4
  98  145  168  178
  7
  18  54  59  68  114  123  125
  7
  14  28  58  90  95  112  144
  7
  37  51  79  148  160  173  195
  4
  59  92  167  170
  3
  100  161  178
  4
  21  43  87  114
  5
  101  142  168  173  190
  3
  31  41  168
  2
  8  68
  8
  4  64  77  87  115  134  150  172
  8
  10  20  22  68  76  155  160  178
  4
  4  29  135  182
  3
  31  59  139
  3
  81  119  197
  7
  1  13  28  50  114  136  199
  8
  45  58  67  76  80  91  118  175
  2
  59  112
  5
  22  53  150  153  195
  5
  64  80  126  177  179
  3
  59  88  137
  5
  15  26  129  139  170
  8
  5  10  117  136  144  162  164  191
  2
  6  141
  4
  94  155  166  168
  3
  58  87  94
  8
  36  121  127  140  146  162  164  190
  3
  3  13  130
  2
  85  197
  2
  80  119
  4
  75  116  125  185
  4
  6  12  17  167
  8
  71  83  108  140  162  181  187  194
  2
  66  136
  7
  2  95  115  128  133  178  192
  7
  59  84  119  152  172  190  192
  5
  15  66  107  151  159
  2
  16  46
  2
  33  167
  3
  9  77  131
  5
  24  61  152  158  169
  3
  71  81  142
  3
  71  74  82
  2
  44  120
  5
  4  15  17  56  105
  5
  33  42  54  115  135
  2
  66  121
  7
  6  39  99  123  143  149  191
  8
  20  30  34  64  94  170  184  195
  2
  189  191
  7
  10  34  35  45  81  171  199
  2
  31  102
  2
  108  176
  7
  16  40  60  100  142  153  181
  7
  4  42  51  64  84  99  136
  6
  10  60  85  143  152  158
  4
  13  69  120  193
  3
  52  149  170
  8
  13  42  63  66  81  135  138  188
  7
  20  21  68  147  158  175  180
  8
  66  73  86  90  119  128  137  181
  3
  77  177  179
  5
  14  40  76  111  154
  3
  25  104  178
  8
  3  100  120  156  164  167  175  187
  3
  37  96  119
  8
  17  51  59  89  132  148  179  182
  6
  58  69  81  117  175  178
  5
  21  36  41  124  137
  6
  28  61  65  70  78  147
  2
  11  172
  4
  10  18  97  122
  7
  42  81  116  142  144  167  183
  2
  130  140
  6
  2  35  162  166  193  195
  5
  18  102  112  126  150
  7
  4  12  28  136  142  145  196
  7
  47  90  102  112  142  165  197
  5
  15  115  149  192  197
  6
  9  77  110  122  167  181
  6
  17  57  93  158  186  193
  3
  123  134  137
  4
  112  131  145  161
  6
  6  115  144  147  153  199
  3
  16  44  161
  7
  6  53  63  75  113  122  177
  8
  11  19  38  65  98  156  158  181
  5
  66  80  112  171  172
  3
  113  193  199
  2
  24  170
  8
  9  19  48  74  85  91  139  181
  5
  19  38  61  62  117
  8
  10  35  75  78  159  164  183  188
  6
  63  100  102  124  149  158
  6
  34  59  87  146  181  198
  4
  29  66  86  95
  6
  31  57  81  90  152  178
  2
  98  184
  7
  5  38  87  88  110  130  192
  8
  20  45  57  130  154  168  174  187
  4
  58  134  161  193
  2
  10  107
  8
  4  36  37  38  43  77  192  199
  6
  25  31  71  127  135  146
  6
  20  44  59  89  121  141
  2
  48  87
  7
  8  47  130  134  150  184  188
  6
  52  66  69  137  149  168
  4
  32  64  81  109
  2
  28  53
  2
  121  135
  8
  1  28  35  44  83  117  145  176
  4
  7  35  38  165
  2
  161  169
  7
  47  70  89  121  152  153  160
  7
  13  25  155  163  169  196  198
  6
  41  42  67  77  109  110
  7
  25  37  43  65  72  139  156
  8
  16  31  47  58  105  124  178  183
  3
  21  85  108
  7
  15  16  51  68  78  124  143
  3
  86  106  193
  7
  40  43  143  158  161  173  178
  3
  21  40  163
  4
  8  41  51  187
  5
  51  76  85  116  130
  2
  4  122
  7
  48  49  51  53  92  117  197
  7
  1  3  76  124  128  167  172
  7
  4  9  58  64  96  120  189
  4
  49  113  159  200
  3
  12  14  114
  5
  13  51  64  103  113
  7
  5  23  36  77  104  135  164
  8
  5  19  49  79  86  118  154  179
  7
  9  50  59  90  123  127  189
  6
  31  72  75  96  126  148
  6
  2  3  14  19  53  75
  5
  24  45  49  104  115
  6
  9  17  44  134  143  199
  5
  1  23  26  56  110
  2
  70  119
  2
  34  133
  5
  54  92  164  171  192
  7
  29  37  92  112  114  123  128
  6
  18  67  119  135  140  194
  3
  9  128  131
  7
  7  21  51  111  115  139  144
  6
  10  46  75  85  168  199
  8
  52  63  65  82  92  98  130  174
  7
  4  7  67  74  84  134  166
  3
  10  32  33
  4
  16  79  91  200
  7
  40  43  56  65  85  112  184
  6
  1  21  54  98  101  147
  6
  104  106  134  153  183  196
  8
  46  82  97  124  152  164  177  196
  3
  82  105  121
  6
  26  71  73  157  160  194
  2
  30  139
  7
  15  33  54  102  122  145  181
  6
  35  62  137  150  156  160
  6
  22  55  102  110  157  194
  4
  82  121  181  182
  6
  35  60  100  165  178  179
  6
  10  56  113  117  135  190
  2
  15  157
  5
  6  116  120  128  130
  3
  46  56  124
  8
  50  68  82  84  128  151  169  199
  5
  8  23  174  184  197
  2
  128  180
  2
  11  149
  5
  9  54  71  99  107
  5
  55  116  128  150  174
  3
  53  121  158
  7
  9  40  77  92  95  108  161
  4
  82  135  173  174
  6
  46  69  93  139  161  180
  6
  9  11  64  84  132  161
  8
  29  55  65  79  118  157  170  176
  3
  27  77  106
  5
  30  104  133  143  191
  8
  11  15  52  53  74  95  102  154
  8
  3  26  29  42  126  139  167  175
  7
  48  78  81  87  107  108  159
  3
  3  185  196
  7
  34  65  115  147  155  189  198
  6
  11  12  88  130  175  189
  5
  7  32  145  159  165
  8
  42  86  100  101  108  125  178  196
  3
  65  78  125
  5
  71  94  117  142  197
  7
  46  86  103  116  142  170  196
  7
  28  30  49  53  83  116  149
  4
  24  153  162  197
  4
  75  129  133  154
  3
  10  150  160
  4
  96  159  171  188
  6
  28  39  86  119  147  149
  8
  36  46  72  82  111  138  184  197
  3
  110  151  167
  5
  62  63  124  165  198
  5
  35  64  121  134  186
  6
  4  109  127  141  167  199
  5
  9  25  73  92  158
  7
  25  53  58  95  122  135  193
  3
  104  140  193
  2
  36  104
  8
  5  35  38  90  127  156  171  173
  7
  21  32  39  48  69  109  141
  4
  56  107  135  175
  3
  11  38  129
  5
  10  49  63  121  192
  7
  11  27  40  41  50  99  120
  5
  73  75  152  170  171
  4
  107  119  161  200
  7
  30  39  57  71  110  116  196
  8
  11  53  57  88  91  108  128  193
  8
  25  46  86  123  134  149  176  193
  5
  75  80  107  175  184
  7
  38  88  102  104  107  132  139
  7
  1  46  75  108  111  128  162
  3
  7  83  169
  7
  15  50  111  129  175  180  185
  8
  1  2  6  86  107  142  155  162
  6
  36  87  104  159  170  173
  7
  3  27  91  150  160  168  182
  4
  19  31  80  148
  3
  16  67  129
  4
  72  100  110  180
  4
  36  95  177  179
  2
  66  85
  8
  20  24  52  61  111  130  185  193
  3
  75  101  193
  3
  79  121  181
  6
  64  91  106  138  154  194
  3
  9  64  125
  6
  13  29  34  68  137  179
  7
  27  38  87  93  96  142  143
  7
  10  89  102  122  147  182  193
  6
  5  32  63  134  188  194
  4
  82  88  110  199
  6
  45  70  79  112  152  186
  7
  5  41  84  110  113  133  191
  7
  79  81  97  103  116  176  178
  8
  2  52  57  88  93  105  106  169
  4
  12  55  145  154
  6
  17  23  95  108  164  168
  6
  45  71  131  138  157  170
  7
  15  20  39  80  122  140  171
  3
  18  71  120
  6
  14  57  69  141  160  169
  6
  4  30  34  149  150  153
  2
  103  138
  3
  144  154  189
  2
  50  136
  6
  11  28  93  123  145  177
  5
  6  53  89  154  175
  5
  90  107  157  173  188
  4
  34  49  146  184
  5
  63  70  80  142  187
  7
  23  37  128  141  170  175  200
  6
  35  60  71  136  144  164
  6
  57  119  159  165  177  200
  8
  11  17  21  52  90  121  152  192
  2
  31  91
  8
  41  48  69  71  80  108  132  195
  8
  23  74  107  132  140  143  165  168
  8
  28  59  74  86  89  106  165  199
  2
  110  139
  6
  26  64  144  162  190  198
  5
  9  84  86  88  176
  2
  44  197
  4
  27  53  73  165
  7
  33  37  96  104  165  185  200
  8
  23  68  83  103  134  149  168  188
  8
  52  53  60  83  84  111  175  179
  4
  56  137  165  183
  4
  11  34  65  191
  3
  168  169  190
  2
  6  55
  7
  32  69  70  99  107  129  137
  7
  1  48  85  96  116  147  180
  7
  50  77  92  97  175  181  193
  5
  12  32  43  92  171
  7
  96  98  112  138  148  188  195
  3
  45  103  104
  4
  11  28  145  149
  6
  83  107  111  140  148  161
  4
  84  156  185  195
  8
  41  55  91  118  124  141  146  200
  2
  72  128
  2
  49  84
  7
  17  99  106  121  132  164  182
  7
  70  80  124  136  158  175  186
  8
  26  43  56  65  97  116  178  198
  6
  29  71  86  129  160  182
  4
  26  50  105  164
  8
  29  74  80  96  100  111  119  189
  8
  55  71  75  88  149  153  175  200
  8
  17  59  120  153  156  170  181  186
  7
  52  72  112  123  125  154  175
  3
  107  112  180
  2
  6  119
  6
  76  138  143  157  197  200
  6
  31  34  74  97  175  196
  5
  33  72  79  127  200
  7
  2  20  21  46  58  65  188
  5
  3  125  151  187  188
  3
  23  92  173
  8
  81  99  105  112  121  144  149  160
  7
  39  66  76  83  112  116  143
  5
  82  95  132  179  198
  8
  11  16  31  46  102  133  170  185
  7
  33  45  53  56  77  103  174
  2
  73  107
  8
  35  39  43  56  79  119  165  195
  6
  2  10  19  54  56  183
  7
  12  33  47  135  166  180  187
  7
  7  14  37  66  148  180  196
  4
  27  66  117  177
  3
  79  154  172
  2
  76  190
  2
  30  105
  2
  83  125
  3
  44  70  93
  6
  6  20  21  56  138  156
  2
  105  166
  6
  35  90  114  147  155  159
  2
  2  17
  2
  9  59
  7
  34  35  56  68  72  83  89
  3
  7  75  149
  5
  23  72  85  94  159
  6
  15  20  40  73  121  173
  4
  34  81  82  175
  3
  56  131  144
  7
  13  19  45  79  157  158  198
  6
  11  12  88  111  133  140
  2
  52  53
  8
  9  31  39  66  74  90  146  169
  6
  1  20  44  59  69  82
  4
  46  69  112  185
  6
  94  112  149  160  172  199
  8
  33  59  100  107  115  173  184  189
  3
  127  137  139
  8
  45  60  75  110  113  143  155  161
  4
  27  132  165  171
  6
  22  57  75  131  156  158
  3
  120  131  165
  7
  43  64  85  117  121  152  185
  8
  9  43  45  77  93  94  154  187
  7
  57  66  82  98  108  114  123
  2
  129  134
  8
  56  65  77  84  133  134  145  197
  5
  61  99  124  134  162
  3
  62  89  172
  6
  5  32  35  97  138  197
  8
  35  41  47  87  126  154  157  187
  8
  20  34  42  80  102  105  171  181
  5
  16  50  52  139  158
  5
  28  56  141  193  199
  2
  60  117
  2
  11  19
  6
  29  32  121  124  178  180
  4
  181  185  188  192
  5
  58  70  121  133  171
  6
  14  50  54  96  137  186
  4
  5  15  91  127
  3
  36  54  102
  4
  12  19  84  152
  5
  20  30  85  92  186
  6
  22  30  34  70  102  151
  4
  2  88  108  175
  3
  131  171  193
  8
  40  45  48  55  87  102  127  184
  7
  2  8  13  20  24  65  153
  2
  85  194
  8
  35  36  52  89  98  128  144  198
  3
  126  132  164
  4
  39  98  110  153
  4
  58  90  176  194
  7
  3  51  87  138  151  173  185
  7
  3  25  31  50  75  176  183
  2
  69  183
  7
  10  31  34  52  60  68  166
  6
  6  30  41  65  119  147
  5
  53  89  154  161  188
  2
  103  194
  7
  2  92  100  102  125  143  161
  7
  12  18  29  56  72  78  83
  2
  65  110
  7
  6  32  109  111  137  189  194
  2
  40  146
  6
  13  28  44  58  59  144
  5
  4  20  60  73  111
  8
  3  100  101  105  109  158  169  175
  4
  20  75  79  124
  5
  107  140  144  162  169
  4
  14  82  170  178
  6
  60  74  94  117  152  164
  6
  14  20  61  119  148  152
  5
  30  55  136  149  163
  2
  24  104
  3
  72  176  197
  4
  2  37  77  84
  4
  12  15  91  186
  7
  21  23  30  65  87  106  126
  4
  104  128  132  182
  2
  20  38
  5
  34  84  107  138  172
  5
  22  26  46  74  188
  8
  29  37  75  94  103  114  126  128
  5
  21  39  85  96  187
  8
  8  19  28  32  129  137  157  161
  7
  54  122  136  159  185  191  195
  5
  5  25  78  164  188
  7
  15  17  72  74  79  174  189
  7
  9  39  73  134  167  175  199
  4
  43  87  88  179
  8
  7  67  141  172  173  174  184  187
  4
  81  97  138  161
  5
  64  73  157  166  169
  3
  68  126  154
  8
  45  76  88  128  146  177  188  199
  7
  13  18  72  76  86  91  156
  5
  2  62  87  116  186
  5
  14  93  125  146  182
  4
  80  134  176  188
  2
  42  199
  5
  32  110  116  143  177
  6
  15  44  60  79  101  145
  6
  27  28  58  59  132  200
  3
  12  18  143
  8
  29  91  102  135  141  159  164  192
  6
  36  93  115  118  120  126
  7
  45  56  117  123  143  155  189
  6
  55  64  73  74  125  162
  7
  12  31  87  134  136  141  175
  2
  122  186
  5
  5  15  81  112  131
  5
  7  25  101  140  151
  4
  81  100  176  190
  6
  26  52  101  179  184  192
  6
  13  51  89  91  155  184
  4
  73  134  150  184
  8
  40  50  79  115  116  137  161  194
  7
  83  96  108  111  128  172  186
  2
  41  68
  8
  25  41  47  55  59  65  101  115
  4
  40  67  78  79
  6
  74  87  103  144  150  153
  7
  19  43  71  86  103  191  200
  3
  47  125  189
  3
  48  66  82
  7
  44  67  161  172  174  175  179
  8
  17  18  87  89  120  158  178  198
  2
  104  163
  4
  83  109  146  155
  8
  19  36  81  109  122  148  154  181
  6
  17  30  87  122  195  199
  4
  2  18  112  158
  2
  75  198
  6
  24  25  44  45  117  163
  2
  140  151
  4
  2  3  44  133
  8
  31  77  88  97  98  121  133  171
  2
  54  154
  5
  36  67  70  92  160
  5
  10  20  68  78  89
  4
  37  75  78  126
  5
  17  23  38  165  178
  4
  75  174  194  198
  8
  30  99  100  130  146  163  173  199
  2
  79  179
  3
  12  21  30
  8
  15  19  75  107  117  169  173  198
  4
  23  41  99  155
  6
  44  99  105  138  144  200
  5
  29  65  153  165  168
  2
  94  124
  2
  114  180
  4
  2  48  106  192
  4
  5  47  79  194
  8
  6  17  23  141  163  175  176  181
  7
  9  10  48  63  93  156  161
  4
  29  30  108  190
  8
  26  28  42  46  97  108  170  187
  7
  58  109  111  148  171  175  180
  7
  17  37  56  67  111  145  191
  6
  6  42  117  137  166  180
  8
  8  57  58  63  65  95  127  131
  7
  15  21  27  55  72  83  165
  7
  1  57  159  169  170  191  197
  4
  25  55  89  137
  3
  65  94  198
  6
  91  93  128  157  161  185
  4
  104  118  123  188
  3
  113  139  140
  6
  41  73  108  135  165  185
  6
  5  11  46  90  97  130
  6
  9  43  94  145  188  197
  2
  34  177
  4
  72  147  184  187
  6
  9  36  94  136  150  171
  5
  1  55  67  164  195
  2
  74  96
  3
  118  167  197
  5
  61  86  96  116  173
  3
  79  81  131
  5
  4  96  146  158  173
  3
  74  111  196
  3
  23  45  192
  8
  16  17  70  92  126  134  192  194
  6
  17  19  40  45  82  173
  5
  93  143  152  159  194
  8
  4  48  81  107  126  169  189  200
  7
  1  12  35  51  94  97  144
  6
  87  90  132  164  170  198
  4
  30  71  72  105
  5
  7  23  78  93  150
  6
  6  48  58  91  116  119
  5
  47  57  72  97  193
  7
  13  17  24  46  83  121  140
  2
  10  90
  5
  113  133  136  193  196
  5
  15  93  105  159  186
  8
  18  24  102  151  167  173  181  192
  5
  56  68  133  175  181
  4
  98  114  149  186
  3
  29  65  180
  5
  31  100  141  144  156
  8
  42  45  55  104  160  169  179  194
  6
  38  51  143  148  168  192
  2
  56  74
  3
  37  121  164
  7
  28  30  51  82  119  130  174
  8
  2  44  111  146  167  175  181  197
  5
  15  17  19  96  146
  5
  7  17  83  156  185
  5
  126  134  151  180  193
  6
  24  41  69  133  181  186
  5
  5  6  30  103  190
  7
  7  13  128  145  168  174  177
  7
  3  26  63  104  180  195  198
  3
  13  35  133
  2
  53  143
  3
  131  149  187
  7
  87  106  111  122  125  173  185
  2
  147  179
  8
  57  71  82  105  115  139  154  196


