600 200
36 49 70 63 36 93 30 15 36 97 62 43 64 73 94 35 12 61 54 99 12 41 54 31 33 6 31 24 57 90 95 76 77 10 87 96 5 10 47 32 89 30 19 16 53 94 23 84 65 94 59 76 9 58 59 84 89 26 63 52 21 78 27 72 49 70 75 52 69 86 3 16 9 58 63 32 57 46 91 16 5 26 15 88 89 74 71 68 21 18 15 8 93 54 67 60 5 90 75 48 49 58 87 76 41 54 3 68 37 30 67 28 5 10 63 56 9 6 59 92 17 34 39 40 21 86 7 88 93 6 35 12 93 34 23 52 81 18 67 68 85 94 3 88 89 2 99 68 37 74 35 96 81 22 39 28 85 2 59 56 77 90 51 96 37 46 63 36 85 94 31 48 77 54 71 76 53 98 19 48 29 70 35 76 73 22 15 76 57 54 11 64 25 62 15 84 53 90 31 80 
1 1 1 1 1 1 1 1 1 1 1 1 1 1 1 1 1 1 1 1 1 1 1 1 1 1 1 1 1 1 1 1 1 1 1 1 1 1 1 1 1 1 1 1 1 1 1 1 1 1 1 1 1 1 1 1 1 1 1 1 1 1 1 1 1 1 1 1 1 1 1 1 1 1 1 1 1 1 1 1 1 1 1 1 1 1 1 1 1 1 1 1 1 1 1 1 1 1 1 1 1 1 1 1 1 1 1 1 1 1 1 1 1 1 1 1 1 1 1 1 1 1 1 1 1 1 1 1 1 1 1 1 1 1 1 1 1 1 1 1 1 1 1 1 1 1 1 1 1 1 1 1 1 1 1 1 1 1 1 1 1 1 1 1 1 1 1 1 1 1 1 1 1 1 1 1 1 1 1 1 1 1 1 1 1 1 1 1 1 1 1 1 1 1 1 1 1 1 1 1  
  4
  19  79  160  169
  2
  42  85
  2
  87  196
  2
  74  108
  4
  9  128  178  193
  3
  129  146  184
  2
  1  99
  4
  77  150  154  177
  2
  43  136
  2
  33  159
  4
  63  80  138  163
  3
  1  37  58
  3
  131  140  163
  2
  39  74
  3
  3  61  86
  4
  23  138  168  172
  3
  22  91  121
  4
  21  67  140  156
  4
  3  21  148  191
  2
  68  176
  4
  38  55  101  146
  2
  10  158
  2
  15  137
  3
  46  159  182
  4
  2  90  98  124
  2
  146  162
  4
  52  96  129  167
  2
  69  91
  2
  59  117
  3
  92  97  150
  4
  85  97  100  184
  3
  119  167  196
  3
  91  158  186
  4
  135  147  161  173
  4
  55  67  91  145
  3
  8  87  139
  3
  38  105  129
  3
  9  43  194
  2
  167  177
  3
  59  76  186
  3
  5  21  97
  2
  123  154
  4
  56  87  102  157
  2
  168  178
  2
  121  162
  4
  59  80  104  191
  2
  124  147
  2
  140  156
  2
  110  142
  2
  31  45
  3
  24  126  158
  3
  73  95  191
  4
  13  36  67  145
  2
  37  54
  3
  23  129  180
  4
  33  46  69  186
  4
  5  65  80  161
  4
  91  96  98  118
  3
  112  126  168
  2
  63  131
  2
  159  188
  2
  12  19
  2
  111  187
  3
  4  109  192
  4
  89  96  181  192
  2
  105  194
  4
  9  89  161  184
  3
  83  94  146
  2
  58  91
  2
  182  185
  2
  132  173
  2
  124  125
  2
  37  76
  3
  46  76  156
  2
  70  111
  4
  20  35  82  122
  4
  134  165  192  193
  2
  82  178
  4
  20  131  168  171
  4
  19  48  65  173
  3
  11  105  157
  3
  111  131  196
  3
  10  54  111
  4
  40  73  80  121
  4
  5  27  37  120
  4
  13  53  74  163
  4
  51  62  86  196
  4
  7  117  143  174
  4
  57  96  141  189
  3
  71  148  199
  3
  14  34  111
  3
  44  63  164
  3
  1  63  188
  4
  21  60  103  196
  4
  16  47  82  154
  2
  5  26
  2
  94  123
  4
  16  45  47  175
  3
  150  167  187
  2
  2  179
  2
  98  179
  3
  75  152  184
  2
  43  66
  3
  84  99  104
  3
  23  52  103
  3
  140  175  195
  4
  51  84  95  193
  2
  109  191
  4
  25  66  84  108
  2
  61  91
  4
  8  72  158  181
  3
  109  134  196
  4
  6  8  28  102
  3
  94  115  124
  3
  6  154  187
  4
  13  64  85  110
  3
  12  146  198
  2
  49  137
  3
  67  171  187
  3
  74  91  163
  4
  23  70  105  171
  4
  51  77  141  181
  4
  4  70  95  193
  4
  64  114  149  186
  2
  103  146
  2
  11  106
  4
  34  86  150  160
  2
  167  177
  4
  45  109  176  196
  3
  13  144  167
  2
  29  64
  2
  15  18
  4
  16  43  59  101
  3
  3  61  92
  4
  33  105  110  192
  2
  27  101
  2
  62  194
  4
  31  76  101  167
  4
  74  118  132  143
  3
  29  67  124
  2
  110  174
  2
  30  89
  4
  50  66  67  134
  3
  103  139  180
  2
  46  67
  2
  49  152
  2
  47  133
  3
  3  147  177
  2
  35  67
  4
  101  116  131  190
  2
  41  169
  4
  80  96  156  157
  3
  40  102  198
  4
  7  79  93  106
  2
  2  125
  2
  53  125
  2
  5  127
  4
  22  37  107  129
  2
  53  167
  3
  22  35  98
  3
  13  61  121
  2
  14  168
  4
  144  151  169  171
  4
  8  107  144  170
  3
  48  124  129
  3
  121  174  191
  4
  40  77  99  114
  2
  37  93
  3
  34  135  182
  3
  65  147  151
  4
  53  113  134  155
  2
  72  175
  4
  14  64  75  78
  3
  66  82  177
  3
  6  103  122
  2
  96  137
  3
  22  84  104
  4
  20  78  91  158
  2
  62  132
  3
  67  118  186
  2
  14  148
  4
  55  58  60  135
  3
  60  104  149
  3
  38  102  157
  3
  19  46  190
  3
  38  54  76
  4
  85  86  90  140
  4
  23  43  131  171
  2
  72  92
  2
  50  170
  3
  11  40  78
  3
  106  132  164
  4
  1  103  122  162
  2
  1  25
  2
  119  130
  3
  53  98  136
  4
  58  61  110  199
  2
  103  166
  4
  39  75  137  161
  3
  103  124  139
  4
  44  98  155  158
  2
  126  153
  2
  77  86
  3
  29  89  95
  4
  28  127  183  194
  2
  60  93
  2
  10  33
  4
  2  20  37  137
  4
  11  31  106  123
  4
  5  120  138  197
  2
  73  138
  2
  102  129
  3
  29  83  162
  4
  35  61  66  123
  3
  101  108  141
  2
  26  150
  3
  61  63  119
  2
  91  159
  2
  50  157
  2
  99  178
  4
  11  93  130  161
  2
  59  192
  2
  152  171
  4
  75  84  106  112
  4
  23  107  179  193
  3
  92  122  163
  4
  48  52  84  177
  2
  93  121
  2
  169  177
  4
  54  159  167  198
  3
  3  17  26
  2
  71  148
  3
  28  85  123
  4
  31  65  96  198
  4
  36  112  176  180
  3
  16  134  155
  4
  16  47  60  74
  4
  47  158  164  188
  4
  119  150  153  198
  3
  52  120  156
  4
  8  16  62  115
  2
  53  70
  3
  43  143  157
  4
  51  70  86  200
  3
  24  104  195
  4
  17  18  71  146
  4
  21  23  88  100
  4
  31  61  71  125
  2
  68  106
  3
  5  13  64
  2
  83  125
  2
  9  166
  4
  6  13  123  152
  3
  27  117  174
  4
  71  102  155  195
  3
  44  58  101
  3
  62  80  170
  4
  6  12  44  117
  3
  23  79  100
  2
  60  148
  4
  26  55  145  166
  2
  77  165
  2
  3  21
  3
  70  87  170
  3
  14  32  54
  3
  17  69  74
  2
  87  136
  4
  8  58  66  111
  4
  28  82  147  192
  2
  68  105
  2
  33  45
  4
  6  81  160  196
  2
  37  81
  3
  55  164  165
  3
  26  66  73
  3
  1  10  162
  2
  62  85
  2
  146  196
  3
  40  66  71
  2
  113  164
  2
  75  77
  2
  120  188
  3
  22  93  109
  4
  16  28  72  123
  2
  101  130
  2
  80  108
  4
  5  106  131  174
  3
  29  32  170
  2
  67  178
  2
  158  179
  4
  33  38  72  155
  2
  33  177
  3
  32  67  187
  2
  18  61
  3
  142  150  152
  3
  17  41  103
  3
  16  100  111
  3
  112  135  157
  2
  123  194
  3
  105  132  148
  4
  23  147  165  192
  4
  74  84  113  133
  2
  77  131
  3
  11  42  97
  3
  10  117  118
  3
  12  38  62
  2
  25  172
  3
  17  37  65
  4
  34  42  77  167
  2
  32  112
  2
  12  135
  4
  7  82  89  167
  4
  34  49  119  195
  2
  93  196
  4
  60  95  164  183
  4
  66  88  111  116
  2
  43  198
  3
  128  145  171
  4
  22  31  147  158
  3
  68  73  183
  4
  96  113  116  126
  4
  58  133  174  200
  3
  44  131  174
  2
  39  83
  3
  62  92  152
  2
  104  180
  3
  47  113  135
  4
  68  72  168  178
  4
  33  54  71  170
  4
  26  41  130  174
  3
  51  162  199
  2
  56  184
  3
  18  118  177
  4
  29  30  119  168
  4
  64  76  87  115
  3
  50  64  89
  2
  1  37
  2
  44  181
  3
  79  108  193
  2
  2  183
  3
  79  104  157
  2
  41  88
  4
  9  52  64  122
  3
  49  96  198
  2
  8  88
  3
  30  38  102
  2
  25  58
  2
  4  118
  4
  24  36  77  92
  4
  23  44  64  91
  4
  12  22  44  72
  3
  6  17  97
  3
  30  112  195
  2
  118  134
  3
  22  78  140
  4
  18  44  124  173
  4
  85  120  164  188
  3
  12  13  169
  4
  13  36  82  94
  2
  109  162
  4
  9  39  88  169
  4
  55  114  118  178
  3
  10  133  195
  2
  95  101
  2
  41  138
  4
  47  69  109  110
  2
  100  180
  2
  56  173
  3
  4  63  103
  2
  11  16
  4
  23  47  194  195
  2
  72  161
  3
  54  156  194
  2
  76  193
  2
  44  195
  4
  56  76  92  174
  3
  29  103  144
  3
  150  175  186
  4
  4  65  102  196
  4
  46  58  129  135
  3
  86  114  187
  2
  95  157
  2
  1  56
  4
  15  100  118  144
  2
  4  106
  2
  16  166
  2
  99  178
  4
  41  90  140  177
  4
  77  82  96  198
  2
  132  184
  3
  1  79  157
  2
  47  177
  2
  78  172
  3
  9  46  176
  2
  36  88
  4
  44  110  112  129
  2
  92  139
  4
  71  136  185  200
  4
  27  76  133  186
  4
  16  66  96  114
  4
  91  117  164  165
  2
  91  96
  4
  4  55  121  168
  4
  25  47  93  184
  4
  2  17  39  181
  3
  149  165  178
  3
  47  118  184
  4
  71  88  170  193
  4
  80  81  105  182
  2
  140  187
  3
  24  142  152
  3
  119  147  191
  2
  56  87
  4
  16  21  102  177
  4
  69  128  144  149
  4
  48  101  171  177
  2
  16  153
  4
  125  138  173  191
  3
  9  59  119
  2
  49  96
  2
  33  86
  3
  14  137  166
  3
  152  179  197
  3
  26  53  73
  2
  164  173
  3
  98  122  135
  4
  102  135  167  189
  3
  13  41  187
  4
  53  61  136  180
  4
  27  37  53  112
  2
  42  136
  3
  55  87  161
  4
  15  89  143  191
  3
  95  117  128
  2
  22  82
  2
  43  106
  2
  8  41
  2
  76  113
  2
  86  99
  2
  104  146
  2
  147  194
  3
  40  119  183
  3
  23  150  198
  3
  5  116  151
  4
  2  61  74  189
  3
  111  152  155
  4
  30  45  109  132
  4
  5  38  142  160
  4
  7  9  88  123
  4
  15  125  179  200
  2
  16  107
  2
  10  47
  4
  18  63  83  193
  4
  91  106  161  196
  2
  60  160
  2
  32  172
  3
  17  64  164
  4
  13  82  142  162
  3
  21  66  179
  4
  69  96  103  109
  4
  7  16  109  159
  4
  144  170  186  198
  2
  104  184
  3
  2  87  185
  4
  9  126  143  147
  4
  58  104  176  197
  3
  11  18  73
  3
  10  38  177
  4
  5  71  122  183
  4
  27  104  116  150
  2
  20  65
  4
  11  66  156  166
  4
  42  55  125  193
  4
  13  49  147  172
  2
  39  132
  2
  71  88
  3
  8  102  197
  2
  90  143
  2
  29  192
  4
  40  41  48  72
  3
  6  33  177
  2
  18  164
  4
  10  29  182  194
  3
  67  69  192
  2
  73  154
  4
  52  116  177  196
  4
  3  65  124  144
  4
  20  148  154  186
  2
  96  177
  3
  25  59  123
  3
  90  97  149
  2
  23  70
  2
  46  146
  4
  72  79  96  190
  2
  117  122
  3
  8  20  116
  3
  22  27  146
  2
  5  141
  2
  51  118
  4
  16  80  98  126
  4
  39  154  166  169
  3
  46  64  107
  2
  39  54
  2
  128  173
  4
  72  180  188  195
  2
  79  152
  4
  34  81  86  89
  3
  42  199  200
  3
  51  53  89
  3
  49  89  108
  4
  86  94  122  130
  3
  103  106  153
  3
  94  171  200
  4
  37  151  158  184
  2
  95  176
  4
  47  128  168  199
  3
  37  71  82
  2
  10  164
  2
  11  188
  2
  23  80
  4
  65  66  72  162
  4
  118  142  166  186
  3
  29  31  141
  4
  7  28  30  157
  2
  140  168
  3
  4  62  90
  3
  11  17  57
  2
  63  117
  4
  48  106  137  176
  2
  5  88
  4
  38  74  147  183
  2
  14  45
  2
  54  86
  2
  56  157
  2
  23  137
  3
  9  111  141
  2
  89  184
  4
  24  32  47  132
  3
  3  77  164
  2
  57  161
  4
  93  99  103  111
  2
  119  158
  3
  68  112  168
  3
  3  20  147
  3
  87  141  160
  3
  18  112  136
  2
  22  73
  2
  172  198
  3
  35  87  151
  4
  1  29  166  188
  4
  16  20  35  178
  3
  81  123  134
  2
  24  32
  4
  19  48  179  189
  3
  38  63  93
  4
  69  96  109  135
  3
  12  20  179
  4
  83  94  112  122
  4
  84  111  123  140
  3
  50  180  184
  2
  23  54
  3
  36  114  172
  2
  128  198
  2
  36  43
  2
  25  49
  3
  20  58  98
  4
  23  97  127  179
  3
  123  152  172
  3
  10  94  163
  4
  17  23  31  144
  3
  53  120  147
  4
  9  26  81  191
  2
  26  50
  3
  77  167  169
  4
  11  32  65  148
  4
  5  9  46  77
  3
  8  165  189
  3
  8  72  157
  3
  36  92  107
  3
  39  123  192
  2
  24  78
  4
  60  105  125  166
  3
  20  48  155
  3
  21  98  126
  3
  21  75  90
  4
  63  99  103  197
  3
  13  33  70
  3
  40  97  108
  4
  31  59  122  138
  3
  39  75  110
  4
  4  19  94  154
  3
  35  50  200
  2
  110  169
  2
  46  119
  2
  43  150
  4
  93  114  151  164
  2
  83  182
  4
  44  56  120  172
  3
  84  161  165
  3
  20  34  106



