1000 200
94 63 52 49 30 3 44 81 50 75 80 41 26 35 8 49 2 15 4 49 98 35 60 49 62 71 92 93 2 83 32 33 34 15 44 29 30 75 16 29 58 15 84 49 66 55 96 17 58 31 24 13 50 19 56 21 70 95 12 29 10 87 44 85 42 3 76 85 66 3 16 41 94 35 4 57 6 83 96 85 42 31 36 33 74 3 92 69 14 51 20 57 82 47 60 25 6 27 56 37 86 23 41 22 79 28 41 38 91 56 17 94 95 84 73 98 87 4 93 34 31 16 13 70 71 32 25 54 87 20 41 58 91 28 9 58 35 68 5 82 79 84 97 86 43 96 29 78 91 28 57 62 79 76 73 2 43 68 21 10 31 36 37 62 95 60 89 98 99 16 93 14 67 84 13 90 47 32 85 74 11 52 33 70 83 12 1 14 71 28 9 42 3 4 1 50 39 16 37 42 
42 37 16 39 50 1 4 3 42 9 28 71 14 1 12 83 70 33 52 11 74 85 32 47 90 13 84 67 14 93 16 99 98 89 60 95 62 37 36 31 10 21 68 43 2 73 76 79 62 57 28 91 78 29 96 43 86 97 84 79 82 5 68 35 58 9 28 91 58 41 20 87 54 25 32 71 70 13 16 31 34 93 4 87 98 73 84 95 94 17 56 91 38 41 28 79 22 41 23 86 37 56 27 6 25 60 47 82 57 20 51 14 69 92 3 74 33 36 31 42 85 96 83 6 57 4 35 94 41 16 3 66 85 76 3 42 85 44 87 10 29 12 95 70 21 56 19 50 13 24 31 58 17 96 55 66 49 84 15 58 29 16 75 30 29 44 15 34 33 32 83 2 93 92 71 62 49 60 35 98 49 4 15 2 49 8 35 26 41 80 75 50 81 44 3 30 49 52 63 94  
  6
  70  116  119  126  150  168
  5
  40  63  65  78  178
  2
  80  190
  2
  32  52
  4
  99  103  142  181
  5
  34  87  103  113  194
  8
  5  7  11  21  41  80  96  148
  4
  59  65  76  88
  4
  36  57  91  107
  8
  32  49  74  118  141  149  171  180
  2
  92  151
  8
  30  45  47  53  62  136  193  195
  8
  4  32  43  71  74  125  165  179
  2
  60  66
  6
  8  21  74  91  141  200
  6
  17  36  41  160  162  167
  4
  119  126  131  141
  5
  111  135  185  190  199
  3
  85  168  181
  5
  4  29  78  89  96
  4
  12  143  155  165
  2
  113  156
  8
  3  15  44  68  101  102  143  161
  8
  24  39  51  54  93  141  185  194
  5
  6  20  64  109  172
  5
  48  72  98  129  177
  2
  14  108
  6
  88  112  125  150  179  191
  4
  84  95  123  182
  6
  42  87  151  166  186  188
  4
  91  138  151  162
  3
  129  186  188
  6
  9  63  152  155  163  191
  3
  2  101  102
  3
  21  74  87
  3
  45  149  195
  4
  8  28  46  100
  6
  40  70  77  156  157  166
  6
  2  43  95  110  158  185
  3
  108  118  125
  2
  57  102
  6
  75  93  101  125  132  197
  2
  22  26
  3
  32  103  175
  8
  42  49  97  123  129  145  186  198
  2
  46  196
  6
  32  53  62  115  141  177
  5
  27  48  79  89  153
  8
  24  59  81  96  139  190  193  198
  3
  6  37  99
  5
  19  116  122  195  196
  4
  21  134  154  160
  8
  17  36  40  94  112  119  136  159
  8
  22  35  86  91  101  146  160  169
  3
  25  64  139
  3
  14  32  128
  5
  2  85  90  119  192
  8
  9  71  132  161  166  185  191  196
  6
  49  60  67  104  135  156
  6
  4  48  64  102  113  192
  4
  34  55  112  175
  8
  14  45  74  116  117  143  151  175
  5
  16  65  68  69  186
  8
  28  90  113  146  169  172  179  185
  2
  96  166
  3
  1  114  155
  3
  62  151  177
  5
  1  3  164  171  179
  5
  2  12  70  161  177
  2
  1  190
  5
  146  148  165  179  190
  3
  37  168  181
  3
  10  136  146
  2
  137  146
  8
  6  34  46  57  69  139  162  173
  5
  41  95  167  172  182
  4
  31  138  160  196
  4
  97  99  120  198
  3
  25  98  190
  5
  32  109  139  155  185
  5
  44  70  118  137  141
  4
  35  54  57  197
  5
  48  75  100  140  150
  5
  51  57  82  110  118
  6
  3  12  66  91  131  194
  7
  28  57  122  150  159  170  180
  5
  16  78  84  127  196
  4
  7  100  154  186
  3
  29  141  143
  3
  1  77  88
  6
  32  35  63  77  114  149
  6
  95  124  154  160  165  180
  4
  28  130  132  147
  3
  65  153  172
  7
  33  108  126  140  148  149  164
  8
  31  98  129  136  157  181  184  195
  8
  1  13  51  71  123  129  152  194
  8
  2  18  40  45  58  66  72  192
  7
  23  59  63  82  94  148  168
  5
  60  110  112  157  190
  4
  3  48  177  200
  5
  18  88  109  118  144
  6
  9  64  81  96  148  199
  7
  58  104  111  129  158  186  190
  6
  125  160  167  184  187  197
  5
  30  73  106  132  176
  6
  20  41  52  69  115  150
  4
  25  68  106  169
  8
  3  34  35  40  46  120  165  183
  6
  39  57  148  169  170  195
  8
  18  51  59  127  148  162  170  194
  2
  88  182
  2
  80  196
  6
  146  158  180  181  189  191
  5
  10  23  37  149  189
  6
  13  52  82  135  186  188
  5
  3  23  48  121  183
  8
  29  48  105  126  133  140  144  145
  4
  5  16  78  184
  8
  12  22  79  80  137  143  176  181
  3
  61  195  200
  5
  10  28  138  151  195
  4
  40  89  139  186
  2
  28  60
  2
  62  111
  2
  55  71
  3
  28  32  92
  3
  121  134  149
  2
  136  173
  8
  15  24  41  59  60  80  100  177
  6
  73  76  110  143  179  181
  3
  44  117  144
  8
  31  46  78  90  102  118  160  193
  8
  29  42  48  52  143  157  163  178
  7
  44  57  111  139  166  170  173
  6
  25  75  93  124  131  189
  5
  11  19  105  157  183
  7
  12  20  34  53  84  89  200
  4
  1  162  167  175
  7
  72  75  88  109  119  132  181
  8
  12  48  55  82  100  152  188  194
  2
  97  177
  7
  8  10  28  44  78  128  145
  6
  55  115  135  181  197  200
  5
  20  36  111  154  187
  8
  15  39  78  113  132  168  169  190
  8
  11  30  56  58  137  150  182  196
  6
  43  75  118  154  164  176
  8
  39  41  71  92  101  161  174  200
  3
  98  140  196
  4
  3  71  79  196
  3
  52  174  198
  4
  31  67  150  175
  7
  1  90  101  120  156  162  170
  4
  2  27  45  126
  8
  19  29  70  71  107  162  175  187
  5
  33  34  41  76  195
  5
  55  75  93  125  129
  7
  7  16  129  164  172  178  194
  6
  5  46  113  136  193  199
  6
  7  40  87  90  160  165
  6
  1  28  59  70  90  110
  4
  28  76  126  159
  8
  8  41  56  75  94  119  138  167
  8
  37  67  74  85  102  122  167  179
  4
  45  178  185  194
  5
  114  127  128  136  158
  3
  95  102  171
  7
  2  11  54  76  78  105  138
  4
  33  61  88  121
  2
  18  190
  2
  59  149
  3
  25  50  92
  5
  36  55  88  94  136
  6
  2  69  99  137  144  198
  6
  3  31  68  98  120  124
  3
  32  107  142
  5
  10  49  129  137  185
  4
  4  58  61  194
  7
  5  8  38  99  113  164  173
  4
  34  36  61  173
  2
  1  24
  3
  12  56  138
  6
  62  79  81  94  170  186
  3
  19  108  116
  4
  3  76  118  181
  2
  91  185
  6
  117  123  124  126  145  189
  5
  25  60  66  92  99
  7
  20  22  29  32  140  154  167
  7
  10  22  63  64  117  144  160
  3
  151  165  195
  2
  119  165
  5
  28  39  57  102  140
  6
  53  96  99  123  167  179
  5
  4  27  54  109  127
  5
  18  34  45  48  143
  7
  20  90  108  136  158  173  195
  2
  127  166
  3
  73  122  184
  8
  1  12  89  113  142  152  168  190
  2
  46  169
  3
  131  165  167
  5
  17  73  86  110  127
  7
  49  73  89  148  157  174  188
  7
  79  111  145  165  179  180  200
  2
  118  184
  7
  37  69  74  132  150  161  163
  6
  23  68  112  123  154  180
  5
  57  76  80  82  160
  3
  104  154  178
  7
  2  4  47  95  129  139  164
  4
  34  43  73  112
  4
  36  40  122  186
  2
  112  115
  6
  13  24  101  154  164  178
  3
  9  71  130
  6
  14  42  51  98  120  199
  7
  38  54  69  131  154  156  193
  6
  37  39  97  137  140  168
  2
  54  93
  3
  110  134  188
  5
  21  43  69  117  124
  8
  38  83  100  120  158  180  186  196
  8
  37  50  75  108  120  159  179  196
  2
  35  43
  7
  33  87  118  128  184  195  197
  5
  28  90  124  137  140
  4
  31  47  132  143
  4
  20  113  144  194
  3
  6  27  188
  4
  53  150  198  199
  6
  39  78  125  162  197  200
  5
  16  28  37  140  163
  5
  69  134  148  158  188
  3
  21  97  167
  6
  17  39  46  61  72  162
  3
  7  10  124
  7
  5  35  57  125  158  170  172
  2
  4  8
  5
  7  115  164  178  181
  6
  2  5  37  63  72  80
  4
  16  108  112  118
  4
  5  60  190  194
  3
  67  117  137
  8
  15  28  29  38  98  118  171  194
  4
  86  98  120  183
  3
  42  183  199
  7
  25  28  61  72  77  154  182
  3
  58  96  176
  5
  116  145  157  169  197
  3
  36  154  194
  6
  33  42  49  125  138  183
  2
  17  21
  6
  5  113  116  120  141  192
  7
  41  92  123  133  150  162  173
  3
  46  97  198
  3
  41  117  132
  7
  2  4  15  21  43  90  125
  8
  2  49  59  78  124  142  169  181
  4
  28  33  76  90
  6
  7  38  45  114  128  167
  7
  88  93  95  105  145  151  195
  3
  34  163  171
  4
  102  134  166  172
  3
  14  113  198
  8
  12  33  37  39  70  86  136  161
  6
  23  40  45  69  87  137
  8
  55  87  99  104  165  173  176  181
  8
  40  47  69  89  141  166  172  187
  7
  57  60  61  105  114  133  156
  3
  102  109  168
  2
  24  131
  6
  21  25  93  114  124  145
  8
  47  76  85  105  129  160  164  166
  5
  51  78  185  193  200
  8
  21  34  109  120  124  152  158  164
  7
  8  39  66  89  110  119  140
  4
  42  47  158  164
  2
  64  172
  6
  6  124  154  165  183  194
  4
  119  151  159  160
  3
  41  65  78
  3
  1  6  7
  6
  8  107  109  119  122  198
  7
  17  22  54  92  95  137  173
  6
  6  12  100  134  138  195
  8
  71  99  107  136  137  152  183  196
  3
  95  159  187
  4
  83  148  164  198
  2
  10  185
  7
  20  27  52  93  115  153  171
  5
  54  55  140  188  191
  5
  32  33  49  99  124
  7
  59  71  77  80  82  142  192
  3
  102  105  164
  4
  42  46  58  116
  2
  84  121
  3
  4  37  130
  6
  67  99  106  113  152  156
  3
  39  79  191
  7
  11  15  47  117  120  152  173
  6
  35  52  81  98  146  178
  7
  48  111  130  143  168  176  183
  7
  4  55  57  81  100  174  175
  4
  11  92  110  122
  6
  50  69  72  76  132  200
  2
  65  92
  3
  34  64  159
  7
  8  40  109  121  142  151  174
  2
  23  152
  7
  17  29  58  67  86  94  101
  4
  5  11  138  176
  7
  57  60  91  102  144  148  178
  2
  70  196
  6
  21  67  68  102  123  138
  5
  39  95  140  148  181
  6
  36  41  96  129  139  167
  6
  7  12  33  41  192  199
  8
  45  59  107  108  176  178  184  195
  8
  2  48  53  91  97  102  147  184
  5
  4  34  106  110  126
  7
  15  23  34  49  96  122  163
  3
  102  109  193
  3
  138  158  196
  8
  34  78  92  95  162  171  180  191
  6
  10  44  124  147  149  172
  8
  13  65  72  122  123  149  195  200
  3
  102  126  174
  3
  61  83  87
  8
  31  32  33  51  59  117  134  189
  7
  19  21  36  95  128  145  163
  7
  26  27  114  132  138  144  163
  3
  1  135  136
  2
  150  167
  4
  7  16  83  108
  8
  50  65  86  91  95  126  136  151
  7
  38  93  108  110  130  141  146
  4
  26  57  89  140
  6
  96  104  113  114  177  184
  3
  166  168  194
  4
  43  68  100  157
  7
  30  53  56  75  101  164  174
  7
  6  59  67  81  119  160  178
  3
  27  53  102
  5
  51  65  77  111  200
  4
  9  63  103  193
  7
  32  41  126  128  137  154  182
  3
  37  90  136
  5
  75  92  115  140  158
  8
  24  35  41  57  69  106  129  180
  8
  2  25  32  51  67  101  175  177
  4
  23  48  108  160
  8
  3  10  90  99  157  180  190  197
  8
  35  41  51  60  70  117  124  142
  5
  42  92  137  157  191
  2
  91  95
  5
  81  82  89  119  168
  4
  125  130  162  163
  4
  48  80  194  195
  6
  11  34  57  91  117  146
  5
  94  151  183  184  188
  3
  44  47  108
  8
  3  15  20  32  88  96  185  198
  6
  41  64  91  95  166  170
  7
  4  11  30  67  84  103  108
  7
  7  27  78  104  111  130  199
  5
  37  108  134  150  186
  3
  24  142  152
  7
  2  15  107  118  135  186  187
  3
  15  23  164
  3
  88  158  183
  6
  32  38  68  73  115  163
  4
  28  80  118  124
  6
  4  20  41  64  169  178
  4
  27  100  114  150
  8
  44  52  56  74  86  92  124  167
  4
  64  144  171  181
  4
  7  15  122  124
  3
  87  112  172
  2
  67  140
  3
  176  181  199
  4
  23  28  33  192
  4
  11  74  80  168
  3
  1  160  186
  7
  14  72  110  112  153  169  200
  5
  46  65  86  141  145
  2
  41  182
  8
  10  88  101  105  111  158  190  194
  7
  39  69  161  163  169  194  196
  7
  21  62  81  135  145  169  179
  6
  73  85  95  120  125  187
  6
  60  81  87  101  115  172
  5
  61  89  96  141  169
  3
  34  101  187
  8
  52  57  63  64  84  126  156  186
  7
  24  64  129  133  155  179  198
  4
  4  15  120  179
  8
  8  55  62  90  167  183  189  194
  8
  3  49  56  96  119  126  157  163
  6
  30  59  85  112  155  174
  3
  48  108  137
  5
  9  24  60  123  184
  4
  107  118  126  168
  7
  17  28  52  90  127  157  170
  6
  6  17  59  91  113  174
  7
  38  41  43  76  151  154  190
  3
  29  114  149
  7
  13  37  64  82  85  100  127
  8
  5  42  87  123  170  172  174  183
  2
  8  24
  5
  38  51  108  141  162
  5
  66  102  119  161  184
  6
  13  31  79  139  163  167
  2
  48  54
  3
  27  36  173
  3
  114  135  142
  4
  21  107  155  178
  8
  15  36  38  52  113  119  120  170
  3
  35  180  183
  7
  2  8  72  77  96  101  105
  3
  69  78  180
  5
  13  28  98  188  196
  6
  22  51  149  169  177  186
  5
  41  59  119  120  178
  3
  37  72  123
  7
  14  30  84  104  138  142  148
  6
  40  100  128  139  164  187
  4
  6  60  73  129
  2
  21  35
  3
  3  47  148
  5
  107  165  179  196  198
  3
  65  181  200
  5
  2  20  22  105  120
  6
  59  84  111  137  146  153
  7
  46  55  101  120  165  176  182
  3
  37  88  188
  3
  31  115  138
  8
  17  24  42  109  140  147  160  190
  8
  20  96  98  136  151  152  183  187
  8
  12  13  27  44  128  168  187  193
  2
  45  131
  4
  29  89  107  161
  6
  55  62  67  74  82  191
  5
  6  15  48  166  196
  7
  2  47  76  87  110  164  177
  2
  18  158
  3
  54  73  78
  5
  23  40  92  163  176
  2
  77  151
  4
  2  56  89  103
  7
  5  14  22  70  133  150  176
  2
  131  160
  5
  35  73  134  148  182
  6
  22  23  35  100  170  185
  2
  152  154
  2
  29  122
  6
  14  83  85  130  154  166
  7
  3  27  29  72  81  106  126
  7
  23  36  74  89  92  103  117
  5
  89  115  138  160  187
  2
  146  161
  5
  2  11  30  57  148
  8
  74  85  95  121  149  171  177  182
  5
  67  94  99  101  174
  3
  110  113  193
  4
  49  111  139  188
  8
  22  29  41  54  55  116  136  200
  8
  1  75  85  103  113  129  133  192
  4
  66  107  130  149
  7
  33  39  50  56  87  139  182
  6
  21  30  50  107  112  117
  2
  70  72
  5
  48  95  118  146  154
  7
  17  20  29  40  85  95  183
  3
  9  71  124
  2
  139  146
  5
  9  15  128  136  151
  4
  34  59  63  89
  7
  34  93  97  119  136  146  158
  4
  33  84  180  200
  2
  2  127
  7
  17  18  94  128  134  176  200
  8
  32  45  96  102  163  173  188  189
  2
  81  173
  4
  74  79  131  135
  2
  76  174
  8
  4  6  57  99  132  139  140  151
  6
  18  56  70  75  85  200
  3
  70  81  199
  7
  65  98  128  135  156  162  168
  3
  11  77  96
  4
  73  86  132  149
  8
  11  32  89  91  115  119  161  193
  4
  23  37  105  193
  2
  104  195
  6
  3  9  78  114  149  161
  4
  13  30  70  149
  3
  114  125  164
  7
  12  81  136  140  149  186  197
  5
  17  101  145  186  194
  4
  71  95  145  185
  4
  15  61  62  176
  7
  14  68  75  76  179  182  186
  7
  8  14  22  60  84  105  174
  2
  3  145
  6
  7  70  133  159  179  196
  3
  105  135  163
  3
  148  153  189
  3
  32  64  148
  7
  23  58  93  94  143  157  185
  3
  13  33  163
  7
  34  37  61  73  116  140  184
  2
  150  182
  7
  5  37  43  143  147  170  195
  6
  37  53  67  72  107  152
  6
  77  125  130  140  178  195
  2
  93  198
  5
  31  64  83  86  112
  3
  17  168  186
  4
  7  70  111  188
  6
  12  14  68  105  129  135
  4
  40  93  174  185
  3
  121  172  198
  3
  27  69  119
  2
  27  90
  7
  1  7  94  120  169  179  183
  2
  39  102
  3
  7  63  154
  3
  31  52  159
  8
  23  28  59  65  129  142  151  170
  2
  12  87
  3
  9  33  119
  4
  97  130  141  149
  5
  48  108  118  123  127
  8
  11  41  55  63  109  129  167  198
  7
  1  22  60  85  115  134  176
  5
  6  17  113  126  180
  6
  9  12  60  77  147  157
  7
  10  66  99  115  137  165  190
  3
  56  64  88
  4
  5  20  56  139
  8
  24  33  53  66  83  88  89  130
  5
  20  35  120  155  198
  2
  15  52
  5
  34  115  122  144  182
  4
  2  18  80  162
  4
  56  58  83  155
  4
  121  133  181  195
  6
  2  42  47  62  144  187
  3
  74  127  154
  3
  8  17  193
  6
  27  54  60  72  114  145
  4
  2  79  134  154
  3
  27  30  40
  2
  50  184
  2
  84  85
  7
  34  50  67  107  116  118  167
  5
  15  43  69  96  119
  3
  34  85  89
  7
  49  128  134  144  147  173  177
  7
  1  39  81  109  143  151  183
  2
  130  171
  2
  61  155
  5
  7  11  78  103  148
  2
  120  177
  2
  10  118
  4
  107  127  129  188
  7
  29  38  58  152  162  167  182
  5
  64  106  126  193  195
  8
  18  24  60  71  96  121  178  190
  4
  23  143  190  193
  7
  56  63  110  128  135  179  184
  5
  122  150  164  167  192
  2
  4  82
  7
  15  19  36  43  70  88  101
  2
  43  135
  6
  35  55  56  69  135  153
  2
  45  51
  2
  78  196
  2
  38  151
  7
  18  42  45  70  134  183  198
  8
  11  14  31  112  135  154  171  199
  5
  8  96  104  117  170
  7
  21  46  60  89  105  114  118
  6
  44  55  104  140  168  198
  3
  85  97  138
  5
  54  76  121  167  170
  4
  50  58  105  126
  8
  22  30  50  58  61  121  158  176
  8
  16  44  46  94  117  121  131  133
  2
  26  143
  2
  94  101
  7
  10  62  80  99  114  131  165
  8
  22  39  43  82  108  120  178  193
  7
  31  78  125  133  140  171  194
  5
  104  109  158  167  173
  2
  39  181
  3
  59  70  156
  8
  29  46  57  147  171  187  198  199
  2
  41  120
  3
  96  105  194
  5
  14  16  97  135  177
  5
  11  15  26  128  199
  6
  7  9  114  135  152  197
  8
  14  26  64  93  97  141  191  192
  8
  17  19  51  57  112  120  139  149
  8
  2  10  52  80  94  96  110  120
  6
  31  32  38  163  166  189
  4
  27  52  66  116
  6
  21  37  56  78  179  190
  2
  12  172
  2
  19  76
  7
  22  43  47  70  106  165  171
  7
  15  35  47  58  74  145  167
  7
  13  47  76  125  181  191  200
  7
  2  12  48  80  88  145  196
  7
  58  74  88  90  107  116  117
  8
  20  78  96  117  123  138  164  170
  7
  51  66  93  141  146  164  172
  3
  122  130  193
  7
  29  30  49  62  104  146  167
  6
  24  26  99  107  141  177
  3
  20  36  74
  7
  44  45  78  163  175  186  188
  3
  51  172  186
  4
  166  172  178  185
  8
  67  76  112  141  142  145  157  190
  8
  25  48  65  142  171  173  178  181
  6
  33  86  165  166  178  185
  5
  7  92  95  172  179
  6
  7  97  108  110  165  178
  5
  7  46  102  186  187
  4
  4  42  103  139
  7
  23  36  45  64  84  117  179
  6
  38  46  79  172  176  192
  5
  36  112  137  176  183
  8
  20  62  93  118  128  156  163  179
  4
  44  99  144  169
  7
  7  8  10  46  71  80  98
  4
  40  42  76  141
  6
  5  80  95  98  127  159
  5
  39  49  83  91  194
  2
  48  109
  2
  4  67
  7
  19  35  51  65  112  169  194
  4
  33  81  142  173
  2
  48  155
  7
  13  31  109  122  145  162  189
  4
  10  65  89  196
  4
  34  76  107  140
  3
  1  31  54
  8
  16  22  83  108  114  128  137  200
  5
  3  25  47  64  138
  2
  28  71
  2
  50  84
  7
  47  105  116  119  136  168  183
  6
  11  28  99  111  113  180
  5
  16  56  74  109  124
  4
  55  99  144  190
  3
  93  187  193
  5
  48  56  75  94  143
  5
  4  29  102  122  156
  4
  29  49  54  172
  4
  10  33  41  138
  8
  32  97  98  100  116  125  152  196
  7
  45  52  53  61  160  181  193
  2
  28  162
  8
  15  19  24  28  55  70  113  118
  6
  56  106  121  127  130  140
  4
  9  23  140  144
  7
  11  41  120  144  164  186  197
  3
  103  144  148
  3
  25  54  194
  5
  66  84  132  168  181
  5
  30  37  68  104  179
  7
  11  52  71  112  123  126  195
  2
  38  90
  6
  127  139  143  149  162  170
  5
  9  55  63  87  158
  2
  35  88
  7
  13  20  36  110  121  154  175
  4
  45  55  69  170
  4
  98  134  187  196
  3
  5  79  95
  4
  4  89  110  118
  7
  23  36  72  88  146  155  191
  5
  35  75  91  153  195
  6
  30  37  51  66  80  89
  6
  11  62  95  122  170  183
  8
  9  15  37  60  137  139  162  178
  4
  12  46  114  177
  5
  32  67  84  89  117
  5
  134  138  189  190  194
  8
  5  27  82  91  95  109  132  185
  6
  34  42  63  119  131  150
  8
  2  70  83  103  107  118  192  195
  4
  68  138  156  200
  2
  111  134
  4
  13  115  129  142
  6
  1  8  34  109  114  170
  5
  77  79  92  138  171
  2
  52  169
  4
  5  25  126  169
  2
  142  193
  8
  33  49  123  124  137  140  167  199
  8
  4  6  21  55  92  99  120  177
  4
  54  166  176  185
  8
  9  68  114  124  128  142  144  194
  6
  38  42  72  156  183  185
  5
  81  91  129  149  169
  3
  6  80  143
  2
  105  133
  5
  70  78  98  112  179
  2
  47  67
  7
  10  18  38  99  103  111  144
  4
  69  74  91  107
  5
  50  74  82  136  173
  8
  3  79  98  172  173  176  182  194
  8
  2  7  30  62  156  161  163  190
  5
  36  56  93  125  154
  5
  77  96  109  144  194
  2
  64  161
  5
  90  107  117  139  172
  4
  33  56  75  199
  6
  37  86  87  101  135  141
  8
  7  13  30  48  52  53  62  110
  7
  52  81  134  135  151  162  188
  3
  90  122  137
  4
  3  39  94  177
  4
  40  139  174  200
  6
  30  90  113  159  187  192
  7
  17  45  90  124  145  179  193
  4
  24  103  150  198
  6
  18  32  56  130  133  177
  7
  29  32  50  55  102  140  181
  2
  75  157
  3
  34  127  183
  3
  41  150  169
  4
  33  39  63  166
  2
  64  122
  3
  61  90  198
  8
  9  15  24  110  141  144  167  173
  5
  1  5  137  151  199
  8
  35  45  47  65  105  131  137  192
  4
  9  29  43  102
  2
  93  195
  7
  15  48  74  87  88  147  166
  6
  3  56  126  146  193  198
  2
  43  174
  5
  27  49  133  134  179
  3
  91  140  185
  2
  33  45
  8
  10  20  29  33  138  143  144  153
  6
  42  50  66  90  100  112
  3
  3  164  175
  7
  13  85  86  99  132  154  168
  5
  12  32  37  113  127
  6
  37  63  78  94  106  150
  4
  23  47  76  163
  2
  145  157
  3
  37  55  90
  6
  4  49  67  68  136  194
  5
  6  66  118  150  156
  8
  6  12  43  144  165  171  172  190
  5
  6  75  153  189  196
  3
  33  45  129
  7
  54  55  57  120  143  164  173
  8
  18  21  25  98  100  117  170  197
  8
  23  36  48  60  61  84  95  178
  2
  136  151
  7
  15  27  29  44  57  83  154
  8
  8  13  51  68  122  147  157  170
  7
  2  37  51  124  150  157  198
  7
  13  38  42  57  66  151  188
  7
  55  76  91  104  129  175  176
  7
  13  66  77  95  125  164  169
  8
  55  86  92  118  128  148  167  197
  5
  8  152  163  169  184
  7
  59  72  108  139  141  166  178
  4
  59  62  119  151
  5
  15  122  128  133  144
  5
  14  19  44  85  100
  8
  38  107  127  134  144  146  151  157
  3
  70  132  135
  7
  23  80  147  150  154  161  183
  8
  28  32  45  49  64  74  134  168
  8
  27  78  128  151  155  163  171  200
  4
  1  14  66  145
  5
  109  119  123  154  195
  2
  67  91
  6
  13  84  116  132  154  175
  2
  157  198
  6
  26  27  64  86  87  194
  3
  49  146  186
  6
  21  22  57  83  128  187
  2
  5  93
  5
  27  75  110  149  171
  3
  24  30  45
  7
  43  57  106  152  168  191  193
  6
  24  83  129  165  177  200
  6
  9  55  113  133  154  188
  6
  5  49  96  97  100  102
  3
  46  93  110
  5
  106  123  134  165  191
  3
  2  22  56
  8
  2  5  59  75  77  98  143  155
  5
  27  56  111  157  174
  5
  51  68  114  184  191
  3
  5  11  70
  7
  6  10  19  26  45  109  130
  8
  7  33  60  153  165  173  181  185
  7
  72  104  120  128  141  174  175
  6
  8  49  90  93  109  172
  5
  11  32  91  125  200
  8
  54  58  134  153  161  179  188  194
  8
  25  54  69  85  96  101  131  192
  5
  18  25  140  176  177
  4
  4  80  98  169
  4
  20  51  110  183
  6
  46  48  62  94  96  139
  8
  2  85  119  129  142  150  160  190
  2
  29  88
  8
  40  55  61  66  135  145  174  188
  5
  14  52  56  90  105
  5
  31  70  83  184  189
  2
  69  104
  3
  88  116  133
  3
  5  75  155
  4
  30  40  41  168
  6
  13  48  58  121  128  154
  6
  91  124  138  162  182  191
  4
  11  76  118  195
  8
  5  14  16  18  22  68  69  163
  4
  70  96  153  176
  2
  187  190
  7
  4  23  45  120  145  185  198
  8
  22  32  96  101  102  114  142  155
  3
  124  125  198
  8
  31  47  77  86  87  146  156  197
  3
  63  190  191
  5
  35  41  46  70  162
  2
  13  81
  6
  45  70  107  140  155  193
  3
  3  82  129
  6
  4  60  105  125  158  199
  5
  21  22  52  133  185
  8
  19  37  58  61  76  108  125  187
  5
  54  55  148  161  179
  3
  7  95  127
  5
  34  120  129  133  157
  8
  31  63  98  107  111  123  159  173
  6
  75  87  126  151  171  175
  3
  6  69  127
  7
  17  20  73  93  94  166  194
  7
  4  40  87  106  125  150  198
  7
  30  39  58  84  119  160  198
  8
  11  29  94  106  140  165  166  171
  4
  42  85  104  126
  2
  36  50
  3
  34  62  139
  2
  22  161
  5
  107  120  144  150  198
  8
  23  37  71  87  101  133  157  183
  8
  2  6  8  79  113  120  132  146
  7
  21  23  28  90  172  179  180
  2
  15  55
  4
  8  36  91  194
  7
  83  85  86  96  129  182  183
  4
  135  157  162  173
  6
  11  51  68  80  93  173
  6
  51  55  78  86  141  155
  2
  64  97
  2
  89  119
  3
  1  92  117
  3
  19  115  183
  6
  20  45  52  109  117  182
  3
  7  16  28
  7
  65  107  124  125  137  138  170
  4
  28  32  120  131
  3
  111  125  142
  5
  3  5  173  180  193
  7
  16  56  123  131  171  176  185
  8
  33  91  106  124  125  183  186  199
  5
  113  121  147  193  198
  3
  135  137  138
  7
  12  31  66  72  98  130  165
  7
  14  55  87  88  96  122  176
  6
  6  31  60  111  194  196
  3
  40  64  138
  3
  53  176  177
  5
  11  63  64  176  197
  2
  10  158
  8
  12  16  43  50  61  113  121  139
  8
  42  84  85  90  107  130  143  147
  7
  6  19  41  65  139  148  162
  2
  98  129
  2
  15  45
  6
  51  83  100  113  131  135
  8
  62  64  74  75  80  114  154  177
  5
  43  57  87  93  135
  3
  87  93  145
  8
  87  93  134  159  168  176  186  199
  4
  42  55  76  98
  2
  105  110
  2
  145  192
  2
  85  128
  8
  46  72  79  91  117  157  170  193
  8
  31  82  108  120  133  139  173  180
  5
  104  124  173  183  189
  4
  49  104  115  143
  2
  67  69
  4
  90  150  151  154
  8
  22  38  65  80  93  95  129  162
  6
  3  50  129  137  142  165
  8
  5  13  65  114  131  138  168  180
  4
  32  60  79  105
  2
  91  140
  6
  19  63  65  75  128  140
  3
  48  61  100
  3
  7  176  199
  5
  18  59  133  134  176
  2
  102  187
  5
  44  119  170  178  183
  3
  14  25  134
  8
  11  26  43  106  119  149  169  195
  5
  9  38  45  106  162
  7
  29  46  57  79  127  180  200
  7
  29  51  55  67  154  181  199
  7
  55  67  72  101  104  139  158
  7
  41  75  124  158  174  185  195
  7
  23  26  36  41  84  126  159
  5
  16  65  103  163  183
  2
  8  156
  2
  86  165
  2
  11  115
  2
  76  113
  5
  96  97  107  169  180
  8
  19  74  79  118  139  152  182  196
  2
  94  152
  5
  6  75  83  158  186
  5
  91  120  129  154  182
  3
  100  112  128
  2
  88  131
  4
  1  47  76  156
  5
  46  79  136  159  178
  4
  2  18  36  124
  5
  25  55  88  89  115
  4
  12  140  160  199
  5
  32  52  54  100  146
  7
  46  47  57  78  132  140  174
  6
  22  52  71  97  129  179
  2
  14  89
  3
  10  124  170
  7
  6  14  36  95  101  148  170
  8
  25  53  90  95  105  135  153  162
  5
  57  92  114  159  165
  5
  10  36  71  157  161
  6
  3  41  44  67  177  186
  2
  77  107
  2
  12  147
  3
  140  149  176
  7
  16  33  67  88  107  134  174
  3
  103  116  185
  3
  18  122  159
  7
  42  45  71  120  137  147  199
  3
  2  163  175
  7
  6  28  93  140  169  185  200
  7
  7  16  37  39  61  130  198
  6
  40  43  54  75  144  198
  5
  4  61  74  128  145
  5
  11  20  84  96  160
  8
  11  78  82  107  152  159  172  178
  6
  31  57  115  123  136  141
  3
  70  109  126
  8
  44  56  67  71  76  119  140  145
  7
  36  43  63  111  133  159  188
  2
  81  119
  4
  65  68  109  132
  8
  70  114  118  142  154  161  174  177
  6
  47  107  124  136  171  198
  5
  34  89  158  159  177
  6
  17  34  36  55  165  183
  7
  45  56  78  86  100  154  177
  4
  121  156  161  173
  6
  3  28  75  115  127  158
  4
  43  45  99  142
  8
  29  52  74  107  130  143  151  163
  4
  16  125  163  177
  2
  55  98
  7
  23  49  79  118  125  166  193
  5
  1  35  80  81  82
  7
  11  17  96  102  112  137  146
  7
  41  43  87  133  166  175  181
  5
  34  87  136  157  182
  3
  20  161  194
  6
  68  105  133  159  170  187
  4
  28  58  168  197
  2
  4  169
  4
  3  8  48  74



