1000 200
26 19 80 45 58 91 96 93 54 31 8 33 22 83 16 9 58 35 48 53 98 63 36 69 62 71 84 37 66 35 52 33 70 15 80 97 18 7 88 5 18 67 65 70 59 52 97 50 43 44 77 46 7 44 25 14 63 8 45 90 55 8 69 78 15 77 74 91 36 93 2 91 92 89 2 83 92 57 98 35 24 57 66 15 68 61 46 67 84 73 70 63 80 1 34 15 64 89 38 19 24 5 58 79 24 45 18 59 12 69 58 7 76 61 74 3 29 54 87 92 57 90 75 20 93 62 11 28 17 42 91 52 49 78 59 16 61 82 7 88 25 74 3 24 45 62 7 36 93 74 23 92 61 98 27 80 69 82 95 24 81 30 79 64 93 98 3 12 97 78 27 29 90 67 64 97 82 35 80 77 90 23 20 93 58 75 68 57 2 63 68 41 66 83 68 65 42 39 40 1 
1 40 39 42 65 68 83 66 41 68 63 2 57 68 75 58 93 20 23 90 77 80 35 82 97 64 67 90 29 27 78 97 12 3 98 93 64 79 30 81 24 95 82 69 80 27 98 61 92 23 74 93 36 7 62 45 24 3 74 25 88 7 82 61 16 59 78 49 52 91 42 17 28 11 62 93 20 75 90 57 92 87 54 29 3 74 61 76 7 58 69 12 59 18 45 24 79 58 5 24 19 38 89 64 15 34 1 80 63 70 73 84 67 46 61 68 15 66 57 24 35 98 57 92 83 2 89 92 91 2 93 36 91 74 77 15 78 69 8 55 90 45 8 63 14 25 44 7 46 77 44 43 50 97 52 59 70 65 67 18 5 88 7 18 97 80 15 70 33 52 35 66 37 84 71 62 69 36 63 98 53 48 35 58 9 16 83 22 33 8 31 54 93 96 91 58 45 80 19 26  
  3
  139  155  198
  3
  9  13  119
  3
  43  87  123
  4
  97  102  114  141
  2
  16  194
  3
  37  49  76
  3
  92  128  197
  2
  50  93
  3
  34  132  146
  3
  96  117  200
  3
  7  110  178
  2
  65  171
  4
  6  82  115  186
  3
  52  89  117
  4
  5  13  46  47
  4
  18  52  91  134
  2
  65  164
  4
  57  68  121  161
  2
  175  176
  2
  25  113
  2
  129  171
  2
  21  76
  2
  71  116
  2
  10  175
  3
  87  116  120
  2
  10  87
  4
  7  28  119  184
  4
  39  46  79  88
  2
  121  122
  2
  109  158
  2
  123  185
  3
  31  80  85
  4
  46  95  131  191
  2
  112  179
  3
  81  133  181
  4
  73  86  118  159
  3
  108  111  191
  2
  33  149
  3
  118  127  182
  4
  6  26  172  180
  4
  30  78  175  178
  2
  53  56
  4
  23  78  166  198
  2
  144  179
  3
  34  45  193
  3
  23  71  181
  3
  43  127  200
  2
  54  102
  4
  22  59  75  120
  2
  76  117
  3
  48  51  95
  3
  113  127  156
  2
  146  158
  2
  2  185
  2
  112  156
  3
  61  66  96
  2
  15  105
  3
  17  158  164
  4
  4  19  95  145
  2
  87  112
  4
  42  102  107  163
  2
  104  161
  3
  110  114  135
  3
  3  91  199
  2
  42  81
  2
  140  187
  4
  15  18  35  39
  4
  13  18  24  81
  4
  100  111  158  173
  2
  111  126
  4
  42  44  79  119
  3
  77  86  123
  4
  18  73  105  128
  2
  10  177
  4
  98  103  124  191
  3
  31  146  168
  2
  45  51
  4
  49  76  80  198
  3
  109  110  136
  4
  79  157  158  187
  3
  99  111  120
  4
  66  97  155  189
  4
  34  53  89  133
  3
  29  83  97
  2
  103  113
  2
  138  144
  2
  9  189
  3
  4  44  63
  3
  33  142  176
  2
  127  186
  3
  6  119  140
  3
  54  92  182
  2
  87  162
  4
  49  106  138  181
  2
  81  153
  3
  52  149  158
  3
  58  84  148
  2
  43  154
  3
  98  137  162
  3
  81  85  171
  3
  47  178  190
  2
  53  66
  3
  15  125  147
  2
  13  27
  2
  181  200
  4
  50  70  148  195
  2
  127  169
  2
  30  33
  3
  23  39  127
  2
  74  148
  4
  42  77  100  108
  4
  27  101  176  195
  3
  28  42  140
  4
  62  71  91  104
  4
  78  116  135  198
  2
  37  152
  2
  3  63
  4
  19  45  73  134
  3
  82  100  107
  2
  25  126
  4
  27  89  91  149
  4
  5  30  78  193
  3
  57  65  141
  4
  1  63  109  132
  3
  38  103  149
  4
  56  83  142  186
  2
  166  189
  2
  36  116
  2
  63  134
  4
  105  110  123  135
  3
  53  113  162
  3
  93  157  188
  2
  45  149
  4
  28  82  116  174
  2
  6  68
  4
  77  145  146  153
  4
  9  104  110  123
  4
  6  162  166  167
  3
  55  69  200
  4
  21  62  101  172
  4
  36  147  154  189
  4
  15  82  184  191
  3
  55  84  185
  4
  37  89  112  175
  4
  49  96  102  154
  4
  20  99  112  180
  4
  3  130  131  154
  4
  17  50  72  124
  3
  20  46  166
  4
  3  15  110  164
  3
  119  136  163
  3
  144  153  184
  2
  162  192
  4
  29  131  178  196
  4
  17  91  162  165
  2
  50  199
  3
  49  105  138
  3
  17  112  164
  2
  41  200
  4
  60  104  146  154
  2
  64  75
  3
  12  162  185
  4
  23  68  102  151
  2
  111  133
  4
  49  81  97  187
  3
  135  161  179
  3
  50  77  127
  2
  137  145
  4
  21  43  90  106
  4
  123  131  133  151
  4
  12  36  156  194
  3
  72  104  182
  3
  125  174  197
  2
  61  85
  3
  18  49  179
  2
  31  136
  4
  16  36  65  69
  2
  10  69
  2
  103  182
  4
  1  84  93  195
  2
  59  143
  4
  30  67  86  196
  2
  46  92
  2
  76  187
  3
  86  115  157
  4
  85  88  117  183
  4
  37  92  108  109
  4
  51  71  154  156
  4
  26  65  136  176
  2
  89  97
  3
  84  163  188
  2
  106  186
  3
  71  75  160
  4
  103  106  127  128
  2
  159  165
  3
  52  147  200
  4
  40  96  150  160
  4
  2  44  126  149
  4
  7  74  81  87
  2
  2  171
  2
  94  122
  2
  50  163
  2
  79  182
  2
  52  187
  3
  48  139  174
  3
  20  74  117
  4
  54  88  120  122
  4
  27  102  116  122
  3
  7  69  94
  3
  19  71  91
  3
  67  69  104
  4
  38  145  148  170
  3
  16  58  103
  4
  33  74  140  175
  3
  22  79  121
  4
  12  24  82  132
  2
  106  161
  4
  16  27  69  144
  4
  26  59  64  179
  3
  34  63  83
  2
  73  152
  3
  32  58  194
  2
  18  20
  2
  124  178
  2
  49  142
  2
  61  107
  3
  67  79  184
  2
  90  147
  2
  48  56
  2
  24  163
  2
  28  83
  4
  17  27  80  106
  2
  42  145
  2
  87  130
  3
  35  131  153
  4
  25  26  138  164
  4
  63  109  177  196
  4
  44  109  154  175
  4
  118  130  147  198
  4
  35  123  178  196
  2
  40  179
  3
  7  56  181
  3
  21  125  183
  2
  12  96
  2
  15  104
  3
  70  86  180
  4
  22  40  73  131
  3
  54  127  176
  2
  89  169
  4
  95  129  174  190
  4
  13  143  188  193
  3
  36  109  114
  2
  19  196
  2
  61  152
  3
  74  104  109
  3
  6  64  194
  3
  108  143  172
  4
  95  121  145  183
  2
  157  183
  4
  38  64  67  117
  4
  6  52  119  187
  2
  43  85
  2
  3  155
  2
  53  152
  3
  91  197  198
  4
  22  96  149  165
  4
  90  103  113  191
  3
  30  67  175
  4
  2  14  166  173
  2
  7  198
  2
  51  59
  4
  3  55  172  180
  2
  14  102
  3
  104  116  186
  2
  8  166
  3
  44  110  181
  4
  46  54  133  141
  3
  5  27  78
  4
  6  30  41  75
  3
  25  28  134
  3
  39  89  136
  3
  10  79  194
  4
  30  61  94  171
  4
  51  68  116  182
  4
  4  19  31  154
  3
  12  48  75
  3
  101  137  139
  2
  67  174
  4
  4  22  113  135
  3
  2  176  197
  2
  55  191
  4
  44  53  111  195
  2
  155  186
  4
  37  135  193  196
  4
  3  5  76  182
  3
  31  153  168
  2
  49  192
  2
  42  137
  2
  12  128
  3
  50  111  175
  3
  66  69  193
  2
  29  115
  2
  15  93
  3
  67  79  192
  2
  28  160
  4
  84  108  123  185
  3
  9  128  140
  2
  19  70
  3
  16  24  79
  3
  10  94  103
  3
  49  147  196
  3
  76  129  164
  4
  13  42  104  121
  2
  50  97
  2
  66  172
  2
  3  197
  3
  1  27  188
  2
  135  194
  2
  9  59
  3
  29  33  175
  3
  29  82  147
  3
  65  106  184
  2
  38  89
  2
  79  83
  3
  127  132  144
  3
  40  107  113
  4
  107  128  132  163
  4
  41  75  80  105
  3
  38  62  63
  3
  47  139  144
  3
  97  109  194
  4
  10  78  146  187
  3
  78  88  147
  2
  61  109
  3
  13  15  36
  3
  40  114  132
  3
  4  118  187
  4
  15  50  102  185
  2
  150  172
  2
  30  120
  3
  64  80  158
  2
  192  197
  2
  63  120
  2
  33  172
  2
  54  72
  2
  134  183
  4
  87  122  150  156
  4
  14  32  89  137
  3
  52  129  177
  2
  160  179
  4
  45  61  174  185
  4
  50  113  179  185
  4
  68  69  82  160
  3
  58  155  187
  4
  89  92  109  140
  3
  129  167  171
  3
  5  161  185
  3
  55  92  126
  4
  40  45  80  176
  3
  63  114  157
  2
  76  151
  3
  76  173  194
  3
  67  84  199
  2
  170  195
  3
  27  139  181
  3
  73  107  141
  4
  120  122  143  200
  2
  25  117
  4
  12  70  98  179
  3
  35  98  133
  2
  96  176
  4
  6  40  155  168
  3
  107  127  163
  2
  6  65
  4
  20  22  129  166
  2
  50  68
  4
  24  86  115  164
  4
  46  60  147  153
  4
  42  58  74  195
  4
  160  167  191  197
  2
  32  63
  3
  84  136  162
  4
  25  46  96  186
  2
  56  192
  3
  46  90  126
  3
  23  97  99
  2
  81  154
  3
  81  142  200
  3
  4  70  98
  2
  151  154
  3
  26  64  115
  4
  37  156  157  189
  3
  70  77  105
  3
  47  90  142
  2
  61  89
  2
  92  105
  2
  5  16
  2
  117  136
  4
  22  100  125  163
  2
  74  158
  4
  39  113  135  194
  4
  25  72  90  124
  4
  2  50  118  130
  2
  85  173
  3
  4  32  105
  3
  28  39  129
  4
  5  14  108  116
  2
  31  185
  2
  156  162
  4
  6  34  151  174
  3
  139  141  147
  3
  27  156  175
  4
  25  171  179  183
  3
  94  131  194
  2
  58  150
  3
  54  149  194
  4
  8  49  63  74
  2
  16  31
  3
  91  122  189
  3
  79  155  173
  4
  28  126  129  199
  4
  36  80  87  176
  2
  2  167
  3
  42  120  190
  4
  44  59  91  95
  3
  7  72  106
  4
  43  59  111  190
  3
  65  85  166
  3
  124  131  182
  4
  68  128  164  171
  4
  56  104  167  182
  3
  53  158  193
  2
  60  156
  3
  53  69  190
  4
  46  122  162  185
  4
  34  64  66  90
  4
  37  62  121  176
  2
  46  112
  2
  81  178
  4
  62  79  126  191
  4
  47  69  108  148
  4
  41  79  117  184
  4
  16  81  173  174
  2
  98  99
  3
  45  74  81
  4
  58  81  104  169
  2
  138  177
  3
  34  122  184
  4
  14  15  16  22
  2
  4  124
  2
  17  28
  3
  48  82  158
  4
  69  147  165  197
  4
  51  121  131  161
  4
  117  150  169  176
  3
  22  66  200
  3
  7  121  144
  2
  110  123
  3
  6  123  193
  2
  51  172
  4
  34  38  156  173
  4
  118  144  165  170
  2
  70  142
  2
  70  149
  2
  45  114
  3
  39  101  184
  4
  60  170  188  190
  2
  189  197
  3
  102  149  188
  4
  50  61  147  199
  4
  42  71  185  188
  4
  1  79  146  186
  4
  89  137  160  173
  3
  18  38  176
  3
  170  183  196
  2
  19  32
  4
  97  113  128  186
  4
  18  37  192  193
  4
  7  132  142  200
  2
  6  143
  4
  38  100  133  147
  3
  165  167  195
  3
  85  86  96
  3
  149  173  175
  3
  7  43  132
  4
  65  114  149  172
  4
  81  87  157  176
  4
  52  117  121  184
  4
  21  130  164  175
  2
  68  74
  4
  59  119  196  199
  3
  5  172  187
  2
  45  195
  2
  52  118
  2
  66  99
  3
  5  7  84
  2
  79  94
  3
  70  155  171
  3
  15  121  191
  3
  60  73  136
  2
  29  56
  2
  38  133
  4
  4  54  164  194
  4
  35  65  113  196
  3
  40  41  112
  2
  66  155
  3
  17  117  119
  3
  15  112  189
  4
  94  95  190  194
  3
  30  40  57
  2
  56  195
  3
  13  19  127
  4
  8  39  98  160
  4
  21  129  130  188
  3
  101  148  178
  3
  53  74  113
  4
  35  115  118  125
  4
  33  51  92  140
  3
  13  22  189
  2
  23  41
  3
  29  73  145
  3
  1  88  135
  3
  49  68  73
  4
  7  38  138  186
  3
  42  51  114
  2
  113  181
  3
  57  106  168
  2
  82  134
  3
  12  47  138
  3
  106  143  194
  3
  47  61  197
  3
  16  17  199
  4
  137  148  161  184
  2
  170  186
  2
  108  116
  4
  17  47  56  97
  4
  112  128  173  180
  3
  28  29  177
  2
  101  166
  3
  1  83  113
  4
  26  76  149  189
  2
  57  144
  3
  13  21  87
  3
  12  68  140
  3
  77  141  190
  2
  36  91
  4
  50  86  98  116
  2
  65  118
  2
  107  167
  4
  7  80  98  127
  2
  68  200
  3
  86  123  126
  3
  27  47  91
  3
  107  140  198
  3
  59  113  121
  4
  31  74  102  142
  2
  101  180
  4
  107  108  155  190
  2
  117  153
  3
  49  132  186
  4
  75  89  144  165
  4
  54  101  193  197
  4
  30  36  105  115
  2
  22  184
  4
  36  58  80  195
  4
  17  55  142  188
  3
  113  118  170
  3
  36  61  100
  4
  13  16  73  196
  2
  113  197
  3
  19  96  178
  4
  25  64  77  91
  3
  32  177  197
  4
  23  106  109  120
  2
  109  194
  2
  115  149
  4
  27  73  135  192
  3
  38  124  178
  2
  33  169
  2
  101  148
  2
  17  131
  3
  56  139  197
  4
  60  90  118  184
  2
  130  182
  2
  46  87
  2
  88  124
  4
  29  141  177  192
  2
  72  179
  4
  23  69  141  158
  2
  155  186
  4
  4  11  84  110
  4
  14  20  40  192
  4
  2  138  177  183
  3
  13  121  131
  2
  22  165
  4
  95  98  132  176
  4
  26  87  122  175
  4
  3  6  60  117
  2
  56  81
  4
  37  47  83  183
  3
  13  128  150
  3
  28  107  125
  3
  99  147  187
  4
  60  76  124  192
  2
  12  46
  4
  35  55  71  180
  3
  120  165  187
  3
  52  110  175
  4
  35  99  171  186
  2
  6  174
  3
  53  70  178
  4
  22  29  83  185
  3
  63  99  122
  4
  27  43  127  188
  2
  70  86
  2
  118  119
  4
  81  96  152  153
  3
  72  77  84
  2
  58  147
  2
  94  195
  3
  59  69  74
  4
  3  78  83  130
  3
  33  45  135
  3
  93  98  151
  4
  7  58  95  126
  3
  161  172  176
  2
  88  130
  3
  3  13  73
  3
  124  152  183
  3
  99  163  170
  3
  183  187  193
  4
  2  19  149  192
  4
  2  44  156  158
  3
  57  134  198
  4
  17  40  155  157
  2
  79  161
  2
  45  160
  4
  35  41  51  165
  4
  52  96  139  156
  2
  89  196
  3
  165  170  195
  4
  11  14  48  200
  4
  2  29  111  176
  2
  32  121
  4
  51  114  149  185
  3
  22  77  192
  3
  1  70  113
  2
  78  153
  2
  74  112
  3
  46  156  187
  4
  12  57  68  143
  4
  8  39  85  160
  2
  138  140
  3
  99  178  195
  3
  144  160  166
  3
  135  173  185
  3
  58  134  138
  4
  79  124  134  159
  3
  50  132  164
  3
  37  87  126
  3
  77  129  173
  2
  114  163
  3
  32  144  193
  2
  72  109
  3
  37  126  140
  2
  32  194
  4
  19  20  78  125
  3
  88  106  189
  3
  9  28  37
  3
  15  78  184
  2
  21  126
  4
  98  126  185  197
  4
  25  99  197  198
  2
  24  99
  4
  10  36  59  121
  2
  188  193
  3
  137  142  152
  3
  9  114  187
  2
  39  140
  4
  5  20  110  119
  3
  69  121  150
  4
  44  57  107  160
  4
  99  103  152  167
  2
  46  67
  3
  44  99  126
  2
  72  111
  4
  78  86  138  171
  2
  91  131
  4
  36  64  101  147
  4
  19  21  111  137
  4
  60  65  78  120
  4
  102  116  144  200
  2
  63  77
  4
  86  102  115  193
  3
  11  33  69
  3
  139  170  196
  2
  148  183
  3
  22  93  118
  4
  23  33  54  130
  2
  94  102
  2
  58  180
  3
  11  43  75
  2
  9  51
  4
  14  15  116  144
  4
  2  28  31  139
  2
  107  164
  3
  59  78  103
  2
  20  185
  3
  85  164  183
  2
  40  131
  2
  53  159
  4
  56  75  83  162
  2
  73  76
  3
  28  165  192
  2
  100  110
  4
  3  66  139  174
  3
  93  115  125
  3
  37  56  61
  2
  11  128
  4
  38  83  88  119
  2
  92  97
  2
  183  198
  4
  29  96  135  183
  3
  6  21  138
  2
  39  126
  2
  76  181
  4
  2  85  87  134
  4
  91  159  166  171
  4
  63  79  115  169
  3
  73  94  130
  3
  128  141  144
  3
  114  131  179
  2
  38  177
  4
  45  48  113  195
  3
  9  94  194
  2
  147  170
  2
  39  109
  3
  5  42  73
  3
  21  49  57
  3
  56  80  180
  4
  22  77  134  145
  4
  9  46  85  147
  3
  23  58  145
  3
  114  168  172
  4
  3  39  152  182
  3
  43  72  189
  2
  98  190
  4
  6  74  100  158
  2
  62  71
  4
  55  100  134  165
  4
  9  107  188  192
  2
  102  127
  2
  61  144
  3
  1  73  140
  3
  49  94  123
  4
  2  35  97  177
  4
  56  70  80  142
  2
  73  126
  2
  56  129
  2
  16  110
  2
  67  181
  2
  132  138
  2
  59  95
  4
  44  126  157  164
  4
  113  128  132  159
  2
  59  152
  4
  56  94  153  175
  4
  43  105  144  183
  3
  7  35  170
  2
  43  110
  2
  14  127
  2
  103  123
  2
  40  116
  2
  61  129
  2
  17  104
  2
  97  127
  3
  18  34  164
  3
  56  114  119
  4
  74  85  156  181
  4
  163  172  189  191
  2
  117  178
  4
  19  41  44  103
  3
  41  75  82
  3
  22  125  191
  2
  77  200
  3
  19  31  65
  2
  151  189
  3
  107  156  193
  3
  104  149  170
  4
  104  118  139  158
  4
  7  25  53  138
  3
  56  124  148
  2
  71  165
  4
  43  67  80  170
  4
  8  96  114  127
  4
  39  61  106  175
  3
  66  79  105
  2
  122  171
  2
  42  156
  3
  3  74  122
  2
  6  78
  4
  115  125  180  188
  2
  30  118
  2
  115  124
  2
  49  87
  4
  2  64  65  67
  3
  57  74  101
  2
  62  193
  4
  13  78  177  187
  2
  75  86
  4
  89  94  117  159
  3
  4  34  192
  2
  149  194
  3
  4  61  159
  4
  17  41  87  125
  3
  18  32  90
  4
  31  143  158  198
  2
  35  132
  2
  20  132
  4
  6  66  76  182
  4
  84  134  140  200
  3
  137  176  196
  2
  37  49
  3
  34  80  95
  3
  8  37  94
  4
  10  35  140  184
  2
  1  166
  3
  24  37  161
  3
  18  131  173
  2
  139  142
  3
  117  169  180
  2
  89  169
  2
  83  196
  2
  5  165
  4
  44  67  88  126
  3
  62  85  162
  4
  42  117  176  197
  3
  13  90  100
  3
  4  67  145
  4
  56  78  93  112
  2
  73  190
  2
  99  146
  4
  21  92  140  185
  2
  159  181
  4
  44  92  185  189
  2
  4  58
  3
  21  76  135
  2
  19  21
  2
  5  119
  4
  39  53  68  198
  2
  36  40
  4
  5  7  9  194
  2
  19  76
  3
  46  50  183
  2
  5  170
  4
  97  140  143  183
  4
  5  17  88  108
  2
  33  189
  2
  40  62
  2
  43  134
  4
  16  67  69  129
  2
  20  70
  2
  48  183
  2
  124  174
  3
  12  66  185
  4
  76  100  105  169
  2
  72  177
  4
  58  97  160  197
  2
  110  180
  2
  160  179
  3
  83  86  117
  2
  21  139
  2
  123  130
  2
  49  58
  4
  88  102  143  195
  3
  15  76  159
  3
  99  129  197
  2
  15  146
  2
  46  139
  2
  16  135
  4
  15  44  95  161
  3
  43  63  163
  4
  78  121  141  143
  2
  96  192
  2
  33  129
  2
  24  125
  2
  26  143
  2
  61  160
  4
  122  132  135  170
  3
  73  113  187
  3
  128  131  149
  3
  7  80  174
  3
  99  134  159
  3
  111  127  139
  3
  13  83  92
  2
  124  163
  3
  11  97  114
  2
  40  76
  3
  19  98  165
  4
  36  54  170  188
  4
  52  53  89  159
  2
  148  177
  3
  19  95  199
  3
  42  82  138
  3
  15  19  174
  3
  8  42  144
  4
  32  131  153  179
  4
  19  75  148  152
  3
  104  139  153
  4
  32  115  123  179
  2
  96  174
  4
  80  105  109  126
  2
  77  186
  2
  17  182
  2
  63  113
  2
  146  184
  4
  35  120  155  197
  4
  113  114  126  163
  2
  46  121
  3
  75  107  111
  3
  37  152  190
  4
  76  98  129  186
  4
  26  81  139  175
  2
  140  162
  4
  35  67  126  160
  4
  27  51  151  191
  2
  106  123
  3
  63  82  168
  2
  8  68
  4
  99  163  194  195
  4
  61  75  138  171
  2
  96  118
  4
  45  55  145  165
  3
  56  90  152
  3
  60  119  186
  2
  11  54
  3
  44  131  200
  4
  52  103  174  182
  4
  48  65  140  177
  2
  4  144
  4
  89  99  107  125
  3
  14  64  135
  4
  6  84  124  195
  4
  2  38  53  135
  4
  11  12  14  148
  2
  88  121
  2
  163  179
  2
  66  77
  4
  30  114  132  197
  2
  73  182
  2
  62  128
  2
  11  84
  2
  5  47
  3
  74  150  165
  4
  33  92  130  138
  4
  112  147  149  181
  3
  24  27  145
  4
  63  72  147  197
  4
  49  113  147  181
  2
  24  137
  4
  26  28  136  193
  4
  39  59  75  173
  4
  30  55  69  94
  2
  21  145
  2
  137  142
  4
  24  26  74  161
  3
  68  97  187
  2
  113  161
  3
  17  53  59
  4
  8  36  40  173
  2
  114  154
  3
  49  52  149
  2
  33  188
  2
  29  181
  2
  92  112
  2
  48  96
  2
  5  139
  4
  118  122  186  196
  2
  2  16
  3
  79  97  198
  3
  43  62  64
  2
  8  40
  3
  127  136  195
  2
  48  115
  3
  34  69  181
  2
  68  160
  2
  14  80
  3
  68  122  153
  2
  42  160
  2
  74  146
  4
  14  38  66  185
  2
  122  156
  4
  39  55  112  149
  4
  100  161  167  194
  3
  43  70  114
  3
  9  82  161
  3
  21  94  199
  2
  11  195
  4
  45  72  117  169
  3
  61  80  160



