-596.9060086575262	-73.31757589283667	-314.71377160313057
-595.2736075382259	-73.5674769488684	-312.8291759401104
-589.8580540270135	-76.57366183091546	-278.64094547273635
-589.4952379128534	-254.81261971615206	-192.71649887243342
-588.9818471839494	297.6513936580559	-326.48916450561717
-586.6514919663348	-74.40971690895219	-303.00382555470503
-583.5688196929808	113.79584086724226	-364.749006815219
-581.8672232540586	-357.82078536017957	46.886860759312
-580.9842736371975	-359	47.54635607770793
-579.3420268173069	111.03110258673684	-360.63411665883405
-579	-359.9373685505991	-166.227150599362
-576.7340296073771	106.55568300900114	-335.94998965802563
-575.9717573135728	-363.0211367804653	-169.51012838332414
-575.8049637775944	-364	-168.37092634708915
-575.7042553667724	2.384832165379919	-345.7865536453388
-575.5774278627024	-20.819840605448732	-330.986381999173
-575.1305722326979	2.214076689364987	-346.19429725661786
-575	-172.36389628865118	-256.91104478444606
-575	-64.50591176627208	-408.69409729364986
-574.8331141752799	-182.83478452871367	-239.83926798903028
-573.8729716439927	-174.18488772332404	-257.2368464186199
-572.5918121268827	-367.2417970098735	-83.26515949786483
-572	-542	-143
-571.6875	-542.625	-142.375
-571.0417153475385	-70.15729530662264	-416.3939739286411
-570	-349.72499399926505	-316.401749958244
-569	-351.44102707544346	-322.61063319575726
-566.9488930710993	-353.08202690339203	-328.06671119682153
-566.4847520779595	-353.2859080920989	-328.66884494124406
-566.4847520779592	-353.285908092099	-328.66884494124395
-564.9599405634117	-547.4590243232187	37.98914426233871
-563.4435098549143	-71.22301228762204	-406.32806512707396
-562.1428571428571	-107.3809523809524	-426.57142857142856
-562.1428571428571	-107.38095238095215	-426.57142857142867
-561.6122448979592	-107.82766439909298	-423.5328798185941
-561.1660516605166	-110	-423.9049815498155
-561.1515151515151	-107.43290043290042	-424.03030303030306
-560.6950354609929	-110.53191489361703	-422.468085106383
-560	-356.56429488575185	-293.3048417119934
-559.9894008657474	-216.23096408778508	-340.1010178334574
-559.0011868181966	117.67418712508132	-468.6038693412579
-557.3935212245505	-358.8800054651234	-297.35879535023463
-557.2757540478651	-359	-297.3562762783686
-557.1748716174716	-438.84160063666855	-308.00619271626783
-556	-439	-311
-554.5200155486999	-163.96965563673075	-380.83653893185743
-551	-173	-448
-549.4508969755052	-303.06768782140585	-421
-549	-305.37206069934393	-432.2748966525015
-548.6491385708124	191.08211941887527	-479.1455453969685
-548.6173190163827	-306.1998603592501	-431.99031386133026
-547.6193203080082	-293.18184891959606	-434.65215937186497
-547.0014136870507	-301.52858395550084	-437
-546.5628287064458	-534.7981479107734	-168.72239921053557
-545.0071942446043	-397.84412470023983	-403.9673860911271
-544.8462607178667	189.53446576827673	-470.08199649245597
-536.1123229734535	0.5234393517420983	-514.099368185589
-534.0120606651321	-525.6770639737907	-283.48796183708066
-531	18	-540
-528.1813143575027	-95.27875044610224	-474.6643155871849
-528	-91	-477
-524.8883644732223	-564.3941568826306	-72.36349806919687
-517.5452621387922	-565.473476205659	-127.44086101188844
-516.1376099386869	-549.5808781316738	-136.58347302914092
-515.8168329267039	-121.71371348545003	-490.88801009632243
-515.2364900757448	-568.4084777013297	-38.775480996557945
-515.1487823628124	-474.2407598483225	-391.99101485601375
-515.1487823628122	-474.2407598483225	-391.99101485601386
-515.1487823628122	-474.24075984832245	-391.9910148560139
-515.1487823628121	-474.2407598483227	-391.9910148560135
-515.1487823628121	-474.24075984832257	-391.99101485601386
-515	-187	-477
-513.2083563701436	-476.4108884568599	-384.1826402934271
-513.0063712313839	-477	-390.5124518706865
-512.2951029494718	-477.18529549484475	-382.9507392278398
-512.1689938940249	-477.14785441387403	-384.6733501346597
-512.0996292874388	-477.8825538555219	-383.46481407239423
-511.76903612099204	-477.41174818765035	-383.6266652961334
-511.5454545454545	-473.9090909090909	-392.0909090909091
-510.87128437303954	-478.26261069939983	-382.4713480778652
-510	-544.8616448871574	-276.9841131491696
-507.6203403873312	-549.7185527447195	-281.7540627658753
-507.5780630036333	-339.2987120033683	-425.6218113610196
-507.47999527518994	-556.9369722447693	-265.0409483541912
-507.4742488053089	-478.4386762242859	-362.9479193611641
-507.43755744311636	-478.47749103458	-362.94587368780014
-507.43755744311636	-478.37078389331054	-363.05257227561395
-507.4097179177551	-478.50694172354315	-362.9443215356835
-507.409717917755	-478.5069417235433	-362.94432153568323
-507.40971791775496	-478.5069417235436	-362.9443215356831
-507.40971791775496	-478.5069417235434	-362.94432153568323
-507.140878735052	-239.0666355071682	-463.41184146435387
-506.7849822261207	-555.681547481649	-266.985319237339
-506.3473718599415	-480	-361.7810248269858
-505.9605279168471	-548.6873220908083	-283
-504.5135199431377	-481	-360.88319973443674
-504.05901640442175	-429.0251391596174	-423.47188339395336
-502.98265179677816	-433.6530359355638	-428.1298017348203
-502.9826517967779	-433.65303593556416	-428.1298017348206
-502.4938137269015	-552	-272.3559806983311
-502	-557	-261
-501.90481561814136	-337.1828256681965	-431.47246562934896
-501.8555654104139	-557.6996154898542	-260.98135964214123
-498.40074933405754	-549.8309031781998	-274.46353535136933
-497.3768187460857	-33.836589648385086	-501.53972723002596
-493.14874103718546	-176.60263465065879	-521.1705852926464
-491.04300573942294	-508.46721035853705	-344.97291220248906
-490.47835060290356	-198.1314074201339	-623.7136087982923
-487.89666840682065	-197.84497120081213	-624.458813668905
-487.26980300180037	-503.2205397457336	-346.4307068149725
-485.75913121177524	-505.1553196454858	-345.85330126076803
-485.3703703703704	-270.6087962962963	-488.53240740740745
-485.27973488878393	-271.72449909560294	-485.57063488502405
-485.10592411237644	-502.577219047876	-346.52234840776964
-483.87355704837535	-501.6981460053873	-347.67833373573546
-483.3498710956519	-503.3162933488027	-347.4339585259236
-483	-687	-307
-474.02152948925743	-333.4791995085741	-486.85317169564155
-472.5725806451613	-232.62096774193552	-512.0241935483871
-472.2761904761908	-232.18095238095233	-512.1047619047612
-471	-480	-380.05796093686416
-470.5389263784744	-480	-385.31776586150517
-470.51468549289893	-236.27134234599154	-488.93261069454115
-470.4609390725578	-478.4580407363356	-387.0251011204599
-470.3590163045219	-236.7444639044192	-488.6167943838012
-468.6890662167186	-481	-383.68735153612437
-464.31306068930655	-559.7436935138032	-308.6207372258811
-464.31252490383145	-559.7531395066871	-308.6118901508361
-460.9162811071262	-367.01007473923397	-432.9799874065759
-459.0826518691589	-334.6980140186916	-453.45346573208724
-459	-367	-450
-452	-261.14571074423293	-515.8716351100124
-450.9521714836938	-266.58257359999453	-519.1115568953348
-446.80967215972	-247.4364112870717	-523.0906637973719
-446.24122864936703	-246.9499978523117	-523.5637842836493
-445.96311370610294	-249.9808110296625	-531.1337314609615
-443	-304.15512770697376	-527.0980073221326
-442	-405.80703000047896	-440.85553205852244
-441.04284230607203	-305.7191697483529	-528.9737336120254
-440.2350970753286	-302.5698811544585	-529.3711598798807
-439.6588369205298	-308	-527.2697640728476
-439.02827890439823	-410.3877074005794	-445.6356333947854
-439	-343	-492
-437.80563388009006	-407.10608683023645	-499.6555400466343
-437.0735529112691	-498.2612165713406	-351.3201610489754
-437.0735529112691	-489.7915925271317	-392.2559639105987
-435.8970634755651	-491.47919848880616	-391.9449661517882
-435.2894866033586	-531.3465219124145	-310.4167773198556
-434.63752194483664	-500.3615662811959	-350.3023734587188
-434.47395291926364	-299.3419495991623	-529.3998081408836
-434.15041543070254	-298.89971589300626	-529.665146601691
-434.13205952348324	-299.09924579218807	-529.7737707540152
-429	-460	-421
-425.9634676325472	-466.97805299141874	-417.2274632214161
-423.9758718889737	-499.45585777276807	-500.41791077575783
-423.97587188897364	-499.45585777276926	-500.4179107757595
-420.3013304014509	-499.87411535009926	-485.36571164518523
-418	-181	-642
-415.8471232365263	-521.5261602665582	-351.1204658137556
-412.601441006457	-523.0489224120091	-348.0225845040054
-410	-222.44780198699	-535.5216312280731
-407	-341	-549
-405.362310768313	-579.021212782709	-349.78165201364345
-404.241591165918	-569.3762900201805	-360.6812953396077
-404.08321608801873	-563.1385738842201	-363.0525722756139
-403.334763502993	-346.17584166637835	-518.7244616679931
-402.892	-566.7573333333333	-361.4386666666667
-400.42486394703553	-439.47870085205517	-524.1515237905644
-400.27779995165866	-442.85813754725314	-521.1552991279741
-400.2777999516586	-442.858137547253	-521.1552991279744
-398.2641196028146	-510.9394666749349	-428.66487528181074
-397.8417316951235	-434.17601728031656	-527
-390	-499.5815617638664	-523.9013450070195
-389.19615851508723	-500.3615662811959	-524.1515237905649
-389.19615851508706	-500.36156628119596	-524.1515237905644
-388.9070632217537	-501	-523.7186668696696
-387.51718638132485	-503.99999999999994	-518.6488133054861
-384.7691421579921	-512.7584070006951	-391.82664681724646
-384.74534449303485	-513.6884647687451	-392.91835848127664
-383.5549948770009	-514.0365647736269	-390.00420243446933
-382.9378859799526	-504	-514.2539506208926
-381.2202947216823	-493.1928401083518	-527
-380.8071947219049	-537.9034314990232	-439.94596586930084
-380.8071947219048	-537.9034314990233	-439.9459658693008
-377.6888226733542	-541.4916779891305	-436.796588281731
-377.2007011529071	-542.6097993316199	-433.6682405259093
-369.4518095238095	-369.70247619047615	-701.9733333333334
-362.5069998010986	-378.6152251411435	-527.2005385639316
-360.5647846579285	-517.7961065135659	-531.8417966157712
-360.5647846579283	-517.7961065135656	-531.841796615772
-356.1834862385321	-374.2110091743119	-546.3669724770642
-353.5416481069044	-375.66022271714917	-541.8857015590202
-345.57989999393146	-546.5795714703239	-390.2449808650237
-342.95812361322663	-546.3052011968695	-392
-341.9722470675243	-547	-392
-341.62695342203585	-550.0000000000001	-389.7543847523232
-340.19892263759084	-434.6292402215299	-543.7886379370025
-319.5557851239669	-373.6900826446281	-569.2913223140496
-318.4710743801653	-374	-570.0661157024794
-318.00557624755083	-493.75588427388755	-538.9579601419216
-318.0055762475508	-493.7558842738876	-538.9579601419217
-317.7685866747271	-493.9860548849001	-538.9579601419216
-317.7685866747271	-493.4440457118942	-539.5032608282861
-314.95300476792045	-536.0362599261746	-543.7492360523077
-313.82846496381353	-560.2714453848413	-392.84046566899315
-301.0562936693715	-586.3036368663946	-416.5427094358901
-301.05629366937137	-586.3036368663948	-416.54270943588983
-295.77141327893867	-393.2323506604068	-584.664324547577
-295.7714132789386	-393.2323506604068	-584.6643245475772
-291.82256468506796	184.83025250209135	-729.86967872671
-291.2749673490522	185.27006310629486	-731.284809363106
-291.02700592947275	181.19442660427603	-734.1671098110032
-286.90706705832145	-690.6639513371482	-393.5934077706956
-284.1751081671523	-498.73062739763	-599.6436456662104
-275.38967207110204	-545.2775688425775	-519.0645367212232
-275.23015258454296	-540.4811602733605	-519.2547459911359
-274.9380095108703	-541.4916779891303	-536.9251585144929
-274.9380095108696	-541.4916779891305	-536.9251585144928
-274.93800951086956	-545.562971303728	-520.4414873166121
-274.9380095108694	-541.4916779891308	-536.9251585144928
-274.75583789804875	-547	-518.3169946640328
-274.6291571994325	-547	-525.4900722071995
-274.4892476394175	-542.6097993316199	-536.0620404951242
-273.72150537634406	-547	-530.7064516129033
-272	-585	-538
-269	-749	-454
-209	-73	-726
-123	187	-767
-106	-411	-616
-93	-653	-480
-57.22821576763526	-511.1120331950211	-556.7012448132789
-53.999999999999986	-511.35451947276374	-555.9119353325086
-53.235008103727424	-511.491085899514	-555.6337115072938
-32.841025274112184	-529.4211379803584	-570.5988713632453
-32.84102527411204	-529.4211379803587	-570.5988713632454
-3.7693542514087994	-514.9839661517208	-586.3466394042941
-3.3473079616588137	-514.6053446730717	-587
53.17610096242771	-556.5731446266393	-564.2644193384417
53.570644512894404	-559.0462729572045	-571.207616788514
53.57064451289476	-559.0462729572041	-571.2076167885143
83	-723	-490
