-749.682828474512	334.26907749602674	-159.00664183884052
-749.4415917843389	257.7047496790757	104.56225930680358
-749.3879690180103	257.77828580617495	104.4625
-748.8888888888889	258	104.33333333333334
-748.385	257.7143308912795	104.36970562023254
-748	-47	-522
-747.7289411764706	-47.11858823529411	-521.8080000000001
-747.682431547229	-47.13893619808732	-521.7750556792872
-747.4309852507374	-47.46933333333334	-522.0207669616519
-747.4294638209266	-47.47058823529409	-522.0208224882873
-747.3978556083331	-47.49665924276172	-522.0219760726886
-747.3797077587981	-47.51162790697674	-522.0226384029636
-747.3084745762712	-47.67199720426356	-521.5455157551402
-747.3039647577093	-47.651982378854626	-521.5770925110132
-747.2912281768732	-47.67118644067796	-521.5529833017208
-747.2804100969429	-47.651982378854626	-521.5881688493764
-747.2792413066384	-47.651982378854626	-521.8426965544433
-747.2452998913832	-47.663856691253955	-521.8848100420315
-747.24399494311	-47.54108723135272	-521.8988621997472
-747.2300384679713	-47.67118644067796	-521.8985035193799
-747.2095434875832	-47.651982378854626	-522.0288487778255
-747.2084642016341	-47.7128514056225	-521.7964104694641
-747.1951471973293	-47.663856691253955	-522.0293741898785
-747.1862606869656	-47.67118644067796	-522.0296985150743
-747.1636363636364	-47.69090909090909	-521.9878787878788
-747.1425085407516	-47.689604685212316	-522
-747.1241379310345	-47.71724137931034	-521.9310344827586
-747.1236947791165	-47.7128514056225	-522.0000000000001
-747.1236263736264	-47.71978021978023	-521.9890109890109
-747.1202791461412	-47.72331691297208	-522
-747.1121076233184	-47.699551569506724	-522.0358744394618
-747.0836909871244	-47.712446351931334	-522.0042918454936
-746	-105.91555812608443	-50.79757085020242
-745.6004503482461	-105.46870286591982	-50.98379408960916
-744.9389935338769	-107.19946584200169	-51.131290413269596
-744.5646088477881	-107.25913521619596	-50
-737.0307417356687	-54.52499149290523	-72.85994140479112
-726	-60	-53
-713.5979796998564	-72.81234058854731	-546.291664986076
-713.5700610283905	-72.95584133487729	-546.5609626589219
-713.0207848849615	-212.2503393851481	-344.2943353933219
-713.0207848849614	-73.95008666598392	-547.888499055725
-712.8194243803889	-74.13509686394823	-547.9282045487158
-712.2975614050534	-74.65842956640351	-547.9859196901845
-712.2975614050533	-212.91705289310724	-345.0157869827502
-712.177256114488	-74.67803110607802	-548.0910362388817
-712.1772561144879	-212.96184251133656	-345.173317384869
-711.7618644597234	-213.40711014048878	-345.30168055959473
-711.7618644597234	-74.74571155440296	-548.4539840103495
-711	-214.0726644228145	-345.59293576431753
-710.9001781522365	-214.1361043716197	-345.6525011969384
-710.9001781522364	-214.1361043716197	-345.65250119693843
-688.507074236346	-373.3017272721671	-108.72590723383803
-684.9674412591752	-373.30172727216717	-105.19874659959865
-682	-306	-264
-682	-204	-371
-677.1147540983607	-394.6311475409836	104.38524590163937
-673	-394	-83
-664.8260869565215	-450.80193236714956	229.34782608695662
-664	-451	229
-660.1766023511185	-367.20940990923094	-151.14802320186413
-660.1766023511178	-367.2094099092286	-151.14802320186416
-657.7477025270068	-367.48420741808854	-149.49335573714757
-657.2539682539682	-367.6698412698413	-147.03968253968253
-656.7135787806809	-330.26543942992873	-426.1173792557403
-655.9006184666102	-367.75809135386845	-149.2048368110814
-653	-347.7	-296.4
-649.7182553435791	-552.295544437889	16.393852006868144
-646.181910914655	-116.62590955457327	-510.7579394763686
-645.6946643943367	-116.58978106974305	-511.88767042475087
-644.2616521532327	-165.29443323049398	-546.9547220043831
-644	-496	-169
-626	-439	-327
-624.2583333333333	-475.625	-185.05833333333334
-624	-476	-185
-618	-411	-372
-607.3010247052218	439.1672164514317	-576.2161005053341
-597.7672695951766	-665.6802756244617	10.20757967269597
-596.481289381124	-666.3333003558864	7.579824282485362
-596.0407074670297	-666.9538788112698	11.46443470016726
-596.0081049787727	-666.9538788112698	7.707641837128534
-596.0081049787726	-666.9538788112698	7.707641837128506
-596	-356	-473
-595.4893692012034	-309.43318486838984	-688.3571428571429
-595.4831780418818	-309.6654771628512	-688.2354385408855
-595.4830394559975	-309.7517988455759	-688.1889776231518
-595.4830394559974	-309.751798845576	-688.1889776231518
-595.2389469073736	-309.68749441054524	-688.1889776231519
-595.1423396226414	-310.0037735849057	-685.8061886792452
-594.3282686414709	-667.0616700715016	8.716419816138938
-594.3282686414709	-666.9538788112699	8.190763278626974
-594.252739530213	-310.410027203452	-686.7269913822183
-594.1061733782225	-309.75179884557605	-687.0006122392133
-593.9302839831735	-667.0241281023038	7.707641837128534
-593.7889030658218	-667.371173729903	7.715098914143056
-593.721853351959	-310.4009304499174	-687.5155101480333
-593.7018458203679	-310.40583709736876	-687.5086768118862
-593.6847600850137	-310.410027203452	-687.5028413807404
-593.6574943094445	-310.4009304499173	-687.5807221673059
-593.6372095753752	-310.40583709736876	-687.5741697075147
-593.6198871187568	-310.410027203452	-687.5685741349976
-593.5985363303712	-309.8038682697334	-688.046105593309
-593.2997909270415	-310.4874548472128	-687.4651753219609
-592.8700173310225	-310.6708389498684	-686.8786186533154
-592.8039452994309	-310.6708389498684	-686.9476721662402
-592	-355	-491
-591.8136645962733	-310.63354037267084	-687.0745341614908
-588.442409202404	-467.0341590042939	-504.87919363954654
-588.395320010425	-467.14520930995553	-504.62766445606553
-588.3743200300399	-466.09901476818027	-507.59817061535466
-588.3431282166716	-465.9827746480912	-507.8694866363
-588.3431282166706	-465.98277464808996	-507.86948663630034
-588.3431282166705	-467.8607736596847	-503.7765014500737
-588.3431282166705	-467.86014593328326	-503.7773057668484
-588.3431282166705	-467.85831129893654	-503.7816828258449
-588.3431282166705	-466.28903818275654	-504.91139774553477
-588.3431282166705	-466.2010148018245	-506.0255622645521
-588.3431282166705	-465.9827746480903	-507.8694866363004
-588.3431282166704	-467.85831129893586	-503.78168282584545
-588.3431282166704	-467.2134544275765	-504.5928525391711
-588.3431282166704	-467.1452093099555	-505.39806796454354
-588.3431282166704	-466.2010148018247	-506.02556226455204
-588.3431282166704	-465.9909058022172	-507.8324616466807
-588.3431282166704	-465.98277464808996	-507.8694866363005
-588.3431282166703	-466.4355499214531	-506.99984967414116
-588.3123620088637	-465.63749784412636	-508.1897514583494
-588.2718339901924	-466.2010148018247	-507.6336895448653
-588.2667296299828	-465.26743888236877	-508.54173820863537
-588.2239816813747	-466.28903818275637	-507.5486775660928
-588.1596988770767	-464.5866086573094	-509.2052442654283
-588.0064590282858	-466.68916682497104	-507.16223788065673
-588.000987040997	-467.50401105917615	-504.1328288453245
-587.8180651398465	-467.9280903634924	-503.9380368285832
-587.7579761667403	-467.1452093099555	-506.71054844884856
-587.6215096732398	-467.34642317504495	-506.47443589082945
-587.5146310247133	-467.50401105917615	-506.2895158386328
-587.474290027046	-467.5634920926078	-506.2197183674151
-587.3365355720971	-467.7700783547043	-505.9707811190656
-587.2585622410254	-467.85831129893654	-505.87679999369163
-587.2541785777142	-467.86077365968464	-505.87584525978735
-587.1343367694234	-467.9280903634924	-505.8497444784552
-587.0629980274992	-468.37409573428636	-503.24238843452076
-587.0222689449107	-468.13069628214953	-505.4900176895219
-586.9513929930197	-468.3740957342863	-503.7030914055308
-586.7195549835648	-468.37409573428624	-505.17816520988595
-585.2573428614917	-467.3464231750449	-506.65355123939315
-584.855035131724	-608.4919153420692	-193.46153846153845
-584.74831946458	-608.7554145554241	-193.33808016877634
-584.4999358734934	-610.2528959637607	-191.88479811596017
-584.4560875702946	-609.4769850269607	-193
-584.3804604853765	-609.663721219664	-192.91250777846918
-584.3646907951519	-610.3105570630104	-191.8968559883707
-584.1989002199439	-610.3618537909489	-191.03624641690243
-584.1799177178154	-467.5634920926078	-506.4498191209419
-584.133694512726	-610.8145634614708	-190.2901610838789
-584.1013575670606	-610.6481674315437	-191.39244424857407
-584.0296962888043	-610.8145634614708	-191.0790005595594
-583.9591722813877	-471.10271224157657	-499.1301845777534
-583.5852676361594	-609.8131534078663	-193
-581.5699310344828	-605.4794482758621	-193.82758620689654
-581.4615384615385	-606.8461538461538	-194.48717948717947
-580.492088607595	-608.7705696202531	-193.33808016877637
-579.1805602090426	-469.38017402100337	-508.05854920374554
-577.5894812553295	-468.5226700565502	-508.9145925604709
-572.1491845656564	-587.9527595310972	-541.6214534680716
-571.720167629284	-587.9433115628825	-542.0382640376376
-571.6457352515715	-587.1497198916388	-542.2911285868336
-571.4044007374363	-584.0580335394352	-542.9785551214572
-571.3223600150332	-591.0940999624203	-540.6638105975192
-571.322360015033	-591.0940999624208	-540.6638105975201
-571.3223600150326	-591.0940999624213	-540.6638105975202
-571.3223600150296	-591.0940999624197	-540.6638105975205
-571.3039754769948	-591.0965551330839	-540.6794340048784
-571.2476183180385	-584.4323092116858	-543.2030194913002
-571.1296317301438	-584.393979763561	-543.3324463590845
-571.1110156047877	-582.8209517422623	-543.4141702637563
-571.0727224539633	-591.0112433184124	-540.9836820973001
-571.0663677986444	-591.0003160998547	-541
-571.0663677986444	-588.0322626200601	-541.3601128451311
-571.0024671885349	-590.8904350917417	-541.1640881976934
-570.9960725425708	-590.879439106823	-541.1805087910075
-570.9403406862821	-590.7836047706173	-541.3236207243181
-570.9290155191011	-590.7641304528482	-541.3527022349349
-570.9288936397512	-590.7639208738506	-541.353015204761
-570.7178402713288	-583.1031917470829	-543.8294302903056
-570.7142153753854	-590.0978451469284	-541.9502017261673
-570.6903302207677	-589.949587227404	-542.0281127482103
-570.6274182858425	-589.5590855649882	-542.2333252840795
-570.5430250118335	-591.5408536631179	-540.5219726966047
-569.8432554059524	-582.3232730342784	-543.9568559847489
-569.4606056550729	-586.2819354636537	-543.6882467134307
-569.412333052442	-584.5021297717853	-544.1259739809994
-569.3282827339267	-591.0940999624202	-541.1640881976934
-569.2546856979185	-583.0436710852669	-544.3831042175029
-569.2079919407311	-585.6460200787424	-543.9568559847489
-569.1068280886487	-591.0003160998547	-541.2940159619759
-569.105793458797	-585.588522545829	-543.9961977020421
-569.0928315480463	-585.5846517464254	-544
-568.3783977635691	-583.3299632873791	-544.3831042175028
-568.2693250166805	-586.562360657197	-543.9568559847489
-568.2277462785469	-583.7325855103506	-544.3831042175028
-567.7906382598546	-587.1243904296816	-543.9332412045768
-567.7868416623357	-585.1946455993335	-544.3831042175027
-567.7868416623354	-585.1946455993334	-544.3831042175028
-567.786841662335	-585.1946455993333	-544.3831042175029
-567.5740892764434	-585.3993323981246	-544.3831042175027
-566.9222593359411	-585.9785918725718	-544.3942400869073
-566.2881634069829	-588.5015464825026	-543.6771487704164
-566.2836487176417	-591.0940999624202	-541.6328925930023
-565.0855298305061	-591.8213739754341	-276.1177095702252
-564.9414340387511	-591.0940999624202	-542.2333252840795
-564.7810501894354	-589.872966805187	-543.3733798359791
-564.2416808755528	-587.4042906360694	-543.9568559847489
-564.1412180282018	-587.3153107971112	-544.2681356339955
-563.9344248037269	-586.562360657197	-544.44331834039
-562.4450127629204	-588.271677522107	-543.9568559847489
-541.5452388484657	-654.3630180322683	-2.9259727934198043
-540.8398062842194	-653.7646669949942	-3.560872799404933
-533.0255594908938	-328	-544.4941729772822
-531	-39	-726
-528.0711994868506	-674.9608723540731	25.332905708787692
-527.1913043478261	-674.3491143317231	24.539130434782592
-526.8135515031094	-674.6390041493776	24.441062692095066
-526.4876847290641	-675.14039408867	24
-523.6817755129409	-449.47961646774843	-570.901591345939
-522.5963000159777	-451.3840088494011	-572.6038963232409
-522.5963000159777	-442.6000376617744	-575.5728127639178
-521.4601448534811	-442.89982145567194	-575.1908175456563
-521.2672838865768	-445.14291129229554	-575.1908175456563
-521.1831188622126	-444.77224481923736	-575.5728127639178
-520.9467485919104	-454.2780337941633	-575.1908175456567
-520.7542079528906	-444.8120975198703	-576
-520.261810987498	-454.17871084458864	-575.5728127639178
-519.6643779282388	-447.1856081190242	-576
-519.6040268456376	-452.9798657718121	-576
-517.9293277730945	-456	-573.8114353662877
-516.7331680295437	-456	-573.9300671180281
-516.6054920109722	-456.2495718526816	-573.0005448216773
-484	-607	-325
-445.9133333333333	-620.9933333333333	-211.42000000000002
-445.6111111111111	-621.7962962962963	-213.05555555555554
-443.65794094173987	171.14014365522746	-728.5063048683162
-443.5	170.8	-729.3
-442.86687306501545	170.656346749226	-728.9318885448916
-438.8987341772152	-651.0379746835442	-210.13924050632912
-423.7920765753789	-666.2850305769741	-6.565009306035634
-422.5526497126427	-604.8247850682405	-329.21903196828066
-422.4984449173352	-682.9572761499428	-87.34424619413954
-422.49844491733506	-683.4984425155614	-86.01160195562022
-422.49844491733506	-683.2180905740108	-86.06721499047038
-422.49844491733506	-682.9572761499428	-87.34424619413977
-422.40699523052467	-683.8195548489666	-86.03020667726548
-422.4061590317144	-683.8199785506358	-86.0297992952352
-422	-683.2410964666293	-86.32001308655822
-412.2372923382098	-689.6579458065753	-4.700002852964644
-410.4935732647815	-691.930393513941	-4.4919912991892375
-408.5028172162803	-310.749171862407	-686.2946967063407
-406.9166666666667	-617.4791666666667	-230.20833333333331
-404.2936689549961	-617.8173150266972	-229.80854309687263
-404.06541019955654	-618.7069475240206	-230.140059127864
-402.421568627451	-503.1294117647059	-553.6509803921568
-401.97937853107345	-503.0909604519774	-554
-398.01314805905764	-593.398983309854	-411.99660193745535
-398	-595.1557606488406	-405.2157492187405
-398	-593.75	-411.92857142857144
-397.82455289814146	-593.8565214546999	-411.99660193745535
-397.699508588948	-594.1752487946166	-406.7050047079124
-397.60752688172045	-593.7204301075269	-412.1774193548387
-397.4211475953289	-593.8672417658008	-411.92857142857144
-397.4211475953288	-594.1752487946166	-411.99660193745535
-397.33232799503605	-595.7947405166394	-405.5768244511251
-397.2620144341048	-504.81560773051365	-551.600457515121
-397.1919029934538	-595.7101894935612	-406.2417267868475
-396.31882708866647	-595.7947405166394	-408.35466604607865
-396.0401159828667	-595.7947405166394	-409.96456358616047
-396.0153353754512	-595.7101894935612	-410.2964863539611
-391.4453781512605	-99.02521008403363	-693.6386554621848
-391.34930816283554	-493.6352595396504	-568.1892245183395
-389.2240035561256	-489.7991114544165	-571
-387.543562719057	-490	-571.0029118294806
-381.1021852605503	-473.50042761508746	-657.0917455542776
-372.2577519379845	-429.6022286821705	-658.468507751938
-353.4995449021675	-603.4828359010098	-329.75005788782084
-352.32912314104215	-601.1922052018917	-340.5755720115666
-351.76114368258936	-601.7925169840348	-340.08966691325077
-351.5648355398017	-602	-339.9217257562215
-350.8910835723844	-602.4208025950943	-339.7409894634554
-350.72681350202413	-601.0572224329985	-341.28395456256857
-350.2537152674055	-603.489369324681	-333.4998581349814
-350.02075789406314	-602.8948774318425	-339.581797331988
-349.9513200553332	-603.5378424840653	-330.4139690603595
-349.7796210422373	-602.5982360959006	-340.28954857507995
-349.7796210422373	-601.7925169840348	-341.28395456256857
-349.71772151974585	-603.0781959613153	-339.48163096769105
-348.5809709476616	-603.489369324681	-339.660013678884
-348.42943921706774	-603.5378424840653	-339.69649335236403
-348.3603656675133	-604.6585561703898	-333.28783748687516
-347.58606128616265	-604.9180789485487	-330.1743385588721
-347.4007845791782	-604.9180789485487	-330.60020988643447
-347.27108630564976	-605	-331.9027061195066
-346.7356206522645	-604.9180789485487	-332.97248355194347
-346.7356206522645	-604.6585561703898	-338.3827466961871
-346.5432755183501	-605	-332.8741120713629
-345.44486634075736	-604.9180789485487	-334.5499512616169
-344.8698827589299	-604.6585561703898	-340.5217678582243
-344.0420565814557	-604.9180789485487	-340.7117301137954
-342.1099851326601	-596.6345947381171	-348.0725413244586
-341.3663448630798	-596	-349.92441887197043
-339.2265937174933	-604.1162758812069	-341.9996633872926
-338.7512015366168	-605	-340.84777968956814
-334.4222754103011	-610.6427394580853	-424.4737329105956
-329	-665	-192
-327.7012987012987	-665.0519480519481	-191.94805194805195
-327	-587	-659
-308.10064223002087	-345.6277056277056	-708.9718978685047
-308.0044995430706	-345.39253921153033	-709.002116664594
-308	-700	-2
-307.79525222551945	-345.3925392115304	-710.9156422212802
-307.7952522255193	-346.0068062614223	-708.1071378569766
-307.6313223548592	-345.4685655612425	-711
-307.57683294730424	-345.585607280125	-710.9350884289518
-307.3097850608029	-345.821659793852	-710.9588641171674
-307.1996324977031	-701.414490090563	-1.362383514896976
-306.76370610645927	-346.30112559435383	-711.0102917417971
-306.64860774368157	-346.4017043616861	-711.0215480173254
-306.63527925602835	-346.4133514679194	-711.0228515035416
-306.6194507853532	-346.4271831856853	-711.0243994806181
-306.40801085920964	-346.61195008091397	-711.0450776728085
-304.6043598681481	-346.6277056277056	-709.323805877219
-304.4069852812114	-346.6277056277056	-710.1075041652025
-304	-616	-285
-303.4160953526159	61.464649715695735	-755.3072302326636
-303.2288980332738	-347.1579468776286	-708.7109225502923
-303.0395834602034	63.29590158942818	-757.2841483466293
-302.8284046692607	63.966536964980534	-758
-302.66716862658024	-347.81059123083264	-709.3856360156576
-302.65694955237734	-346.6141225965496	-710.9156422212802
-302.60605085291286	61.46464971569569	-758.9988198691127
-302.6060508529128	61.46464971569576	-758.9988198691128
-302.5161629195278	60.729311105443855	-755.0085683712421
-302.42534257443833	-347.76473079927905	-710.9156422212802
-302.354959321039	61.635154658596385	-759.3756294599889
-302.0826328602269	61.303660833218515	-758.1028891644848
-302.03579738679076	-348.2871397887954	-710.8082155002685
-299.6283599991475	61.464649715695735	-760.4715909238647
-299.26219960409844	-743.1563035353432	-422.63755721464963
-298.0558662143517	-744	-422.37613722177286
-298	-746.3346182395863	-425.27245940189516
-297.7611206826107	-746.657158829195	-425.26521398124333
-297.74337022851853	-746.6812110811218	-425.26458798409675
-295.40430743117247	-751.3536980156907	161.22843010660006
-268.2334384858044	-755	-233.44558359621453
-268.20183486238534	-755.5779816513761	-233.76146788990826
-268.20183486238506	-755.5779816513763	-233.7614678899081
-268.17722036746386	-755.596774193548	-233.7617126180106
-268.1772203674633	-755.5967741935484	-233.76171261801056
-268.0526315789474	-755.8421052631579	-232.94736842105266
-267.85588542981856	-755.8421052631579	-233.76490747087047
-267.4619602467444	-756.1428571428572	-233.7688240477822
-266.823448275862	-756.6303448275861	-233.77517241379314
-266.8186482871745	-756.633746077432	-233.77424662981144
-266.7523932987637	-756.6806940566412	-233.76146788990832
-266.7523932987634	-756.6806940566414	-233.7614678899083
-266.65941882143136	-756.7465753424658	-233.74353570560098
-266.03539365786605	-756.9451912594208	-233.30684931506852
-266.0326086956522	-756.945652173913	-233.304347826087
-264.2837837837838	-43.48310810810813	-752.2128378378378
-263.8343249831607	-43.94260191808061	-753.0377361516503
-263.8343249831606	-43.9426019180807	-753.0377361516503
-262.0938527284945	-42.32026301743977	-753.2729321778185
-261.6392450027514	-44.42422996143054	-751.272818522629
-260.79948767428584	-44.42422996143054	-752.9264538812978
-260.3083900226757	-45.543650793650784	-753.5527210884354
-259.41895328660576	-196.71196492924176	-712.1454005934718
-191.46625423358074	-770.0591837925067	-139.3841554275055
-191.324662667937	-770.0591837925067	-141.3581771430794
-191.32466266793693	-770.0591837925068	-141.35817714307933
-189.4298876822486	-770.0851963556877	-141.35817714307933
-188.81443712536264	-770.5828215005522	-137.9883744218757
-181	-592	-448
