-745	95	-577
-744.0665950590762	-369.0966702470462	74.03114930182596
-744.0610328638497	-369.1478873239437	73.84507042253517
-744.0610328638496	-369.14788732394356	73.84507042253512
-743.9197748655913	-369.0352402553764	73.80355342741939
-743.9062514166553	-369.0576635386917	73.8241534067729
-743.8259368335534	-369.0071087640906	73.8026810195999
-743.7951040923334	-368.9913851054368	73.77407878543431
-743.790236470822	-369.0066768232099	73.78889845664702
-743.7570422535211	-369.0150388311175	73.78830459391861
-735.5385768811341	-278.26894765539805	-44.95856052344604
-728	-358	-146
-712	-185	-383
-711.9475866153391	86.059520284276	-641.8397986378443
-711.6869406021156	-520.386493083808	264.54332790886895
-711.3786356425171	-520.9740877842412	264.23585404547856
-711.3511904761905	-521.3452380952381	264.0654761904762
-711.0335378323108	-521.1124744376278	264.0212678936605
-711	88	-642
-708.6569318563279	-553.5394427660292	260.54380664652547
-699.0380150337423	-508.8550200286786	-26.618094055869648
-698.9394135886811	-509.5000250442994	-26.387043329830902
-698.8090270826447	-509.9117735960957	-27.64114842217569
-698.4077202601046	-167.51915721025117	-446.6261953334183
-698	-406	-135
-697.1011790902078	-167.97788664880994	-446.03498762685354
-696.2586039910514	-507.14425743510947	-27.99433043988978
-691	-215	-427
-690.4237339841367	-384.0761974869795	-312.97045962985555
-690.1661417322836	-384.20883639545036	-313.62427821522294
-690.1661417322834	-384.2088363954506	-313.6242782152231
-690.1280000000003	-385.94799999999987	-316.4000000000002
-690.1280000000002	-385.9479999999999	-316.4000000000001
-690.128	-385.948	-316.4
-690.0960451977401	-386.4689265536723	-315.909604519774
-688	-268	-320
-681.3129729919448	-419.4387391205821	-242.0139657652029
-681	-52	-663
-677.5886515070127	-413.7722453659075	-243.3076010900633
-664.3950584046203	-147.15762733944158	-616.1031612314907
-658	-256	-386
-657.4318181818181	-223.01136363636363	-552.5909090909091
-653.9064176534948	-296.0412168263246	-537.8050429159213
-640.1957697400312	-452.7699877500624	-228.5799709148984
-632.1149592549476	-522.3611757857975	-72.55413271245635
-632	-522.6	-71.6
-631.7342470715485	-40.244117106481745	-713.3230097656256
-631.2878428716559	-523.3956992888589	-72.3460887233322
-631.1567164179105	-523.1791044776119	-72.61194029850745
-630.1035935563816	-523.4349442379182	-71.92887236679061
-629.8383305697973	-41.20463388423707	-708.8296976921629
-629	-530	-20
-618.1142857142858	-124.37142857142858	-653.6571428571428
-618.0510204081633	-124.23469387755102	-654.1020408163265
-595.8094726852385	-341.9001856879446	-538.697360067775
-584.0530948081943	-230.93625201423197	-577.6146800232113
-571.7640306421649	-411.59133889685666	-382.38274203874937
-561	-236	-580
-551	-559	632
-547	-435	-235
-542.9128213316304	-439.00958007344735	-255.25371227846085
-533.4080315509075	-361.0907216524097	-383.00977543741124
-533.4080315509074	-361.09072165241025	-383.00977543741203
-533.1712203700306	-361.3358531374181	-382.9987274118374
-532.731492574355	-361.0907216524098	-383.6852518983558
-531	110	-729
-530.9133044466549	-479.82430032675114	-495.61688450063974
-530.9133044466544	-479.8243003267512	-495.61688450063934
-529.3235024313723	-479.94093039936774	-488.97264547529346
-528.9774220686074	-481.66779074796034	-488.7589375384444
-528.8871730018689	-480.0383634187874	-489.9710398816262
-528.8509996111957	-480.31523803850166	-489.6714567126048
-528.8014736941502	-480.17970117754	-489.85568817384524
-528.7195541703064	-481.677432218939	-488.9450190915012
-528.703185088513	-480.49014873290656	-490.0006379662267
-528.4162977442812	-481.00832328265716	-489.4286878720079
-528.3430211937435	-481.6728126001989	-489.01571321096617
-528.19246123208	-481.6247791344175	-489.07652970778224
-528.0052580002234	-479.84058429864996	-493.6723779160575
-527.981240918984	-480.2827300312111	-490.17499273969435
-501.63941746976855	-490.90579154134184	-134.25618439629244
-498.1716903099815	-498.0308801104746	-157.26587870668595
-497.99729813542854	-504.9652052459329	-158.1168100501455
-497.6075755282563	-507.3203573483072	-161.36433651969796
-497.60757552825623	-507.32035734830725	-161.36433651969796
-496	-500	-320
-495.48498494810394	-257.4062471006707	-564.139321775429
-495.48498494810383	-257.40624710067107	-564.139321775429
-495.48498494810383	-257.40624710067095	-564.1393217754292
-491.1991701244813	-505.09958506224064	-162.1784232365145
-490.1063829787234	-553.3617021276596	-80.51063829787232
-487.6148452278134	-260	-553.5670892005064
-484.9337185424263	-259.7575610580979	-557.5159686069111
-481.94977177752537	-260.0000000000001	-553.5911346288065
-481.65863578067666	-260	-553.6395318180726
-470.98431061806656	-651.0253565768621	536.9557844690967
-470.6519542674821	-651.3323584153152	537.5700611539485
-470.49649792595613	-651.5287888943938	538.6965290123277
-470.4171801246712	-651.6851961950059	539.0956743415127
-469.7827314646789	-488.9056386941701	-363.2869871152019
-468.6235515189477	-492.7576730347635	-363.72236141559665
-468.5871475383339	-488.308711937076	-364.4103853770721
-467.96106051107904	-488.68288725715684	-365.08716840580115
-454.5286072362685	-432.1789995640802	-507.32465126416736
-451.95685874152537	-154.44044618942343	-582.3858571260909
-451.95685874152514	-154.4404461894233	-582.385857126091
-451.7590403077297	-153.99999787374895	-583
-450.55676940112687	-267.3819620459054	-548.9031851552413
-448	-558	80
-447.97547312273184	-524.8443992498234	-132.32882943225277
-447.8603383300848	-524.6258678805625	-134.24808076697892
-447.8603383300846	-524.6258678805626	-134.2480807669788
-440.9027002175424	-299.69162797999513	-545.1918971046671
-440.9027002175423	-299.691627979995	-545.1918971046672
-439.28820674137387	-297.1816664365165	-559.5088050560267
-439.2882067413738	-297.18166643651654	-559.5088050560267
-438.4621783479296	-297.2918364671083	-560
-436	-294.8138966554284	-560.3302058422103
-434.25365406804417	-293.56721735499514	-560.4290029892024
-433.5080409731114	-562.4195646606914	-263.5244558258643
-432.1484858122196	-514.5079449214929	-279.2565579466883
-432.1484858122195	-514.5079449214932	-279.2565579466883
-431.6515040352166	-512.6463683052095	-279.509904622157
-430.3556500177117	-446.78519305703156	-524.2963159759122
-428.72678533217226	-515.1522732029105	-278.69162854023244
-426.1012712803988	-314.18085516958786	-594.4394354952859
-422.66920960655784	-514.9461210224163	-279
-414	-534	-411
-385	-128	-670
-377	-650	373
-371.3575145072924	-571.3794312500949	104.69104491068472
-367.5637520316467	-574.3758268054079	111.57529673033034
-365.436840097029	-571.3875738920165	106.71338050404772
-364	-529	-566
-356.94208383298354	-575.9370137364339	-396.2650893325896
-356.9374224485312	-576.0342248024264	-396.17288082612845
-355.47663376524736	-576.3969002471677	-390.45249239509735
-354.9565322751367	-576.5432501342374	-389.71826086805765
-353	-641	224
-349	-591	83
-348.4241152099745	-625.4692449152753	-152.3239401868097
-348.32316036851194	-625.6259423071358	-152.59738819342067
-348.3025750084553	-626.2391542228322	-152.55501190317958
-347.93486590038333	-625.8752052545155	-154.40229885057482
-347.93486590038304	-625.8752052545153	-154.40229885057485
-347.34765288886206	-625.9278429111707	-153.11655402948034
-347.3208517773784	-626.0810922190403	-153.39756716237667
-344.1134034762198	-164.80167431474328	-594.8080166359414
-344.09184916498634	-164.87628279096907	-594.755456340929
-339.48030388943437	-618.5232550098884	-163.28311228511762
-337	-596.3671015996069	-399.56325453585924
-334.8846444298422	-601.0298931965517	-400.84039308376566
-329.55239059372934	-601.4757450855882	-399.99999999999994
-328.3223439999255	-601.5575259732324	-397.8070888904494
-327.4644221928136	-602.1026740048978	-395.11698967068423
-312.479214971845	-240.6004554488241	-597.085748592249
-309.2128038104032	-698.7551323740302	177.85186912918743
-308.7286919942116	-699	178.43447424865232
-308.718702173726	-695.0296041432655	176.50450312054988
-308.5980557236863	-695.8665962324695	176.8357640030621
-308.1264685034814	-236.8208277650479	-599.7215669975772
-306.79345072396234	-236	-602.4931374883631
-305.3482609488075	-233.38693765225366	-604.7823941093666
-284.4721862871929	-572.1151358344116	-561.5692108667528
-284.47218628719276	-572.1151358344114	-561.5692108667529
-283.85576923076917	-723.4241902834008	385.2285425101215
-283.75891548607717	-723.4347826086957	385.0701025891548
-283.7407679161868	-571.474207749749	-561.6310788720883
-283.6743570347958	-723.7806354009076	384.7329803328291
-280	-652	156
-279.78983135954303	-610.9920675703977	-269.4034744939357
-279.31044749014166	-612.4147686695587	-271.7214983646782
-276.7931034482759	-685.5344827586207	158.77586206896552
-259	-407	-602
-257.24673246198984	-670.5382768738331	-42.68925046679115
-257	-211	-613
-256.99259249327963	-670.3379029717173	-43
-253.2441694248168	-705.8436124755365	167.43595673278196
-253.24416942481668	-705.8436124755362	167.4359567327816
-252.61878415848983	-706.0057848441234	168.4561554021426
-251.96400051683054	-706.0391368178032	168.87140942827693
-250.90606050129446	-706.4562477038122	169.9670055688069
-231	-648	-146
-196.55146747067414	-576.7067178593301	-433.9913789042257
-195.94873771635804	-573.7934296959968	-435.0346088036244
-184	-164	-678
-178	-676	-22
-175	-655	-155
-174.80821467688938	-642.3132092004381	-289.1278860898138
-174.04957264957264	-642.9638932496075	-288.86387580673295
-173.7513027186323	-642.3001619859872	-291.0610082163978
-173	-640	-292
-172.7852028639619	-643.1145584725538	-294.45823389021484
-169.83409373479535	-696.8902208617963	-277.41695704573135
-169.66314641920016	-697.0035483164469	-277.3106055042602
-169.63347324909986	-696.9948087791167	-277.40831600569265
-169.58197253139843	-697.3409645141414	-277.2311276697395
-169.3160641748276	-696.9053043423496	-277.50736845419914
-169.27075604259645	-697.0570827625822	-277.309713225222
-168.95961441670136	-698.4318992494034	-277.5201982624675
-168.52941176470875	-699.3333333333255	-280.43137254901325
-168.52941176470648	-699.3333333333313	-280.43137254901785
-168.52941176470588	-699.3333333333334	-280.43137254901956
-168.52941176470569	-699.3333333333342	-280.4313725490203
-168.52941176470515	-699.3333333333343	-280.4313725490201
-167	-584	-475
-166.92027385158534	-700.370141342753	-278.6007698132289
-166.46354183862357	-699.7494728489706	-279.3694734432537
-149	-678	-341
-145.8516294178696	-744.9671239855772	131.13051749661744
-145.7436806189629	-744.1576721610842	127.30783555192465
-145.3037205403521	-603.8513493965752	-363.2434027552225
-145	-622	-487
-144.90932308325355	-744.867222950623	129.65600333436328
-144.82267425222358	-744.9070387710483	130.27345780057001
-144.43524677930185	-745.1132896768595	130.6920189804222
-143	-736	21
-142.64545454545456	-736.0909090909091	21.381818181818176
-137.0478386167147	-375.363976945245	-623.7974063400576
-135.96891479322787	-230.67929503191783	-698.1563974465723
-135	-374	-624
-129	-282	-647
-128	-451	-588
-105.31172106824928	-720.2381305637982	-167.50192878338285
-104.95672874947488	-719.9879568687859	-167.57145357793027
-103.97079037800688	-712.8147193585338	-400.2743413516612
-103.9707903780068	-712.8147193585339	-400.2743413516618
-103.71932333793649	-718.7594200039456	-168.99999999999997
-102.79983036471586	-712.6717557251908	-400.8871925360475
-102.5134493670887	-712.879746835443	-400.03639240506317
-102	-717	-169
-101.98989794954986	-713.0048321617701	-400.0339109611968
-101.27225130890054	-714.7643979057591	-170.19371727748688
-101.17248459958932	-716.5185945699293	-170.96760209901896
-94.6049380247901	-745.6788884446221	-248.6342862854858
-94.42951109193277	-746	-248.37078920983345
-93.63350565779456	-747.0284512377691	-246.00000000000017
-92.7332774452461	-755.7333353522738	117.31580297188671
-89.94450267006039	-751.7366871288117	116.32195438438887
-60	-346	-647
2.470588235294116	-647.3333333333333	-405.4313725490196
2.4705882352944286	-647.3333333333339	-405.4313725490201
6	-486	-581
6.119505494505503	202.35576923076923	-757.7774725274725
6.134831460674121	-651.8651685393259	-489.7640449438202
7.883081155433274	-750.0618982118294	-97.13204951856946
8.043988269794738	-750.0146627565982	-97.16422287390029
8.23333333333332	-750.1500000000001	-97.08333333333333
8.24021662735305	-752.1742699986553	-96.56723291035613
8.414810065122197	-752.1681667727341	-96.70952814383358
8.583759460012288	-750.8222744937615	-97.38302311311108
8.772063120981898	-752.7744009351256	-96.82349503214493
8.941400816619563	-752.7574370709382	-97.00000000000003
19.784229390680423	-585.7675029868578	-586.9519713261649
19.78422939068102	-585.7675029868578	-586.951971326165
20.13424273755129	-586	-587.0364039622453
23.50339373252808	-585.0759465561559	-588
24.01500826416489	-586.0097036412651	-586.268765813573
24.27404994490601	-586.312368876933	-586.0209288778996
24.709325758776515	-586.3443603814801	-585.1938675307217
24.799086534357514	-585.6331370867289	-588
24.839223282831796	-586.4842821006754	-586.664015547668
25.2059649239161	-586.7514549177085	-586.9999999999999
32	-758	160
57	-305	-711
57.333333333333336	-306.06666666666666	-712.9
140.5923831990286	-674.8475999883174	-403.02465058843825
141	-676.0591027955835	-403.8107138590379
141.16337827600242	-676.0962830206602	-403.9762803795479
165	-690	-412
207.43943522417638	103.36404921146065	-736.8811823961687
224	-728	-257
266	-509	-638
270.03240206744766	-750.5607608905736	-222.1908461197947
270.12015503875966	-751.7441860465116	-222.95736434108528
270.3355871886121	-753.7345195729538	-224.0103202846975
277.15608739340433	-570.2898692896791	-614.8058809333252
279.61688715316507	-567.1834232221516	-615.1071814022174
284.54369210170455	-674.2259663565519	-546.0765252388061
