-742.2866669889587	358.3791536091072	-372.9801902159953	-434.75843217412194
-739.4611378498299	361.38574220319305	-373.1453771941047	-428.67268690732317
-726	-54	-307	210
-722.8708551704884	287.5318325444463	-465.1474182454983	-94.84693476136695
-721	287	-464	-96
-719.8251114548092	284.83680059839344	-466.8233332902728	-99.71533684603138
-712	589	-565	-147
-705	114	-264	-272
-704	159	-389	-178
-703	366	-248	-474
-703	475	-398	-290
-700	65	-303	-375
-691	-171	106	-53
-687	296	-57	-456
-684	-260	-203	-377
-682	-30	-297	-120
-681	-49	-462	-183
-677	-304	-6	-233
-673.0934961144472	-500.42319410102436	-181.7378576474744	-280.24114712115863
-673	195	-329	-330
-673	342	-343	-494
-672.6186741976081	-500.4716348814354	-184.05019961264398	-279.67293017404114
-672.5971223021583	-503.74892086330937	-183.78633093525178	-282.4705035971223
-672.2718536848404	-500.5757775065278	-184.21621366056462	-279.5034875326446
-669.5482851011416	-105.43572780028188	-314.07624030171047	-171.84412896344176
-669.0131363616259	583.4331460922641	-572.6527489053033	-494.10557742491926
-669	583	-576	-496
-666.8026315789474	-104.68421052631581	-311.9473684210526	-171.86184210526315
-661	-72	-406	-277
-660.8980666939443	-75.95161620294601	-338.8519844517185	-457.61625409165305
-660	-326	-82	-342
-656.6135831381732	-211.83021077283374	-377.5210772833724	-226.08313817330213
-656.46424686664	-211.98242966476232	-376.6016345409468	-225.9288661107137
-655	-211	-378	-224
-653.4877478378028	-411.1617360069848	-206.8524286220906	-413.7420468269226
-652	-566	120	-295
-650.9772590685909	-409.85227087402393	-204.96326379433714	-413.8159213403098
-647	-178	-239	-327
-645.8785819793205	-251.50162481536188	-412.89542097488925	29.73234859675037
-641	-408	-418	84
-638.4096104501982	-413.1127828318171	-249.22299976673665	-460.9092605551667
-638	573	-429	-558
-637	-347	-405	-19
-636.9582868967539	-413.24402637982223	-246.8065307288909	-458.86691794205234
-636	-415	-248	-458
-635	272	-484	-459
-634.629879945493	-413.7802577503443	-247.15633002683802	-458.57239085357224
-633.6614865037732	-54.26938470497021	-600.8139945451408	440.48775547843906
-633.5314807918369	-54.391306903631154	-600.814429470012	440.65581355391595
-633	-55	-601	443
-632.7652338017804	-56.95810198160818	-604.4575544763029	439.77466222489784
-624	-510	51	-191
-620	-234	-405	-88
-620	-132	-306	-461
-619.3143328473874	473.8399831197729	-460.0265479935548	-726.999938617356
-618.9086308364676	474.47876383390803	-460.28664282253686	-725.5869697190467
-617	475	-458	-727
-616.0622950819672	94.86229508196719	-489.3672131147541	-493.81311475409836
-615.4008683068017	94.70188133140378	-489.4876989869753	-493.01013024602025
-610	-446	-471	-13
-607	441	-332	-713
-605	-154	-324	-281
-605	-131	-391	-123
-600	-196	-3	-476
-589	-366	-308	-243
-585	-221	-321	-186
-583	390	-353	-549
-579	306	-549	4
-577.954786545925	500.76520051746445	-523.9906209573091	-296.241785252264
-576	35	-496	198
-576	92	-515	-41
-572.5383724344857	-464.82965490596285	136.3434761056247	-355.136865605098
-572.0129180047318	-465.8349518296581	136.1598414949996	-354.4785880729062
-569	208	-518	83
-568.7681329428874	-22.531505268415945	-486.6041546832576	-175.84607364364524
-568.7681329428873	-22.531505268416012	-486.60415468325743	-175.84607364364507
-567	241	-354	-587
-565.5279560990814	38.44305044023683	-496.68490837104184	199.55649872581827
-564	-248	-380	-121
-564	-96	-431	-154
-564	2	-449	-515
-563.6472753788461	-287.84546253185886	-327.7509889945236	-81.04494260712757
-562.3879592223412	-295.3826976872714	-331.7883331885623	-90.1254976183909
-562.1599548880737	-211.16427954216485	-301.8237215153141	-402.2483296096864
-561.2687143511916	-484.59733015889185	-22.006950244448973	-356.6763279181096
-561.0467611168289	-275.4992237268758	48.23909663138454	-469.476156915822
-561	-200	-303	-398
-560.9228528193872	-211.73432955828355	-302.60035740759486	-402.1494807371406
-560.9228528193871	-211.73432955828363	-302.60035740759486	-402.1494807371406
-560.922852819387	-211.73432955828363	-302.6003574075949	-402.1494807371406
-560	-611	168	-62
-559	-336	-367	-206
-559	283	-493	-90
-557	13	-513	262
-557	195	-358	-590
-555.5053122181016	-7.044394965563669	-225.7393433468406	-515.2128108936267
-555.3848816911642	-485.52943292030164	-245.93848075571725	-201.46789738671822
-555.3848816911642	-485.5294329203016	-245.93848075571728	-201.46789738671814
-555.3848816911641	-485.5294329203017	-245.93848075571728	-201.46789738671816
-551.5998937414927	-475.8878432137429	-246.90967997046988	-198.8207432246871
-551.1474664598475	-475.219671111282	-246.95135065743978	-198.6708595171202
-551	401	-523	-112
-549.7951537914947	-215.25079973081543	-295.4033129336418	-400.1311204909092
-549.7661535727822	298.26750350362033	-508.0953147700495	-440.53657662358916
-549	51	-488	-55
-548.569955803803	-406.6264310966184	-328.4472637677654	-118.86633412658952
-548	62	-589	-336
-547.9697916493168	-23.313940144383587	-479.6461298516517	-168.7750192544055
-547.430481691315	63.53292323525338	-592.0515116555033	-334.65752692921814
-546.3900208063955	-578.5793084662996	-49.35843774818354	-332.44278175600726
-545.8468550679089	-576.8998295634153	-49.0441161028697	-334.9800330062234
-545.4472657716777	-409.5095081919384	-296.58350869406394	-221.45448337475082
-545.3411513859276	-506.1950959488273	-32.9498933901919	-351.67697228144993
-545	-131	-377	-306
-542.4357112264815	-106.09746397383498	-483.36323616270084	128.20284366790344
-542.4357112264795	-106.0974639738347	-483.36323616270164	128.2028436679017
-542	-218	-286	-398
-541.4296166233563	-31.144996363291877	-341.077424651912	-329.6944113446589
-539	-201	113	-514
-538	-164	-547	29
-537.5512130230934	-581.7824609612202	-41.853124763795286	-330.6794622721841
-536	64	-516	-569
-535.7715920666551	-78.75799710230854	-330.58915256713544	-351.028839583933
-535.771592066655	-78.757997102308	-330.58915256713595	-351.02883958393363
-535.710584430766	-513.4342273845327	-193.34924882516114	-356.9778289518213
-535.5858766071126	-579.9372443904089	-40.3618694856203	-330.87861768606655
-535.5195907789208	-513.4967333483107	-193.41247881585107	-357.04152098596376
-535	-179	-440	-185
-533.8398474533791	-543.150498878882	-164.14128467336073	-218.70961678202656
-533.8122460261277	-584.1914135791462	-38.701793787827526	-329.61242743490527
-533.7676896907624	-584.2098680276133	-38.66771458753814	-329.5536438169173
-533.6362390870412	-584.289642459911	-38.433694991577404	-329.6292086534594
-533.3195872211652	-581.3422221084089	-40.68003282646593	-331.3401900149629
-533.2678328943942	-199.56697166598934	-404.3027860523438	-97.94392601618563
-533.2678328943941	-199.56697166598943	-404.3027860523437	-97.9439260161855
-533.2348911806607	-263.177569507289	-384.42653686596714	-21.310128396964345
-532.6126826209843	-545.2907704250209	-173.48114741046427	-233.19247190191214
-532.5216450930945	-87.95958158979884	-86.53016958802168	-550.2454153597922
-531.4081248932059	-304.4649589357296	-114.45755661179452	-466.73704748526916
-531.3888637543769	-308.8550658368715	-120.52187711886904	-476.7127814846235
-531	-498	-401	-103
-530.9147652350455	-514.6888933522149	-187.74249106712116	-356.6682791073715
-530	-362	-402	-205
-529	-514	-188	-350
-529	-141	-505	-218
-528.9483585110471	-513.0909458853017	-187.12126090036355	-357.97470399347
-528.3812223539686	286.6751530126281	-546.7527370364467	-601.0403958286672
-527.6561179019253	-512.7341132632924	-188.52437589699105	-357.4208585847066
-527.109287014335	-513.0635112029394	-181.03751923145657	-358.46351971432387
-527	-155	-392	-244
-527	276	-742	-131
-526.3808833761436	-4.346204349395499	-407.4802383431074	-264.00639278483726
-526.1830617760949	-515.4799684503558	-185.7502820554459	-351.8904286727035
-526	-143	-52	-546
-526	289	-547	-600
-526	334	-562	-411
-525.2151460594305	-443.8181169242459	-93.8119115931321	-374.62213680191894
-524.9233413169294	-519.765952159605	-187.98664537725077	-358.14778939490657
-524.6508017328549	-548.2382173886001	-92.02464806990417	1.7160932335326677
-524.1528443829734	-548.5450587380876	-92.48297089399954	1.9807310180854643
-524.1528443829733	-548.5450587380876	-92.48297089399952	1.98073101808545
-524	-338	-384	-256
-524	-86	-345	-338
-523.3563450389966	-444.7314841522038	-267.43661978943214	-236.78971271916419
-523.3563450389966	-444.73148415220373	-267.4366197894322	-236.78971271916419
-523	-265	-486	-80
-523	443	-582	-436
-522.8457082729406	-3.8290670232953516	-106.63172708670379	-563.5180991054447
-522.8374380232544	-3.844849767200401	-106.68326693951765	-563.4590202218309
-522.8329478825929	-333.08770814847605	-281.1191871896343	-451.72667921496645
-522.7401414477137	-3.9199620765901955	-106.63904954590471	-563.5258307583493
-522.6641724795545	-3.8907831339415395	-106.70023881201666	-563.5690506557845
-522	-608	-369	-116
-522	-101	-183	-475
-522	-77	-244	-481
-521.0339129104929	-590.8644613773016	-17.58960600230408	-205.18577269773635
-520.7133224914569	-597.0992123895155	-29.01890663678583	-213.2702583728863
-520.7133224914569	-597.0992123895155	-29.018906636785815	-213.27025837288633
-520.7133224914569	-597.0992123895154	-29.018906636785843	-213.27025837288636
-520.5964430204406	-83.91231453831274	-424.58837806127053	-239.8497917296154
-520.4319382672462	-523.5135871381082	-113.75932923521698	-354.8691379034417
-520.3524555352766	-523.3461458051548	-113.98956882244372	-354.88466923680204
-520.1018042352249	-365.71575962533063	-252.29314293018578	-258.72703287589826
-520.038539017462	-329.9329312824155	-281.13188899133013	-450.0084880539525
-520	-197	-76	-482
-519.9637595479893	-330.7433287495663	-281.3746627004973	-450.40400326763074
-519.1401573315064	40.93895726536107	-494.536084666084	-263.5292575181309
-519.0832394632239	-366.3555556168335	-252.3444401090318	-259.0595249092436
-519	-249	-210	-480
-518.5622690454489	-155.51675699266184	104.31779965205232	-534.0794540838345
-517	-260	-208	-550
-516.7600741157531	-526.3486861466114	-105.51025602673823	-345.02945316171053
-514.7443376125765	-445.2053947109277	-260.27132011960396	-226.9440206979283
-514	43	-495	-260
-513	-135	-200	-584
-512.6114397160318	-134.63224499591792	-346.83263277134506	-265.71293576886774
-512.4634611390371	-445.5664981479045	-261.16304662885534	-223.48506880693878
-512.3534160219709	-186.50528082698332	-342.9435962182466	-315.4408280428118
-512	-126	-330	-332
-511.98543695406624	-524.7601442151406	-111.61466015367141	-347.78251591089827
-511	-586	-168	-192
-511	170	-339	-589
-510.9858940292715	-445.13370371554714	-261.0064375551713	-231.40064960875446
-510	311	-251	-603
-509.7150868394699	-450.2982858325365	-257.5074368987291	-225.42584580084386
-509.3244968062943	-469.656033493035	-237.16011518136585	-292.6391437798576
-509.2333735621645	-157.5434009291643	-494.92329187012064	-89.84721319614918
-509.1783764839281	-469.85275868153735	-237.11121534044798	-292.6420808350399
-509	-117	-234	-474
-508.5956000001247	-445.0708699259924	-264.2776849631405	-223.76552257760446
-508	-391	-502	-60
-507.173446890398	-25.2345495767662	-428.93616535521016	-287.86740160424625
-507	138	-652	-413
-506.96000000000004	-464.78909090909093	-238.09454545454545	-289.4254545454545
-506.5416666666667	-202.95833333333334	-489.5833333333333	-527
-506.3482291419063	367.59400998336105	-577.359876396482	-440.9217970049917
-506.28477292965266	-203.12448797862868	-489.0365687147521	-527.7501929355891
-506.2632271309596	-203.01391114730845	-489.14432463472207	-527.7318937400775
-506.12500000000006	-203.98214285714286	-489.76785714285717	-526.9999999999999
-506	-367	-345	-141
-506	-204	-490	-526
-506	255	-713	-371
-505.47912040834456	-239.51419052943032	-234.2765207124087	-476.8519681446692
-505.09581806736423	-240.82837613648127	-233.72579742942074	-476.46860084304814
-504.76126790978617	-348.86441626016386	-309.61423737574785	-308.8685848150907
-504.7612679097861	-348.8644162601639	-309.61423737574785	-308.8685848150906
-502.17455393557196	5.416273905508299	-258.5860167352367	-543.0347541135964
-502.173169647489	5.47323706360076	-258.5146202159783	-543.1661391968803
-502.1731696474889	5.473237063600641	-258.51462021597837	-543.1661391968802
-502	-337	-331	-288
-501	-225	-285	-456
-500.9440651161883	-216.5566415464789	-296.0287975037283	-466.44170572259355
-499.42857142857144	-107.16326530612243	-493.3591836734694	-221.17755102040817
-499	-256	-362	-325
-499	212	-667	-93
-498.2853094278466	-265.1443505224814	-394.77455540217096	-225.94949307191644
-497.71428571428567	300.07142857142856	-503	-699.0714285714286
-497.4308676249287	-445.7140178385116	-117.64236693433082	-438.66097898727776
-496.93383840337765	-298.14915270616825	-313.1184513411588	-445.3374584233397
-496.9338384033776	-298.14915270616774	-313.11845134115913	-445.33745842333997
-496.93383840337754	-298.1491527061678	-313.11845134115913	-445.33745842333997
-496.8058140152656	-298.0519446845652	-313.3118871890211	-445.3667802338151
-496.80581401526536	-298.05194468456534	-313.31188718902115	-445.36678023381535
-496.8058140152653	-298.05194468456534	-313.3118871890212	-445.36678023381535
-496.8058140152653	-298.05194468456534	-313.31188718902115	-445.3667802338154
-495.4277249144807	-264	-356.7357976226684	-321.82501903418483
-495.32506935686956	-299.12101322407545	-298.72378575320624	-437.0902848168962
-495.003805191344	-223.15452052196974	-419.64664204507045	-111.4529140781431
-495.0038051913439	-223.15452052196974	-419.64664204507045	-111.45291407814312
-495	294	-552	-477
-494.6571092239585	-334.9072592956429	-303.84539241142693	-311.34308762452486
-494.6442824829296	-223.1487774110268	-420.020387778906	-111.44293673612795
-494.0443980976876	-266.89089118310613	-362.81188097148873	-325.0105627443673
-494.0443980976873	-266.89089118310665	-362.8118809714888	-325.0105627443671
-493.9967339601701	-266.9164064566762	-362.8192382433049	-325.0259022394467
-493	296	-578	-419
-492	58	-225	-634
-491.61360778666057	-157.18231024518118	-224.44834770214092	-536.8047723901418
-491.3912797112158	-221.6902691598729	-394.4221457947677	-360.4635767460087
-491.22444239631335	-300.2865253456221	-311.6243686635945	-445.21596313364057
-490.59675866661905	-669.1615306093971	51.09518139774592	-62.31564176391697
-490.32202462380303	-144.84733242134064	-52.76798905608756	-558.8207934336525
-490	-143	-223	-537
-489	-84	-232	-556
-487.9749720848205	-669.6364649782058	54.67047095688308	-59.18170275647577
-487.8124160981891	-471.14270841894745	-252.1107366921454	-132.87285279855348
-487.689301046682	-451.24448724525917	-279.9421166460229	-438.04698727698417
-487.449500349422	-457.9202540167825	-275.66392076396687	-438.2554253273893
-487.44950034941996	-457.92025401678984	-275.663920763971	-438.2554253273904
-487.4495003494199	-457.9202540167897	-275.66392076397096	-438.2554253273905
-487.44950034941985	-457.92025401678984	-275.66392076397096	-438.2554253273905
-487.44950034941974	-457.9202540167902	-275.6639207639709	-438.25542532739064
-487.44950034941974	-457.92025401678984	-275.66392076397096	-438.2554253273906
-487	51	-555	377
-486.60491279753273	-269.97259162018696	-360.59447467709947	-320.5325687259165
-486.23652520939254	-301.2457651897178	-302.1568743705762	-438.75625060828065
-486	40	-541	28
-485.4060341214402	-379.2420677353366	-259.90872805319754	-464.52892950585476
-485.21684285656227	-444.30298679938915	-281	-440
-484.99105866952846	-311.0308184894421	-423.5286253351452	-122.87635558872927
-484.6287067010568	-16.42578357770187	-516.8348551625818	27.11819034911399
-484	-208	-426	-160
-483.9111406761231	-409.3527740455697	-334.88859842051573	-224.10156960402065
-483.91114067612307	-409.3527740455703	-334.88859842051534	-224.1015696040204
-482.9655172413793	-246.42364532019704	-199.48768472906403	-551.935960591133
-482.92418272800876	-459.6979975479329	-271.63380742924124	-430.5693900761453
-482.68786476848817	-502.8431811908172	-234.1821234459834	-340.5335815542445
-482.6878647684881	-502.8431811908172	-234.18212344598342	-340.53358155424445
-482.6878647684881	-502.84318119081706	-234.18212344598342	-340.5335815542445
-482	-465	-248	-135
-481.62580975743845	-452.111386066677	-265.4866909189681	-438.2789248662334
-481.45197880441026	-448.89495891119867	-264.9278964911633	-439.41086084627545
-481.2490489839349	-448.9287956633725	-267.94063425649324	-440.0029887933335
-481.1782665265515	-497.82858260742023	-226.9685129893406	-341.40217271291027
-481.1656847090581	-453.27440162356885	-270.5871096012921	-438.80890939194035
-480.90616159037836	-250.5129069162027	-203.82673291919698	-557.4942127236563
-480.84087070722836	-456.0061900211908	-269.5675628284771	-439.06570135384504
-480.8301864241385	-250.30593227831073	-203.69404548542357	-557.9075174886015
-480.8061149703126	-449.0768591592648	-268.7487071022982	-439.717421342028
-480.1672961863364	-447.49431388771154	-264.40714239401643	-440.0795636382105
-479.28725618306146	-465.7950691113048	-249.4462599264062	-135.98178722170258
-479.2165340875284	-456.02365390324843	-267.863762602965	-440.12190290047465
-478.67628722780415	-213.35132348447723	-512.4127590450473	207.61578742812443
-478.13104980852654	-465.4120418230385	-251.61476977960726	-136.4601306013521
-478.12321275766385	-459.15910401288477	-263.52554620004105	-437.16748241506775
-478	-212	-474	-266
-477.6240962709284	17.027088089802135	-19.99027302130898	-593.7439592846272
-477.1261165460753	-382.61421702292	-249.93445476956086	-454.06843006415426
-477.0284595661397	-273.85276670729104	-218.7815351165738	-477.06396701161617
-477	17	-19	-594
-476.6637636857656	-273.86402747481	-219.69285012214655	-476.50856030463916
-476.6056464570943	-594.4789057393418	-60.37862511609806	-178.3756933425472
-476.58928042911066	-468.8480718705747	-247.33922540908338	-132.9602656746366
-476.52070845657454	-274.8197712803162	-218.8064306024318	-476.58407517049795
-476.5207084565744	-274.81977128031644	-218.80643060243173	-476.58407517049784
-476.4949305315862	-274.8274154997783	-218.86189105610674	-476.54692909360676
-476.49493053158596	-274.8274154997787	-218.86189105610651	-476.54692909360665
-476.09543877699116	-593.8394726137449	-62.410639800346175	-177.51018563137052
-475.9789327769081	-593.4976125704017	-63.174519149881775	-177.2014405102471
-475.8775982765218	-379.24462755088706	-254.16429090153758	-454.358223814709
-475.21006625684606	-498.6370455147808	-229.02477704335524	-342.2068565851521
-474.9701045520931	-380.2951912305959	-257.83987100518993	-462.1842652522056
-474.344635035386	-302.84805651234745	-137.01481661526165	-497.0210930314211
-474.04553915335134	-382.1957354269181	-257.81774386760287	-459.2168002801276
-473.6267070169883	446.699758537713	-557.9225525481335	-662.1520693560742
-473	-220	-383	-361
-473	27	-556	-4
-472.3	-106.4	-551.6	80.30000000000001
-472	-663	-141	-83
-472	-106	-552	81
-471.73059286150897	-66.19387464704732	-244.76716135721904	-546.0153455533531
-470.4435428164804	-16.47281474381398	-352.8396071182344	-561.242742663574
-470.336567274216	-16.18785710026894	-352.8407285936066	-561.6326620330268
-470.0988091992954	-16.315434656340607	-352.8168770425261	-561.7677176628048
-470.09880919929464	-16.3154346563425	-352.81687704252636	-561.7677176628047
-470	-244	-503	190
-469	446	-554	-659
-468.25215138340025	-10.09518495298542	-520.4911702338544	6.555077097131942
-468.12045110250796	444.9747012287494	-551.0820568927791	-656.7183807439826
-466.7832514442832	-303.0322273608423	-326.2835231368184	-330.8997922187764
-466	-117	-511	-110
-465.82339633965876	-589.4632025944309	-54.124425813133605	-182.40584194051033
-465.5704071349664	-590.3071849076672	-53.3005016253291	-181.3792678732908
-465.43572874501314	-303.38855235822575	-323.86270840572064	-333.2880059741225
-465.0173960705259	-302.87175923064	-330.26981169586895	-335.9018466011485
-464.86658863545136	-16.657963823286625	-341.00846897664604	-554.2344444155549
-463.8306073457158	-310.3560476030382	-336.7754584436804	-336.6926525147308
-463.8306073457158	-310.356047603038	-336.7754584436803	-336.6926525147309
-463.6299646377768	-310.0835548717426	-430.9003276490988	-232.71142258240423
-463.6299646377766	-310.0835548717429	-430.9003276490989	-232.71142258240485
-463.62996463777654	-310.08355487174276	-430.90032764909904	-232.71142258240485
-463.3014594085486	-16.542588465187286	-341.6412919078952	-557.4156972897523
-463	-291	-131	-502
-463	-225	-582	-145
-462.7372762245114	-18.626344031347006	-341.6665077652028	-557.5028023659091
-461.9318098158508	-16.93316235567351	-342.40556612603115	-555.6321613097699
-461.5701163916625	-527.9897609769887	15.125843639179081	-379.66163516324275
-461.4804012845312	-311.0392213376579	90.37690564674479	-493.20619673885625
-461.4601890921292	-236.62465687531244	-416.8086816836884	-253.45057960077798
-461.16252919151594	-528.7845256598849	16.005018782029254	-380.15272163975476
-460.59533022518104	-317.9884529279471	85.06994482917375	-505.4612457732201
-459	-529	239	-345
-458.67805575530565	-571.6262021094442	-249.16377420646327	-287.6694686559758
-458	-571	-249	-288
-457.9290524427393	-18.38615347951517	-342.95141762137035	-553.245019300172
-457.1494383966234	-329.0342450162804	-303.5518098636541	-396.3025888921096
-457.04473476643085	-328.94771896916694	-303.61368206034115	-396.43402505904487
-455.78211791390777	-586.7315236506613	-132.41834375643748	-272.04931836260266
-455.7821179139072	-586.7315236506612	-132.41834375643796	-272.04931836260243
-455.7821179139071	-586.7315236506612	-132.418343756438	-272.04931836260255
-455.7821179139064	-586.7315236506611	-132.4183437564382	-272.04931836260266
-455.5985387165299	-519.9569490358239	21.625608000913402	-380.5232743291614
-455.42493079578617	-175.89432528763479	-309.72033607553243	-543.1654927580225
-455.36853417341814	-170.85706572655968	-307.30776131944964	-558.5177777432821
-455.1297351608912	-182.1898416914067	-310.61865056540773	-558.5500649814685
-454.7924579746573	-221.61856665375814	-279.8744751920868	-458.97911990018486
-454	-585	-3	-309
-454	-351	-339	-227
-453.95823258562757	-591.6766558988983	-6.735502622413605	-311.44974233288235
-452.25382144172875	-173.5531078263079	-311.41766228926696	-549.9903721662184
-452.24016078083605	-172.40096463328624	-311.8904453918234	-554.0346249365961
-452.1642341812278	-174.40987160633452	-312.90698560951574	-551.4573652632209
-452.1603471176246	-175.15780890372278	-313.2679865312747	-551.2112829049531
-452	-42	-504	-306
-451.18554506103425	-172.95405511848142	-312.7169848114085	-551.6272869658524
-451.171550711226	-173.02620272370643	-313.5005650159876	-549.6832391301346
-451	49	-508	-155
-450.67616221954455	-172.58817398419376	-311.8117295096763	-552.6227231977289
-450.0453357319028	-172.1698339661177	-311.994500887727	-555.6639046340789
-449.6693615533204	176.31541414107775	-684.8742589755545	-467.6272272363951
-449.66598628347487	54.33303396472894	-602.4710156760287	-94.13741018941869
-449.4886606431983	-667.8146213472332	17.430484220095835	-257.26614531287146
-449.48639260413205	-172.2361072225425	-313.9012375409813	-553.2544188529326
-449	55	-603	-94
-449	178	-683	-468
-448.92857142857144	-584.7857142857142	-133.57142857142858	-264.2857142857143
-448.80016331715285	-545.4220841083337	-287.6980900966293	-166.30989429750943
-448.6770414942621	-664.7764869534142	17.248858339293633	-255.66166140599478
-447.15123325144486	-667.2189746963777	16.731645067602372	-256.43430249805044
-447	-467	-265	-185
-446.8862653253229	-175.0105857914703	-312.3035913998397	-555.5171995511661
-446.17313380666917	-587.1664189837247	-125.71373170597774	-262.9654229445925
-445.62937062937067	-470.8111888111888	-268.65034965034965	-186.2937062937063
-444.4570080303414	-150.82157507557835	-369.37227313318203	-542.3039766210728
-444	-245	-378	-301
-443.94583954780694	-148.4733466321183	-368.8848658691625	-544.6368498131058
-442.43574593990456	-156.96179675393176	-375.3652433888702	-548.5341126303464
-438	-91	-611	-120
-437.6110709718205	47.82933352309158	-398.629101697396	-548.995616156674
-437	-599	-34	-180
-436.38321167883214	-246.35036496350364	-463.63321167883214	-110.00364963503648
-436	-554	127	-371
-436	207	-483	-635
-435.1518240642787	-578.220039719884	-262.0773388975785	-119.41819261547647
-435	171	-411	-636
-434.5346890192312	-408.8216517761109	-335.48281539057206	-222.69374023031364
-434.534689019231	-408.821651776111	-335.48281539057234	-222.69374023031367
-434.4109941840136	-591.7196270818914	-267.53206158401144	-123.6664302786211
-434.3510333397905	-591.7180070385923	-267.6481499582934	-123.61218277730478
-434.0984437504364	54.92845158412822	-398.702832650717	-553.0800148764652
-434	-377	135	-549
-434	-244	-464	-113
-433	-530	68	-511
-432.14172111682495	56.56717378758631	-398.4069139904948	-554.2857879327619
-432.06229508196725	54.86229508196721	-396.3672131147541	-552.8131147540984
-431.8905453556318	-363.5440326083876	-301.5428398562742	-447.6773242058383
-431.54489288604697	-363.5785192414571	-301.7974952014234	-447.73611747598983
-431.5448928860469	-363.57851924145723	-301.7974952014234	-447.7361174759899
-431.5448928860469	-363.5785192414571	-301.79749520142343	-447.7361174759898
-431.464959604625	-362.93220703763103	-303.0422619214381	-447.2081792582823
-431.4008683068018	54.70188133140376	-396.4876989869754	-552.0101302460203
-431	-176	-345	-533
-429	-445	-293	-121
-427.8953047214438	-420.59178136899146	-316.8780494522519	-118.41147092103843
-427.7190391321006	-327.313939495312	-410.2642241812788	-131.78145436401516
-426.2974645420806	-418.1402357269154	-317.3464175341362	-125.75146275792596
-425.6614062182922	-279.357285919002	-383.61299594879347	-362.9478548557351
-425	-575	-381	36
-425	-63	-571	-249
-424	-326	-412	-131
-421	-614	-200	-326
-421	-600	-393	45
-421	-35	-501	-318
-420	-596	2	-328
-418	-568	-267	-270
-418	-250	-503	206
-417.9425783428575	-334.34601672007443	-90.03306101629956	-472.79843577351824
-416	-338	-504	235
-416	-7	-525	-335
-416	342	-251	-704
-415.7471200448108	-469.14798752275703	-197.38494875850222	-398.0945730446581
-415.3915847648668	-468.59406167667015	-197.79887118156748	-398.59108580250717
-414.8509442708977	-244.4082437589624	-303.14344092799456	-540.1036128727977
-414.2391734917244	-12.748602270583751	-531.0483661535627	-338.68652476980515
-413.52610607342046	-460.0263830464406	-194.4226931760387	-403.00026421108936
-413.1815428296783	-465.464564134582	-196.27835094740462	-399.0430272597324
-413	-482	-60	-375
-411.04002756456674	-380.52587553934023	-282.30413404181	-319.20187507635967
-410.8146257479572	-251.67496538432516	-386.79755659546254	-272.6549495539602
-410.8146257479571	-251.67496538432505	-386.7975565954629	-272.65494955395985
-410.28514070005644	-461.58479119108966	-199.05176425526358	-400.9262346415606
-410	-281	17	-515
-409.7035310987632	-3.1442409033877006	-420.9659437175121	-546.5146226922387
-409.3709330529216	-287.8562663960254	8.536034616681093	-519.6056307065496
-409.0092446287176	-216.60320975778166	-461.2368106254606	-238.35267219975754
-408.43874910611146	-200.14960998954837	-35.10086198360746	-572.8980807525166
-407.80948295195844	-252.55135308563194	-489.0180128908106	-170.2686176794944
-407.0488279169035	-465.74118847590194	-200.57921652357464	-396.1585095729113
-407	-296	-216	-518
-406.21847070506453	-297.33391261171795	-215.0301638530288	-517.3995779543197
-405.0407308785185	-577.714494275687	-216.06023398224468	-180.6067729261439
-405.0407308785184	-577.7144942756867	-216.06023398224482	-180.60677292614392
-404	-246	-298	-532
-404	-24	-494	-389
-403.4751399222438	-250.61487339787524	-297.27285912750324	-528.6006486930817
-401.20054945540613	-439.7008456528082	66.7252855127555	-459.09261615190394
-400.5634812088057	-402.5944810445893	-344.3229394960322	-271.36691617739945
-400.5074362584525	-402.7102636287434	-346.94923922752594	-264.9183252999661
-400.3726370371496	-411.4133251334637	-350.95037364080724	-276.002911334671
-400.37263703714956	-411.41332513346373	-350.95037364080736	-276.002911334671
-400.37263703714956	-411.4133251334637	-350.95037364080736	-276.00291133467107
-398.38598147247706	-317.9420921542519	-407.01594337840663	-134.74049200737468
-398	-430	66	-458
-398	14	-583	-433
-396.80297397769516	-729.7434944237918	-207.47955390334573	-47.613382899628256
-396	-730	-207	-47
-395	483	-558	-707
-393.3792016806723	-79.73112333168561	-585.2149653979238	-240.44543994068215
-392	-649	83	-352
-392	-502	69	-516
-391.9072259126485	-355.86307743577896	-507.59849143843576	316.2264900798573
-391.9040215928197	-240.70422571510284	137.8050720311335	-578.4842711676337
-391.2709956493057	-449.0111564830356	-413.6474434451487	-66.27796010054196
-390.21648661921864	-108.11425858504631	-532.8370503405854	-224.88417925841
-390	-445	-292	-259
-389.88286959807357	-59.2600257367777	-506.1548815676304	-464.9190835997984
-389.5861527722482	-262.1266889991289	-514.6787523620563	-4.050461863656551
-389	-328	-429	-181
-389	-274	-507	-166
-388	-393	-378	-417
-387	-51	89	-643
-384.73083937797264	-501.2192523947982	-30.35067947032978	-407.8468509834415
-384	-502	-31	-406
-383	-287	-460	-118
-381.4384502585199	-442.38628445373513	-324.5972477565474	-221.3252032058396
-380.8884717403858	-449.39023511247916	-325.14178573512334	-219.76904176148147
-380.3937236683007	-308.6662156647845	-461.88070008610146	-124.11455031350408
-379.62250588095924	-453.3197634077409	-334.56511364213304	-224.45496623737077
-379	-577	-305	-151
-378.79167406243766	-258.1710989811454	-510.58273800836974	-63.80242874173572
-378.69281257298246	-258.52415773909166	-510.6225830534656	-63.50563835178354
-378	-619	-128	-136
-377.5374146680943	-376.376771298123	-414.2861523779495	-145.0378887493843
-376	-459	-404	185
-375.7256990598048	-403.5224101053035	-424.3420236002459	-30.7624126245448
-375.0200139375147	409.5708386954194	-623.3879539009145	-610.1922230335933
-374	-536	-422	209
-373.0207602635431	-586.6945548134275	-239.01243240506838	-253.8459742710083
-372	-649	-172	-215
-371.8783778938587	-538.4743939848792	-422.25978032210287	208.52670535508614
-371	-587	-227	-255
-370	213	-400	-679
-369.92354127672434	-540.6594336003349	-423.54488647592916	206.94249101921716
-369.37700975995097	-332.71153364698347	-262.12269885531657	-510.3062548332419
-369.37700975995097	-332.71153364698347	-262.1226988553165	-510.30625483324195
-369.37700975995097	-332.71153364698347	-262.12269885531646	-510.30625483324206
-369.3770097599509	-332.7115336469835	-262.12269885531623	-510.3062548332422
-369.2428897846092	22.88999596214157	-220.29818915840968	-573.9908362209617
-369.14005525238355	-332.5490174198555	-263.051931748703	-509.7720319664279
-368	-733	-194	-8
-367.50284112130396	-545.1499307169836	-123.80436875889065	-327.7584786338339
-367.1015787266195	53.936313573707984	-503.47867091125124	-538.1852621161552
-366.6290938773594	-511.24333330791546	-66.22664905142256	-443.43024786532817
-366.44986632762715	-342.7438546363989	-133.888163146835	-489.14771232608746
-366.3631795627011	-342.1101255126582	-134.12149653213197	-489.63316601010496
-365.77436035212486	-591.196442065737	-226.7447013187217	-252.59266880663176
-365.4593998339586	-588.4229236853411	-227.82642769095662	-249.6256401288062
-365.427274354567	-592.0748180675591	-225.62501431472356	-254.4340151056282
-364.9433702043467	-592.2347531217696	-226.21655847659355	-250.5215271785052
-364.67605407809026	-303.0696470373281	2.5102736484329773	-560.66313796451
-364.53060992754746	-589.3131924202341	-230.39761253705188	-248.05095740453547
-364.46092803374336	-590.8578986097382	-229.0766870715617	-250.6248717437848
-363.8462545430225	-417.61157985355476	-285.0497261331323	-277.3068000252189
-363.84625454302244	-417.6115798535551	-285.04972613313225	-277.3068000252189
-363.84625454302244	-417.61157985355476	-285.04972613313237	-277.306800025219
-363	-588	-235	-246
-363	-343	-124	-481
-362.33705339534714	-589.3512044538375	-227.10669466842478	-251.0095257077984
-362	296	-618	-547
-361	-97	-491	-305
-360.66516377933607	-479.90639767132683	-266.83092424891595	-348.85923487837306
-360.48897995016034	-480.0998120523831	-266.9006454219251	-348.7720981555414
-360.4290199257635	-479.7760772408662	-266.73684404683775	-349.3189039778358
-359.5804908826229	-480.28701974921773	-266.8701736604324	-349.5215925412764
-359.04745511837325	-373.24557046589695	-463.94556612822646	-98.85833739082845
-359	-427	-45	-463
-358.7858429236707	-373.3761789229816	-463.9131823503553	-99.02015981536846
-358.3259089720474	51.96082782428976	-497.1520604374619	-534.2907083075162
-357	-511	-317	-160
-356.8544621097023	-448.5734965556206	-283.35625786114485	-287.4232005668977
-356.79803564712546	-513.5132044803154	-318.37069811475726	-162.63302395351954
-356	-588	-4	-363
-355.6875	277.125	-456.9375	-644.3125
-354.84514576965154	-560.3142498254977	-282.90105956542544	-323.4771245915167
-354.783877670695	-498.7263028726545	-59.277200994736866	-443.81083736640267
-354	279	-456	-646
-353.88632588566225	394.331721667174	-732.6705500233568	-512.5855129221253
-353.03435804701627	392.54189270644963	-735.2640144665461	-513.1952983725135
-351	-350	-523	272
-351	-33	-436	-546
-350.493216616802	-351.13725925302435	-521.3639229609678	267.51439699434525
-350.2581517290449	-248.4800103022223	-342.9275669368621	-417.19977096367927
-350.1012658227848	-481.17721518987344	-256.253164556962	-339.63291139240505
-349	-544	-124	-327
-349	-107	-545	-269
-348.3212421311224	-126.36399159722512	-495.97135868123894	-347.715735661544
-348	-379	-390	-106
-347.9751895003231	-126.66625112492224	-496.2508283655559	-347.48256778222714
-347.7992850611265	-462.1977064295438	-207.456704011715	-413.269888879213
-347.26704393361865	-127.06587580506383	-491.7476396247839	-344.05688721373895
-346.92346438615397	-480.9170397251223	-363.08776732066394	-238.1216768238612
-346.2386131951513	-540.0036909410567	-439.51073148884984	154.97000048116962
-346	-380	-178	-560
-345.5883987110233	-302.76398806449697	1.3297902630771432	-564.4294034948525
-345	-618	67	-258
-345	-433	36	-458
-344.1626968926652	-110.42036076191803	-244.13936576476186	-562.0015554085269
-344	-234	-526	396
-343.5518895701272	-109.68393432401538	-244.72823790224805	-562.7653884789913
-341.7374320768014	-98.52367287685541	-240.92946433123018	-563.4016187230211
-341	-461	-421	135
-339.64529675251947	-309.85750279955204	-476.48208286674117	-169.00013997760357
-339.01020531046254	-102.13517399662251	-238.2919245865362	-563.8278725828211
-339	-245	-598	205
-338.9268830745043	-234.96746736855258	-109.63492847998975	-565.2129547544911
-338.8923003460256	-234.92565247060446	-109.6771423992861	-565.2490013234502
-338.8923003460256	-234.92565247060446	-109.67714239928608	-565.2490013234503
-338.30526315789473	-255.10526315789474	-526.0631578947368	85.17894736842105
-338	-631	-194	-394
-337.6966292134831	-256.72659176029964	-523.8014981273409	85.20973782771534
-337.5714032306345	-483.0801062096032	-75.8156409716294	-407.15097728356193
-336	-688	-188	-105
-335.91541515657514	-101.4924464511983	-243.06886631948316	-563.0746968304339
-335.90763150571206	-411.0756701182646	-438.2772035501234	-116.27243895387893
-335	-349	-518	137
-334.6294729475364	-273.88545249227786	-440.0837905954003	-213.54745089960673
-334	-403	-32	-470
-333.0420792079208	-93.509900990099	-638.0643564356435	508.4628712871287
-333	-256	-441	-245
-332	-480	-50	-446
-332	-313	-406	-233
-331.00186768317883	-431.27351630012043	-311.352871946755	-277.6394734169776
-330	147	-720	-125
-328.7641059346592	-404.34199056711907	-489.4169224802197	95.96129822788404
-327.2696623975427	-281.6013797693652	-321.6796074976622	-442.9242585265243
-326.37976893285133	-505.436967159891	-300.09749923406133	-380.97822667386407
-324.23302873561965	-512.1435501561443	-309.3727809562354	-387.1203780932019
-324	-274	-501	-201
-324	7	-527	-404
-323.22564612704184	-356.448487270925	-457.5327921905008	-127.19603634114767
-323.19787622983375	-220.58698699807235	-419.12847347624773	-274.2957333575
-323.12584994917444	-514.392826502071	-298.18442968516314	-381.6474701413514
-323	-143	-509	-190
-321.8600478468899	153.688995215311	-561.2230861244019	-497.4419856459331
-321.3613923675618	161.69465779417283	-559.8479875004746	-503.0008569804916
-321.1739867764656	-512.2009545605117	-303.50558401382057	-378.767800123321
-321.0707120289403	-209.09307886922898	-413.2678817530781	-276.5625471277361
-321.06520295956113	159.30500931707246	-559.9511121805671	-500.9698378124792
-321.0182928540124	158.63563258260572	-559.7647937835416	-500.29265639219966
-321	-458	-365	-169
-320.0342964535597	-277.6987088071751	-420.4817258746416	-331.8354298998207
-319.67246667476275	-512.4722743615995	-302.9903926717136	-379.9973690731093
-319	-416	-373	-121
-318	-773	-43	-133
-317.1595935779471	-258.43802940877384	-380.44061020047627	-435.0989001769726
-317	-256	-484	-402
-316.4332757552986	-259.6164871831327	-381.47955691477034	-433.60585466825654
-315.65513513513514	-30.21470270270268	-529.6761081081081	-381.1357837837838
-314.848222066517	-312.9355432113224	-519.5354341291925	120.38541496025506
-314.18322390356235	-377.5582628663149	-386.46773684105995	-267.98929272727855
-314	-31	-528	-378
-313	-399	-477	-79
-313	153	-533	-457
-312	29	-362	-553
-311.77138869956565	-322.19164581722976	-523.9065567036465	115.9661818188084
-309.1882719765778	-365.6843908946146	-468.08013637709814	-179.6723747584408
-309.13133769867994	-260.2010913585103	-370.9341545535618	-431.1776757522449
-308	95	-592	-530
-307.1002233713309	-232.65895952291714	-388.35359969201465	-411.6089225177875
-307	-412	-412	-159
-307	-208	-684	489
-306.4682294530469	-259.82868661061696	-373.6629815735929	-425.2294743698431
-305	-449	-399	-242
-305	-392	-398	-323
-304.68403192447846	-419.7752342459764	-345.85742530436994	-431.29778361978356
-304.6840319244784	-419.7752342459764	-345.85742530437	-431.29778361978356
-304.67771730744056	-293.3482868912252	-492.07282999694326	-98.25874659750144
-304.558568135592	-375.3304622882821	-403.3087913926112	-218.4219489642803
-304.2350969968225	-420.5867448002349	-345.45292777246414	-431.34200158453353
-304.2350969968211	-420.58674480023745	-345.4529277724638	-431.3420015845338
-304.2053148889698	-246.91190389515833	-581.4248270840917	-138.531306880233
-303.8869371597179	-246.8952649332739	-580.7934047893075	-138.53774426917957
-303	-283	-443	-197
-302	-247	-581	-136
-302	-226	-523	-199
-302	-224	-244	-551
-300	-133	-509	-470
-299.92625	-230.69347222222223	-347.6429166666667	-505.95180555555555
-297	-456	-553	51
-296.1187214611872	-257.2809901465994	-473.7390290795482	-315.31742369622685
-295	-427	-417	-15
-295	-4	-256	-571
-294.28069276043254	15.46498281555985	-553.0693443157761	-443.3040429279532
-294	-273	-444	-266
-294	-72	-635	65
-293.2019259549626	8.20704670724448	-562.600710367376	-453.18715392889544
-293.20192595496246	8.207046707244515	-562.600710367376	-453.18715392889555
-292	-599	-223	-500
-292	-489	-499	374
-292	-337	-421	-336
-292	241	-419	-659
-289	-456	-402	-216
-287.79863559610783	-213.54180531951178	-507.2718811944558	-388.2135707600552
-286	-568	-378	-98
-285	-216	-503	-380
-284	17	-314	-564
-281.8489012518363	-367.5819066762248	-375.77023517199194	-495.7260048592385
-281.8489012518362	-367.58190667622455	-375.770235171992	-495.7260048592385
-279.4992980597351	-136.18443522792333	-146.4895458661515	-563.3051902012007
-279.4661792931905	-136.31174736851872	-146.4307395184951	-563.2708178704565
-278	-319	-425	-197
-278	123	-273	-577
-277.5434143071093	-369.30729900465235	-366.42840965569474	-492.17841332818364
-275.7614429337213	-368	-368.05183038463406	-481.65839322656234
-275.5729337199301	-219.32319020032745	-368.7174680580008	-515.3660058026971
-275.5729337199301	-219.32319020032742	-368.71746805800075	-515.3660058026973
-275.35814867372557	-459.9315213040789	-367.60626569151844	-170.4188043517811
-275.191950322744	-375	-367.37812004396613	-481.1564344588631
-275	-267	-496	-213
-275	280	-655	-484
-274.31857423817206	-460.3859310984907	-365.5685510352905	-165.75739111219147
-274	-369.1148043717194	-367.08042591908725	-481.4157908697597
-274	-368	-368	-488
-273.9563025210084	206.58445378151262	-530.5468487394958	-547.2796218487395
-272.44215751298367	208.01895489994615	-530.7992894970928	-546.6553798164168
-271.75335005704767	-367.624304960127	-367.92079062612635	-489.24165555013417
-271.42743348883675	-368	-369.5389837590783	-493.68895507988657
-271.21834061135377	-507.3537117903926	-356.6681222707426	-157.60262008733613
-271.10469227812337	-369.98456704040376	-363.5621605758521	-490.6715631596086
-271	-319	-429	-275
-269.75987690551455	-368	-371.1597729960693	-493.08108738228657
-269	-485	-369	-156
-269	-277	-437	-227
-268	-213	-499	-393
-267	-347	-403	-306
-265.1143006853842	-370.24945136401317	-361.55097659031406	-491.0421162560569
-264	-420	-77	-515
-263.0161656219179	-373.4222477305773	99.76795665320475	-567.8347121032949
-263	-457	-413	62
-262.0076202917483	215.4445895928587	-686.633137382974	-295.9847594165034
-261.9958916509992	215.44398022421836	-686.6395794164753	-295.9894157788455
-260	-429	-434	-65
-259.24425773365476	-227.069026695962	-530.0132496805245	-287.0386035767144
-258.72961314250404	-375.80078455558976	101.4941881158648	-563.9959460068886
-258.0394538354783	-376.7817583118551	98.10321612978304	-561.4433793929782
-258	-376	100	-564
-257.489832731763	-381.754069850076	92.44471443207708	-571.7861468838794
-257	-302	-426	-384
-256.75446157908436	-358.61963288756334	-429.05777431751955	-255.43565317796595
-256.68008392050797	218.77386826735088	-531.5117240786029	-560.2284298486856
-255.1498622822381	221.7687499750269	-532.1201330903427	-559.0600741659399
-254.30866074106422	222.21833782026818	-533.0403840366902	-559.4543388187333
-254	-311	-521	42
-253.81076149031455	-270.3659372949832	-570.5741138696503	2.3716484796092914
-253.44386540458623	220.8975082055224	-532.1716132034178	-558.2907136427423
-253.34467609367087	223.37680393219497	-532.1750349989469	-560.8896792093254
-252	-116	-537	-424
-252	513	-575	-747
-250	-139	187	-641
-248.98346568055393	-479.69418094112007	-417.94788583723937	-28.881118417803407
-248.06990110328948	-555.0701360123405	-437.65353264061264	5.05867245064951
-248	327	-532	-700
-247.14748577856787	-555.2387306162318	-438.4512074178949	5.1102371034407525
-247	-64	-254	-561
-246	-327	-560	14
-246	-272	-565	6
-246	-257	-394	-541
-245.3396368040087	-587.8534755380726	-233.35797206087622	-316.9022133791908
-245.33963680400868	-587.8534755380726	-233.35797206087625	-316.9022133791909
-245.11988827840318	-134.25540875779376	-508.3934657260569	-361.3229513354005
-243.73821245762647	-134.0046576420155	-508.21730317766935	-361.842116208043
-243.51148206616523	-455.3496728962299	-226.85473835145217	-442.2205320520333
-243.3109312081082	-457.5257788308786	-228.12589368365443	-440.68936393195736
-242.84020973113968	-551.8161237959001	-426.6798731152277	2.021109682492572
-242	-547	-431	4
-241.7538557057958	-412.33604323357633	-473.6047642163391	-76.11420969151236
-241.03750228759694	-459.9979957562085	-228.73831391392412	-442.8293239344142
-241	-264	-517	-69
-241	-147	-548	-195
-240	-480	-418	-57
-240	-455	-231	-443
-240	-246	-159	-561
-239.70830333462106	-450.8647255577418	-228.8029138836909	-443.1782629322246
-239.41650338189737	-312.03095373642475	-24.054631283819713	-566.760704821595
-239.35468621477787	-311.8017900740752	-24.02951993483024	-567.0733124110307
-239.12816808036854	344.98315456662533	-592.1234935151031	-695.1372112393548
-239.11370104439249	-457.9202540167897	-231.39354865896797	-442.8872547771171
-237.92520289778992	344.6153153242674	-590.753255198627	-692.9561563900751
-237.89901839764568	347.3785911160411	-592.9131952138986	-692.7744128322106
-237.823065241723	-457.9202540167897	-230.1592025293413	-443.6818415536633
-237.2874601453248	-589.548971160835	-228.39508538326396	-309.3168613273074
-237.03886078308796	-461.21676752914493	-240.8410245190519	-451.8242838019263
-237.03886078308793	-461.21676752914493	-240.84102451905193	-451.8242838019263
-236	-388	-510	-82
-235.5822211672981	-463.06357254026767	-239.32706994296004	-404.9400129720947
-235	59	-269	-598
-234.86262626262626	246.22222222222223	-495.46464646464653	-678.1858585858586
-234.57472730275208	-701.7227115631101	-398.8364453451547	-1.0307147487900679
-234.0294933264562	-592.3133457203453	-282.50684493273076	-299.98006736339335
-233.46363988589047	247.21240922326993	-494.6838345401659	-678.9824707550795
-232.85147874528604	-593.0326382155818	-283.1393590731941	-299.8033996474745
-232	-305	-480	-126
-231	-617	-314	-252
-231	-258	-446	-332
-228	-377	-427	-212
-227.90496879999495	-593.2014731529839	-280.1405230691412	-296.62824485637066
-227.25167693439488	-595.4632873880741	-278.0031034617729	-298.46555657318606
-227.12578186218965	-597.1917926453077	-274.82590730853235	-297.78372499093115
-226.96760619533882	-426.0169229161662	-167.04756017718114	-517.7641773134407
-226.6615073965641	-594.4843126415047	-280.610201171212	-297.5166776947335
-226.44648123175412	-420.1336079785421	-371.19008313451195	-277.47033979935094
-226.14470937314977	-596.2083204372861	-276.1697578702513	-299.9900896785429
-224.8362633434012	-597.9602203249831	-276.7653048839888	-298.57123101427806
-224.58349012158553	-719.3997263552666	-142.06303782527215	-100.39219281539624
-224	147	-519	-591
-223.7355129067895	-593.4398703309632	-281.5670729317835	-297.60768410011445
-223.31950280884257	147.88945277852415	-520.2279400705509	-592.6493161321677
-223	-411	344	-611
-222	-425	-365	-276
-221	36	-589	-425
-220.0718649850792	-179.79645129948727	-278.93870300776956	-570.5183497870046
-220.06114869288484	-7.36787483063695	-586.5716499375063	-237.06952333271482
-220	-208	-550	-153
-219	-313	-538	-8
-218	-720	-240	12
-217.8549441796034	-287.49143436659824	-183.91088843030408	-554.7157710904098
-217	-208	-467	-412
-214	-745	-252	21
-213.77399824975922	-455.0874425962312	-41.385379093163486	-556.64839594547
-213	-540	-385	-55
-211.12266773040096	-470.26256904959484	-314.1969704513083	-255.4005068907026
-210.80201858515102	-470.13436622623186	-314.9957775297015	-255.05887970454614
-210.80201858515096	-470.1343662262319	-314.99577752970146	-255.05887970454626
-210	-533	-451	289
-208.60577436287502	-443.3762824555709	-41.45828233334221	-553.0819321974532
-208.51766764328445	-442.5738384982041	-43.29889663694942	-554.761336291478
-206.81210459275434	-382.74942765131794	-298.3414329664377	-457.4898966175357
-205.37603642659812	-239.96671812133434	-68.3407575885139	-563.4203295877163
-205	-156	-238	-592
-205	-34	-543	-295
-205	31	-299	-570
-204	-445	-439	-86
-204	-249	-529	-108
-203	-679	-138	-203
-203	-354	-517	37
-203	-309	-440	-188
-202.781018006634	518.9859224451113	-774.2745024482705	-285.2173629758332
-200.25494554592098	125.82100121066419	-598.2381878933834	-314.99171622268125
-200	-600	-404	-160
-198.57317898875178	-502.2920825597903	-495.8372174292891	213.46052200502345
-198.26361498100235	80.25954405645018	-620.1590374525058	-491.07065315722815
-198.23128186467838	-319.92616730704634	-300.746863566605	-558.0969040221522
-197.64518953548824	-426.05392058909297	-207.86524242170648	-538.261116455175
-197.64518953548813	-426.0539205890929	-207.8652424217065	-538.2611164551749
-197.64240401727278	-426.0919553264452	-207.8614264441556	-538.2297146339611
-197.64240401727267	-426.09195532644526	-207.86142644415565	-538.229714633961
-197.64054976187907	-426.088181458233	-207.8652424217065	-538.2314803005971
-197.5763377254318	-322.59018545469297	-300.3097472244931	-556.5427885378069
-197.5763377254318	-322.5901854546929	-300.30974722449304	-556.542788537807
-197.57633772543178	-322.590185454693	-300.30974722449304	-556.5427885378069
-197.5763377254315	-322.59018545469235	-300.30974722449275	-556.5427885378074
-197	-427	-477	-37
-196.1104625054138	-297.54300266468664	-387.1547143013102	-411.7097586256243
-195.76342209409881	-444.4687528545266	-293.5168245256703	-415.95647886189244
-194.01576590639246	-450.616005157062	-298.0080892442785	-421.38362734955075
-194	-209	-659	-129
-194	52	-357	-563
-192.4133360968532	-297.35231869409284	-488.78152028043553	-301.47394857717023
-192.29413386878764	-413.45550414506096	-204.42347101996037	-539.671794031002
-192	-408	-495	-102
-191.09371134218054	-266.40806324265185	-535.9066505717973	-184.11290155666046
-190.63757976837627	-367.09079019932244	-511.2229732923659	-122.63825730717717
-190.46092233616426	-470.71063404428287	-461.0414014858655	-2.4445397581393546
-190.3317719768505	-418.36786093405146	-198.84870574036296	-540.082040279636
-190.23355992496394	-418.8227831824993	-207.86524242170654	-533.8481013559864
-190	-341	-482	-163
-189	-311	266	-730
-188.63416288299692	-415.71938717628626	-200.97526673865826	-538.3430593972533
-188.53385143957715	-319.49476458107756	-398.15722623010697	-444.37297008179564
-188.53385143957703	-319.4947645810777	-398.15722623010686	-444.37297008179553
-188.50648680680104	-419.0270626034603	-199.78022852148422	-538.5857091038965
-187.41965684177316	-114.9459069225273	-326.3248242796743	-563.120880651706
-187.3660936362548	-114.98260366244281	-326.221581997024	-563.2421342687986
-187.36609363625467	-114.98260366244283	-326.221581997024	-563.2421342687988
-187.1424675196007	-459.8143375069661	-354.81589199313674	-403.256721887928
-187.14246751960061	-459.81433750696635	-354.81589199313703	-403.25672188792794
-187.1424675196005	-459.8143375069664	-354.81589199313686	-403.2567218879279
-187.14246751960047	-459.81433750696647	-354.81589199313686	-403.2567218879278
-186.92892446294496	-459.66297047235787	-355.240768760315	-403.1977836875807
-186.92892446294496	-459.6629704723577	-355.240768760315	-403.19778368758074
-186.92892446294493	-459.6629704723579	-355.2407687603152	-403.1977836875807
-186.9289244629448	-459.662970472358	-355.2407687603151	-403.1977836875806
-186.92892446294476	-459.6629704723581	-355.240768760315	-403.19778368758057
-186.92892446294476	-459.662970472358	-355.24076876031506	-403.1977836875807
-186.92892446294474	-459.6629704723581	-355.2407687603151	-403.1977836875806
-186.92892446294462	-459.6629704723579	-355.2407687603153	-403.19778368758074
-186.8810417361145	-421.7989122534144	-303.0879672370809	-429.44712640228164
-186.70734694665836	-323.99999999999994	-287.6126680326275	-543.6267355634025
-186	-723	-237	-429
-186	-652	126	-444
-186	-570	-582	408
-185.706362568818	-324	-287.53245555154854	-542.9345672306343
-185.51705689052451	-418.7294962535436	-200.69658174484638	-538.590537635448
-185.510297250152	-557.4119317790885	-410.2278409567433	-134.39399281026527
-184.40168883096717	-418.812905454418	-198.6021026041782	-538.8136826105268
-184.21467175795382	-412.1100074326345	-411.9356142887933	-194.73438079887788
-183.245630248433	-342.5655723387076	-479.9741643512581	-165.32622973492286
-183	-253	-498	-282
-183	603	-654	-631
-182	-166	-544	-232
-182	-31	-557	-301
-181.01399353384892	-108.32468133905232	-537.6370277638715	-386.4247384532583
-180.97066151251255	-108.22555428814587	-537.5133163218951	-386.6905601489799
-180.63621172109484	-378.24123952355535	-435.2891846354679	-322.99182718755446
-180	76	-706	132
-178.65884486876305	-451.21054536504755	-342.9833155273294	-404.6681265097756
-178.1430206221877	-176.87312575564334	-181.75190240266386	-571.4436963172424
-178.03523119906257	-176.96436094661772	-181.79969867533265	-571.4121896766214
-178	-238	-491	-318
-177	157	-545	-536
-176.47523999770954	74.51659951408958	-544.695873817052	-468.1070746852885
-173.89775886836566	12.128063504072083	-384.07997022510136	-558.9131685211194
-172.92833873878038	-459.9417339889577	-445.32814578445357	-41.89915951567279
-172	-286	-429	-382
-170.8218966773614	-319.92616730704634	-393.5911685374224	-443.4217373344557
-169.6291117665129	-383.205005894616	-456.3357686226607	-160.21935851966185
-169	-453	-446	-291
-168	-495	-409	-195
-168	-362	-524	-168
-166	-491	-445	160
-165.93826234103176	-510.59484827801145	-336.4168269632748	-308.88400776308083
-165.1781802839567	-450.81240950898905	-346	-404.6448011460238
-165	-299	-448	-206
-164.5922736862684	-509.7063999789616	-337.7412916562054	-309.80546213442125
-164.5922736862684	-509.7063999789616	-337.74129165620536	-309.8054621344213
-163	-450	-468	-238
-162.15836601130647	-509.80642989548636	-435.8210100485479	-198.12935961698614
-161	-86	-562	-328
-159.88699774909276	-500.5585942472415	-338.16475323512	-307.22395179761736
-158.03616452456563	-147.59495172166191	-346.87898638058516	-554.3135526433888
-157.34730392789047	-704.0962280585146	-306.09141467150516	216.18422216975426
-157.26855164876713	-302.5152478237542	-505.22885649068365	-195.64895137320116
-157.07652381286385	-503.1024759767132	-338.4588623132496	-302.8256295153258
-157.0161228222158	-53.69513427663876	-564.5237510828761	-453.08641351429395
-157	-89	-569	-314
-155.6814103732334	-548.0593330547744	26.533358571513304	-524.2230476083979
-155.43185759085037	-548.4929164360819	26.262313226342002	-525.1726065301606
-155	-547	26	-524
-154.48367664411415	-241.4420157233855	-464.0811253846136	-454.26881511761337
-154.48367664411347	-241.44201572338625	-464.0811253846139	-454.26881511761337
-154	-306	-503	-192
-153.62936560811312	-131.3692368050929	-555.5653201569324	-172.16496483825597
-151.60423468290983	-24.389663327226945	-498.0775106954693	-553.9621768163761
-150.61518907370754	-475.40317783635135	-377.9684471637255	-377.21956746713533
-150	-429	-512	-22
-149.0200406758582	-127.92785376275162	-406.0110892097755	-542.5023834750255
-147.96760708018235	-128.3857656626521	-406.22761756034174	-542.8793368285594
-147	-126	-556	-168
-146.55543327203543	-262.33610439387746	-509.0425689453192	-239.53286507136033
-144	-468	86	-547
-144	-275	-654	-189
-141.23214285714286	-375.25	-301.94642857142856	-466.6071428571429
-141	-606	-267	-279
-140.74099915268238	-225.124428668255	-430.16370657539824	-455.6845009014189
-139	-637	-268	-44
-139	-402	134	-565
-138	-346	-264	-496
-136	-267	-583	-249
-135	-407	-117	-627
-134	-491	272	-607
-132.66743522321354	-132.29424076063808	-523.1897579984898	-362.42651780288185
-131	-283	-346	-524
-131	-261	-667	-245
-130.4816745964034	-516.854368972499	-425.4569664916235	-6.4445576423783
-130	-71	-579	-463
-129	-779	-44	-43
-129	-501	-464	89
-127.31061122045578	-278.7705480347968	-130.13677340723973	-567.1626284372398
-125.54104518060416	-579.4081186313061	-439.885392961858	17.69760341159658
-123.48771089026823	-119.33520629373007	-340.1251599525664	-558.5105215555138
-123.46340673760355	-119.40938805202364	-340.039325824907	-558.546920376465
-122	-327	-221	-513
-122	-322	-530	-163
-121	-586	-438	25
-121	-499	-256	-426
-118	-356	-473	-301
-116	-383	-559	-80
-115	-427	-517	-61
-115	-235	-513	-256
-114	-206	-531	-304
-112	-188	-565	-270
-111.81949141451763	-541.6965599579069	-439.9231737969833	250.2783689079631
-110.5301921887501	-368.896760063943	-501.8137687949519	-304.67663163405894
-107.85905430451591	-85.19420246130449	-547.3515422727019	-429.4132631768887
-105.1243503901425	-533.0389747085229	-440.44548737685653	254.9848876269093
-105.02044653349006	-483.96004700352523	-374.85640423031725	-208.77743830787307
-105	-455	-493	23
-105	-280	-437	-395
-104.95774543751776	-484.3693608211852	-374.3051595174428	-208.9753176177743
-103	-463	271	-600
-101.17057241644258	86.45485977718018	-566.3649635036497	-631.6753745678063
-101	-311	-443	-334
-100	-7	-587	-324
-98.0256339980976	-528.8198365228046	140.35935963370792	-529.3723862189047
-97.56422018348623	244.57798165137615	-481.6207951070336	-682.0733944954129
-97.51412429378531	244.4406779661017	-481.6779661016949	-682.2542372881355
-97	244	-482	-682
-94.16796059158108	-508.64670474707015	165.18679324327013	-568.520116565707
-94	-503	-481	39
-93	-694	-278	-161
-93	-432	-208	-574
-92.61059959577814	-693.8846844823714	-278.58769368964744	-161.1821244105098
-89.82056290568165	-408	-522.813715231732	-127.2626674174719
-88	-556	-339	-176
-87	-406	-523	-126
-86.94257839441164	-295.4526635110557	-539.5172935092912	-95.70150675625821
-86	5	-265	-571
-85.52190504657999	-389.8349324963882	-401.43075773426995	-374.55088925422206
-85	-530	-443	226
-84	-390	-398	-368
-83.65939868148885	-120.14143250345673	-578.3623477148273	-317.5713507568091
-83.29287742201146	-384.5622135760552	-401.95902799441507	-376.1520576453313
-83.26231804162879	-384.997690599997	-401.6450675685743	-365.9528584412295
-83.21067297315872	-384.9025902535044	-401.89306277159255	-376.1139081107732
-82.3826998689384	-549.9266055045872	-464.42332896461335	77.29226736566187
-82.3787343029071	-385.6470575654355	-403.5708782838939	-373.93119264545
-82.34274039923758	-385.1464124830939	-402.12440789769647	-375.5121560320141
-82	-62	-169	-731
-80.20207981764236	21.144648401474488	-329.2534034329006	-571.1594774487243
-80.14714277552807	-386.94650770706994	-403.0861740841941	-374.1058485824299
-78.63769491525423	-390.98183050847456	-396.07877966101694	-368.25220338983047
-78	-485	-367	-419
-77.01914438055807	-472.88902912643596	2.6665262725164087	-548.7474677243207
-76.41213921914242	-141.78000587932894	-293.0746792023534	-563.9295562031632
-76	-477	-447	23
-76	-75	-711	32
-74	-537	-498	240
-73.33262076551216	-454.09909505717746	-509.90976923500523	-88.94310436591645
-73	-733	-351	402
-73	-395	-544	-201
-70.73212428625108	-542.0172756513264	-461.07503110738094	77.12231378275177
-70.5	-106.66666666666667	-679.3333333333334	-430.16666666666663
-70	-457	-510	-27
-70	-106	-680	-429
-69.02410456628756	-344.446736933072	-461.72929430101385	-309.7629666208855
-68.3658536585366	-106.82588075880759	-678.7242547425474	-427.449864498645
-67.94980694980694	-106.37934362934362	-680.9237451737451	-428.9633204633205
-66.90298451177154	-592.9751426100652	-315.85726844692806	-220.3588221584092
-66.52307355349414	-427.65258199062316	-303.63544064388105	-440.59003521997994
-66.43049532296031	-553.0516239764527	-302.7748480250355	-305.7289761773308
-66	-744	-47	-159
-66	-391	-276	-464
-62	-138	-567	-304
-61.26345817617407	-591.3620246577252	-413.08898743790337	-109.4866575369295
-60.8657223415682	-256.47424140708915	-507.4598348549946	-280.4503759398496
-60.79681821568457	-504.9348611489625	-77.59263554026084	-504.63286080943624
-60.240212940841374	-256.0197783656691	-508.373352423502	-280.6028330123302
-60	-424	-401	-319
-60	-171	-528	-357
-59.32320880516457	310.6416022859562	-703.7859032701873	-535.8157476981692
-59.178543864969605	312.1785450117654	-703.7938972530346	-533.3135275783635
-58.55244222205524	311.6432283747859	-704.5648549906164	-533.7564067545975
-57.979241272672816	310.77812392302957	-704.7149658611411	-533.7568692487826
-57	-475	-510	-8
-56.090811252664764	-554.5700417073624	-356.5978959164688	-289.9628381230155
-54	-498	-489	18
-53.68847082368577	28.69460799340871	-360.7861181971911	-567.1952836493012
-53	-470	-378	-213
-53	-417	-400	-323
-52.795362318840574	-555.2255072463768	-356.81681159420293	-289.18898550724634
-52.79096286268029	-556.035114150082	-348.8291917567103	-288.2998606479284
-52	-138	-538	-358
-51.526779890519066	-367.96192111759706	-572.9913637226814	-204.4012566361452
-51	-368	-572	-204
-51	-325	-436	-361
-50	-518	-305	-308
-50	-460	-575	195
-50	-457	-132	-561
-49	-113	-538	-377
-48.24502493923282	-422.0887931406503	-398.2628057327938	-329.92877043604443
-46.1536825136689	30.192523366700158	-362.2689708054231	-563.2382840972648
-46	-257	-457	-509
-46	31	-363	-566
-43.19475463579553	-462.7716038315747	-468.17270259194754	-315.146110798074
-43	-400	-551	38
-42	-477	-433	-199
-40.17612104284788	-588.4759615782971	-524.1622108352108	7.884489710664752
-40	133	-431	-635
-39.110989149014	-467.5066035312915	-439.6403800798047	-70.26171997546435
-39	-463	-529	-52
-32	-327	-391	-558
-29	-399	-490	-246
-29	-298	-393	-483
-25.685139025028192	-689.9766557896045	-374.41562315306703	-126.61984407438695
-25.46646396841066	-690.7018440276406	-374.9908548864758	-128.72804738400788
-25	-491	-443	-41
-24	-692	-373	-126
-24	-508	-380	-351
-24	-376	-286	-468
-23	-626	43	-433
-22	-84	215	-708
-21.26813144082203	-726.4343895961289	138.65734588748614	-418.10677897508015
-20	-727	138	-418
-20	-154	-565	-329
-19	-341	-463	-332
-18.202349869451723	-775.6057441253264	95.27676240208878	-360.7806788511749
-17	-291	-509	-217
-16.531790574315337	-350.5303295533568	-528.9172061805266	-216.893885173299
-16	-354	-618	-96
-16	-347	-391	-403
-15.032255644471292	-356.4920157263005	-619.786812160012	-99.39390347531344
-15	-774	95	-357
-15	-619	-94	-580
-15	139	-492	-690
-11	-67	-538	-471
-10	-537	-259	-382
-10	-456	-483	-111
-10	-232	-484	-407
-9.950643193923398	-200.18462650014686	-561.8920758122545	-366.5682757065256
-8	-628	-322	-315
-5.313265227487246	-363.8038792057963	-237.19621788737362	-507.67430135860945
-5.313265227486866	-363.80387920579676	-237.1962178873737	-507.67430135860934
-5.313265227486863	-363.80387920579665	-237.19621788737373	-507.67430135860934
-5	-450	-475	-211
-4	-492	-438	-115
-3	-278	-464	-429
-2	-256	-549	-287
2.602155172413802	-626.1089471348885	82.56352053752536	-520.4473345588235
3	-463	-348	-507
6	-274	-520	-235
7	-140	-491	-417
11	82	-526	-520
13	-497	-479	-80
13	-205	-239	-559
14.197531798535422	-333.717611130866	-404.07425521355265	-489.8935398914981
14.19753179853543	-333.71761113086603	-404.07425521355265	-489.89353989149805
14.44243045688043	-385.02124145422704	-560.474327749247	-53.41509544824958
16	-319	-444	-374
17.19363474122545	-410.1653777513385	-399.1814396192743	-339.68768590124927
17.419725653497572	-410.4597928403961	-399.10193512265107	-339.6976239633272
17.7321117120007	-474.51627259556346	-509.7765016444609	-191.4449093859392
18	148	-276	-714
22.89486552567237	-386.6601466992665	-553.2958435207825	-46.806845965770165
23	-359	-281	-529
23.430555555555543	-359.08333333333337	-281.09722222222223	-529.3333333333333
23.712275741677196	-389.5753915922697	-553.9118146542319	-46.74903940115557
25.864569761495126	-338.76581041106306	-396.14416021010913	-487.3708146650341
26	-357	228	-729
26	-120	-627	-306
27	-647	-289	-131
27	-461	-82	-662
27	52	-684	-420
31.3151823907086	-217.32712706839465	-547.8880937596851	-371.9849831550415
36	-582	61	-588
36.317180616740096	-581.4977973568282	60.80616740088108	-588.0176211453744
37.39604468705022	-365.86082248042965	-385.8629287043213	-400.6389712851476
37.44944527050223	-582.6496053986045	58.89385794349759	-590.6160356856915
38	-290	-547	-206
42	-507	-528	-10
42	-331	-476	-327
42	-262	-488	-328
43.46745304602736	-371.17973538573466	-479.0075477992522	-291.3540419334245
49	-308	-433	-376
53	-265	-530	-267
57	-130	-516	-425
59.9459146621034	-180.38058669650468	-145.55868474952447	-579.427763725563
62.638287489781746	-263.43892078550454	-465.4039480480015	-450.9470344001635
62.638287489781746	-263.4389207855045	-465.40394804800155	-450.9470344001635
63.94117647058823	-97.57571964956196	-442.8986232790989	-573.377972465582
64	-508	-101	-695
64.22269497474531	-95.89222669292012	-441.0536683503125	-574.3457152641041
64.6192836662293	-95.6150556446518	-441.4185255382223	-574.0336297808233
68	-163	-127	-580
69	-266	-344	-566
70	-138	-678	-237
70.66233766233765	-329.05194805194805	-404.64935064935065	-418.4155844155844
71	-336	-540	-277
71	-329	-405	-418
71.05505409641594	-499.4774336788146	-241.28150181303744	-484.96164708813313
71.58891207727794	-501.0472422534784	-241.7376812284458	-485.81259187256586
78	-580	-244	-557
78	-273	-512	-324
78	210	-748	-360
79.43147626828593	-662.2006287234594	-19.791799059692494	-448.24057609232545
80.59915990175398	-276.5398313039959	-171.4824327722315	-677.5232518816575
82.38578224600101	-276.7875852347971	-169.64761467700524	-675.8781732978123
82.67402719487717	-659.5616852727861	-20.83965546007326	-444.87835364884324
83	-768	39	-147
83.09351769346287	-274.833627237776	-172.09316251565588	-672.9177732220858
85	-142	-523	-393
86	-152	-516	-384
89	-271	-552	-226
92	-395	-412	-347
96	-29	-530	-497
99	-605	-276	-408
102	-227	-541	-390
104.69914837154383	-304.26365309122104	-415.50496607351147	-423.38037820304777
105	-447	-585	33
106	-158	-505	-414
107	-310	-416	-422
109	-256	-496	-341
110.75664536597552	-256.6577649816116	-495.3480336182332	-343.9037858086595
112.33319960844949	-476.28049152039097	-535.7837327025967	33.47485496689442
113	-544	-425	-109
115.00706750520963	-320.32559717579414	-474.1629952522956	-403.46031205250506
116.33232781601376	-551.2512238605867	-488.28248803460724	-99.21679005761351
117.01212804582131	-551.2287158335162	-488.76823276738867	-99.41940481176601
118	-631	-425	-159
118	-317	-471	-408
121	-418	-376	-393
123	-715	175	-525
134	-368	-577	-191
135.3148609749718	-495.9766557896045	-455.41562315306703	-175.61984407438695
135.53353603158934	-496.7018440276407	-455.9908548864758	-177.72804738400788
137	-498	-454	-175
146	-201	-681	-152
147	-425	-413	-360
148	-505	-509	-161
148.11524333230935	-218.14486860499596	-394.26709933038205	-512.5357525521587
150	-333	-498	-379
151	-589	-338	-270
153	-434	-403	-364
157	-498	-274	-476
165	-315	-548	-250
166.6231639032583	-611.8655329624988	-132.9410784519451	-587.1944401493292
167.20569859120104	-608.4498164605329	-133.4198471625856	-586.8250352318786
169	-446	-210	-560
170	-347	-440	-355
171	-432	-481	-211
171.43933510389635	14.736888416040557	-464.89003225032627	-566.5760648684334
173	-495	-537	242
173	-419	-551	0
174	27	-360	-657
179	156	-745	-71
180	-554	-417	-218
180.60006612142834	-249.08794109754933	-391.323811684743	-648.5604209490695
181.07165541769976	-249.1166497942457	-389.89855954423024	-645.6275579218068
181.43635160422232	-249.58127314077586	-386.9981295322068	-646.4694541804415
181.57202213477754	-249.5256864995042	-386.9214082556303	-646.8227109585689
184.62385169300825	-378.14756572154715	-385.8445847563074	-516.0774759749027
186	-231	-521	-309
187	-348	-294	-633
189	-269	-577	-316
195	-690	66	-519
199	-312	-519	-303
200.53185451662694	-221.73009843430003	-578.9611743049841	-263.7696733470665
202	-363	-467	-326
202	-222	-579	-264
203.3042253521127	-224.50140845070422	-581.0450704225352	-264.86478873239435
204.54892632346028	-366.05321553127135	-513.9950644272162	-212.32203822338147
207	-34	-567	-499
211	-254	-523	-375
225	-60	-506	-491
226	-70	-499	-482
228	-162	-495	-411
231	-328	-546	-274
232.40718106503635	-561.8256116820437	-349.6233055136733	-214.9804278773256
233.65491756679936	-508.77885162023875	-450.8197839681638	-103.17339397384879
234	-583	-432	-88
234.09497570445035	-508.01299781762054	-451.5005847812195	-103.66948406621893
243.76483829322387	-551.1224800556126	1.6889834155384114	-626.1655632427422
244.07728953197974	-551.3350299689537	1.7050261904225477	-626.28357893801
246	-537	-286	-459
247	-733	0	-323
247	-418	-476	-292
252	-428	-542	-411
254	-735	-181	-283
255	-540	-440	-278
257	-127	-574	-359
270	-504	-529	87
270	195	-741	-260
273	-461	-584	-155
274	-473	-410	-343
282	-760	153	-379
282	-448	-454	-388
307	-760	-106	-186
309	-290	-505	-418
310	-265	-423	-453
311	120	-721	-126
325.349204741161	-639.3735690406241	-42.475787660824636	-467.8292472900415
326.0505746434414	-638.4002913408476	-43.070575005972046	-467.050089291154
326.4735303015024	-639.3899868911969	-39.882429722250244	-466.78904910759303
328	-764	240	-362
333	-32	-491	-508
383.0727812848125	-735.0111399925734	-55.415521722985524	-225.4292610471593
383.24448943729226	-735.0477900446957	-55.965083852236695	-225.0187187225427
387	-553	-256	-461
407.7202677922147	-556.3655904821003	-196.61214500958113	-630.849542960249
407.8977318977319	-558.8568098568098	-197.82373182373186	-632.6251156251155
411.1646286966029	-559.6110209740965	-194.62942157478787	-629.1435527277372
421	-279	-593	-298
440	-399	-575	-185
455.31190838638145	-456.0566680627283	-486.64211476319997	-406.9143115290083
458	-644	-62	-544
496	-630	-75	-513
539.0304155095065	-741.0533361817276	88.7431994588051	-438.7532934558143
