-758	-220	22	-161
-750	-146	-452	124
-709	-275	-261	173
-699.6666666666666	-284.6666666666667	-332	26.666666666666657
-697.0437079621415	158.9698484043767	-346.9875240142239	-417.85704897864343
-697	159	-348	-418
-695	-264	-461	-33
-691.7059383326989	-454.2778835173202	-275.68500190331173	110.20879330034259
-691.6454545454545	-454.4454545454545	-275.93636363636364	110.12727272727273
-691.323852863102	-454.4162558462899	-275.325875363418	109.87877638730882
-691	-454	-275	109
-691	-317	-312	-100
-691	-129	-314	-154
-686	-92	-48	-312
-685	-117	-179	-183
-672	-469	-96	329
-665	-359	-548	126
-657	-372	-103	-75
-648	-627	-280	139
-646	-273	-25	-259
-624.9730396475771	-104.62325991189428	-362.1912775330396	-406.2329515418503
-624.9726721899344	-104.63769011994559	-362.1864102881167	-406.2238160009892
-622.3760893778367	-104.67357123926338	-360.7025377959977	-406.97084340604926
-612.6421453692849	-421.46688159437275	198.06213364595547	-205.62162954279017
-599	-403	-295	146
-598	-415	-161	106
-596.1862290754725	-419.9501483289321	-173.34528773028967	97.44183734701834
-596.1862290754724	-419.9501483289322	-173.34528773028967	97.44183734701832
-596.1862290754724	-419.95014832893196	-173.34528773028995	97.44183734701838
-595.4819517544729	-471.3387209741378	130.78911022760968	90.24058840695231
-594.0729700222058	-406.538013376335	170.56438233583586	47.620516945120045
-593.9997486255734	-471.7420610041373	-22.531397774892724	35.187188924146994
-592.6419860928985	-423.8167202076927	-183.60537245697506	70.36811063759032
-592.6419860928985	-423.8167202076927	-183.60537245697503	70.3681106375903
-592.055951259911	15.50484962228697	-382.77151185488333	-227.0824397041671
-590.9155541337539	-347.23322428137783	185.49953914965283	-93.06368239402339
-590.8256270842178	-469.4265153398411	-367.55092978839514	215.58829245740617
-590.8256270842176	-469.4265153398412	-367.5509297883951	215.58829245740617
-589.9317032692821	12.327326694214547	-372.1312630454371	-215.93044459900437
-589.6853376849831	-177.14693830336523	129.1634136656158	-288.5637017766269
-588.733990384231	-405.9179313502274	-469.342196632167	-52.64165899805161
-588.733990384231	-405.91793135022726	-469.34219663216703	-52.64165899805147
-588.7339903842309	-405.9179313502274	-469.34219663216703	-52.64165899805161
-588.7339903842309	-405.9179313502274	-469.342196632167	-52.64165899805164
-588.7339903842304	-405.91793135022755	-469.34219663216686	-52.641658998052236
-588.6640369151323	-405.7920960918341	-469.65332192751544	-52.526164140601736
-588.2788802008796	-333.9589577513533	-107.71198042376079	-223.04828254814896
-588	-515	-239	94
-587.8218129277702	-372.61086296000525	-139.7986208922393	-99.30668291866817
-587.6840702238302	-321.0002598074218	240.07489242736526	-273.2104713451811
-587.6840702238301	-321.00025980742197	240.07489242736517	-273.21047134518096
-587.6381866757224	-443.95069265282245	191.8951629842149	-80.201625374823
-586.9621929482234	-374.0504513135231	-141.72015211573745	-103.9207713856741
-586.8107758478444	-367.8859036288632	-141.7230203137626	-97.66720711913194
-586.7189455123682	14.662724828638897	-373.1746450415372	-215.75294879179913
-586.482224794473	-374.2237306930133	-140.25620560398912	-105.70105573304872
-586.184609314276	-398.4553087097493	219.9314972756053	-284.0414063128891
-585.8889415859957	-450.34106671305426	-158.86006868959572	-52.23375388812173
-584.9231989005762	-287.0013375630085	-414.3340555582031	-242.3083612068787
-584.8477777777778	-115.1611111111111	-93.05777777777777	-247.00666666666666
-584.7960199004975	-114.94527363184079	-93.37810945273633	-246.955223880597
-584.7960199004971	-114.94527363184014	-93.37810945273634	-246.95522388059652
-584.2562677716634	-494.0987196994297	-7.1345141290511265	33.181198506161664
-584	-456	328	-13
-583.8432600097445	-376.6771702611991	43.63121022462839	-156.25380755956212
-583.8329075688648	-376.65975995865443	43.64223916270113	-156.2930412593356
-583.7682265107157	56.178619144790545	-142.4790476627548	-435.97614392190474
-583.3	-28.25	-370.25	-399
-583.269148632394	-99.81519004025333	-380.5537465007364	-368.4480376053393
-583.2691486323887	-99.81519004024614	-380.5537465007358	-368.448037605344
-583.2691486323887	-99.81519004024612	-380.5537465007359	-368.448037605344
-583	-295	-622	-65
-582.762565887843	-338.16072157410736	-111.7622603210603	-252.24005980378283
-582.7625658878353	-338.1607215741054	-111.76226032106325	-252.2400598037825
-582.7625658878352	-338.1607215741054	-111.76226032106337	-252.2400598037825
-582.5181324957168	-453.92147344374644	-161.39805825242723	-59.74143346659054
-582.3889816360602	-453.94490818030056	-161.4757929883139	-59.77128547579301
-582.2998467673175	-382.96509495220675	-298.01588027703355	-105.27631030171094
-582.018509629382	-458.82867893931586	-318.5193403726995	-115.4967673268547
-581.8159104193716	-458.89608534947007	330.09239220404856	-17.16907043670493
-581.7595518944681	-405.284112359063	-122.84318114427465	-232.6680648870696
-581.5329518982644	-458.7401330879286	-318.37678339622255	-116.2142960948822
-581	-604	-133	114
-581	-417	-329	19
-581	-80	-170	-422
-580.914278025826	-394.69564435962644	226.74464821232408	-284.34812812568816
-579.5951744544903	-163.9913852250782	-155.93509116773646	-444.7466654834155
-579.5003698784732	-162.4821113838325	-156.76093540343697	-445.5225076672456
-579.1386072262229	-270.7167799615167	131.89493548821585	-303.4202371882344
-578.0730142608803	-337.35757508538865	-112.95144533435628	-249.74672361611647
-578.0268400664085	-280.39153292750416	-208.91975650249032	-248.74349750968457
-578.0268400664083	-280.391532927504	-208.9197565024904	-248.74349750968454
-577.5783529342697	-90.64138907013856	-381.00445084176994	-361.5105268496004
-577.4128144663118	-89.6325935340358	-383.85468559739786	-361.9384050558887
-575.8522222602287	-447.86453179277	28.873414270453676	-172.62997745690916
-574.3096315449268	-309.62658909717805	-49.76890756302642	-428.3164188752413
-574.3096315449257	-309.6265890971774	-49.76890756302521	-428.31641887524245
-574.0154739605754	-336.1255642246426	-114.43766688899362	-248.1040356036658
-573.7085275238057	-310.50959123743627	-45.72587967565643	-430.134377891307
-573.118992475117	-489.88421975968777	-288.73463895586286	334.2698861090738
-571.8726063774037	-420.6175001172558	-96.1727707658464	-222.42129686115095
-571.8715514462197	-89.7874745157273	-381.02434080674766	-366.01490218154237
-571.5742101890523	-311.11119581772925	-398.08202344879555	-362.75168652933996
-571	-422	-99	-230
-570.861966972579	-305.9763897233133	-395.39862995351643	-367.1510930644437
-570.3944560211482	-306.0572443867333	-394.64203012215495	-366.90781053966543
-570	-37	-533	-443
-568.022456625231	-5.504388280636164	-83.52986018589114	-503.03729493849903
-568.022456625231	-5.504388280636093	-83.52986018589122	-503.0372949384989
-565.4017619913309	-496.5105579639216	-105.6301216613089	73.65487344427659
-565.4017619913299	-496.5105579639211	-105.63012166130594	73.6548734442734
-564.2386124876115	-576.8783746283449	-93.28499504459862	4.542834489593656
-564.2047626205758	-576.8477249070421	-93.56312769620423	4.754205440482842
-562	-175	-421	-94
-560.2422245261647	-575.8108335870961	-94.48191346583658	6.974130953293327
-560.1564508045954	-576.787819595295	-94.70548516959403	7.0124217364756305
-560	-491	-102	72
-559.8901797075386	-361.1135197324146	-13.95875871404013	-249.53680408193657
-559.8087202487334	-348.3469735620671	-150.37065805407383	-320.64783689784394
-559.3914395797636	-465.6597717963257	-232.71766090371744	12.49624071131844
-559.1017964071856	-466.4610778443114	112.04191616766465	-47.13772455089821
-559.1017964071856	-466.4610778443114	112.04191616766475	-47.13772455089826
-559.0490566069475	-575.1054985389362	-94.7714373081202	6.6688301283359
-559.0212734514511	-574.775946413058	-94.54254544192669	6.271421216746954
-558.7778831990757	-573.7354319803336	-94.26624877747803	5.116031464636642
-558.7487938931297	-227.0279389312977	-99.56632061068703	-507.66937404580153
-558.5255843337183	-343.74710418216716	-182.97362901571267	-184.23444411670584
-558.3416352380275	-114.1179819255675	-465.62015228065184	-217.1608909129723
-558	-292	-207	-381
-557.9909711604785	-186.44400879839037	-489.1550615643631	-234.20879807249136
-557.0966172741207	-186.10900496225355	-490.03457657639467	-234.54438112146144
-557	-471	-234	9
-557	-463	111	-47
-556	-353	-184	-184
-554	236	-30	-516
-553	162	-50	-530
-550.1334073546109	-188.49778581092752	-479.01571125800825	-227.754848860425
-549	-183	-137	-408
-547	-58	-67	-535
-546.234746749697	-310.5899983362251	-493.36300002376817	-58.33377700663135
-546.2347467496969	-310.5899983362251	-493.3630000237682	-58.33377700663135
-546	125	-395	-543
-544.4980615228169	-204.55974323121902	90.9147070039405	-520.4421952459642
-544.0547498086162	-474.9858097292787	309.9509638805759	-21.69260212958461
-544	-58	-224	-423
-543.5810104277919	-197.3404041670182	96.01924122453036	-520.883228848209
-543.2169970631425	-56.33335504953362	-222.76554466298526	-426.91597278236236
-541.2305488171797	-198.3514592261929	95.97563496638789	-521.9457261384631
-541	-213	-462	-355
-541	-205	-117	-411
-539.9237516733799	-406.58068138258034	-373.52881515861	84.52357121373852
-539.6437634415553	-362.38860994193794	-341.9909110690775	-122.32039623930828
-537.9566091991073	-468.2450000644737	308.8952689198071	-19.12972108676836
-537.7721245066131	125.72527006439998	-398.56318381691017	-543.907992001939
-537.6876604861309	-354.59232609066754	-355.98067819773723	-205.75418211202341
-537.1995178606029	-319.0457712127386	-475.3317309916794	-51.84158670887308
-536.7823086364579	-214.88438786720434	-462.22291841878524	-354.8134275495498
-536.1957069632001	-225.16793249663672	-423.85524411218773	-378.49451662891886
-535.9071411400544	23.47313961158946	-250.8448769513941	-516.1252185443498
-535.903246392314	-377.49274848871755	-529.13364775607	256.3647166536074
-535.3814406530412	23.56634532025815	-251.40335455430971	-516.1796883969668
-534	-416	-133	-232
-534	-352	-286	-224
-533.0929203539824	-264.7168141592922	-277.8230088495575	-386.15486725663715
-532	-113	-529	-594
-530.6089140887359	-382.76896817375484	-503.50378130612984	-39.514029615272335
-530.6089140887357	-382.76896817375456	-503.5037813061298	-39.51402961527292
-530.6089140887357	-333.43621960267404	-467.92569436317615	-234.6441743709163
-530.3971392793335	-497.67626040137054	-307.10677394542677	85.92834837939286
-530	-350	-7	-383
-530	-335	-468	-178
-529.8440734155741	-312.41851806096486	-152.59897615050932	-244.29119469060362
-529.1517095948185	-121.4425064015665	-164.1319174574484	-493.76195210122006
-528.7558863506819	-382.336771605209	11.16977791905994	-386.29147301267153
-528.7558863506817	-382.336771605209	11.169777919060127	-386.2914730126716
-527.8750524952372	-386.22720535677587	-338.31593304213834	-336.063081078363
-527.1094908115048	-258.68637633584865	-106.32964247233761	-411.36137453415984
-527	-437	-448	158
-526.5502654604384	-272.6076591730795	-289.141099837407	-531.7274839146612
-526.3089558205702	-341.40737769298227	-475.7603098374482	-254.99534651146024
-526.3089558205702	-341.4073776929822	-475.7603098374482	-254.99534651146027
-526.1160176384271	-409.7395169609814	176.25324420040045	-240.26586752876784
-525.3911480079248	-521.2146860443746	133.33319173504532	-45.39468894499555
-525.3486280669588	-485.45785952865447	157.21269048978405	-252.25156751011812
-525	-400	-200	-267
-524.8044920342709	-475.7705163159571	-173.62197158592193	-34.89166064673486
-524.8044920342709	-475.7705163159571	-173.6219715859219	-34.89166064673487
-524.1506453887419	-465.5885483981674	-275.7257858199457	33.74588992029332
-523.2332628685647	-394.11514581793733	-319.9327701218476	-315.3868094906615
-523.130579917937	-529.6377976610972	128.68688680545284	-51.23570215221744
-523.0514017400699	-431.73703119940205	-404.3754671315857	-183.33057108610876
-522.755729286888	-489.6880503272099	-293.887885805846	84.20540765676535
-522.452547813076	-530.0778915219273	-26.446703294941962	-106.5031107463796
-522.4525478130759	-530.0778915219273	-26.446703294941955	-106.50311074637963
-522.1130063800667	-445.4333265665762	-410.95927979768896	-34.501081613464066
-522.0415583148023	-445.3673978736567	-411.03678242539587	-34.560978939536625
-522.0415583148022	-445.36739787365667	-411.0367824253959	-34.56097893953665
-522	-494	306	-152
-521.1207779355025	-496.638973694618	-263.72838520589096	-95.32359680021408
-520.631377696262	-521.3325781338375	323.1149625067046	-161.92736436245207
-520.4844730424117	-366.0234745640316	-103.82801827312906	-431.62480774403934
-520.1809491395442	-435.00137030888425	-355.408013185879	-108.83816533177972
-520.0338778252226	-399.6813483572263	-372.3016054569666	-229.2989075285709
-520	-361	-474	-71
-519.6957222389871	-397.4360196627375	-373.4662924278856	-229.83647498616196
-519.2886080431829	-377.7524116940601	-503.5990678886283	-32.36449888805416
-518.9835345377126	-398.0309312199102	-371.67803225301645	-229.46635013144018
-518.8448435415114	-431.99201297735385	202.09023830858777	-425.9013170261229
-518.8291317434754	-372.7341645193962	-452.7479359390054	-375.8384111241951
-518.3829895865465	-470.28286513567275	-189.29699084169212	-216.02586876283067
-518	-511.1670109824433	-380.3759088366162	-89.49876947397674
-517.9646433927121	-405.95166785599747	29.582974928236453	-294.43278540704466
-517.8628696604601	-395.38225629791896	-378.1820372398686	-234.44074479737128
-517.7643506249473	-255.0022441925873	-400.4758549064122	-567.3684763905643
-517.753919871403	-403.9967433843605	-174.02260721374412	-238.10648377750937
-517.490921753275	-398.85558693414293	-373.2027713535887	-229.8362847400836
-517.3964430007081	-396.7707729178097	-375.40142924410713	-232.28619571515833
-517.1623904961026	-513.1910151069377	-41.47509538703084	-153.92249524275186
-517.1623904961025	-513.1910151069378	-41.475095387030876	-153.92249524275198
-517.1515524362895	-406.4694561902693	24.337389332352032	-290.0307232338914
-516.7531933098707	-359.64196440555	-106.52940802689685	-425.95158666185273
-516.7270332031087	-485.74722449553997	165.84023668412053	-246.9540513813105
-515.7687090802524	-429.44625018558725	201.65325669174132	-427.9545036910306
-515.3739804720989	-516.2098084196168	-221.4026095638398	-37.885327563758594
-515.2976106390727	-308.06722577671076	110.69609344646022	-443.9721057024025
-515.2241924240793	-453.9713490666004	160.77668378531285	-261.9882762166854
-515	-483	-51	-144
-514	-480	-393	39
-514	-409	144	-234
-513.8617883765651	-361.3790073698693	-104.35081895172695	-430.4774416031236
-513.8540860647338	-362.73035277457916	-104.96424861931763	-429.92604055452847
-513.4586188524016	-519.5086760022459	-384.7860542896194	-97.97947092873062
-513.311487956518	-476.52383668014716	-391.5634501543583	38.82735423403943
-513.0021350911783	-277.92455273939527	-120.32836386096554	-437.06445515526343
-513	-406	31	-292
-512.2004297258163	-117.47754179586599	-415.5431648084738	-556.5518419643788
-512.0643482693778	-476.35664074460595	-352.1945517182783	-302.9487682612662
-512	-611	-314	181
-511.92645370116117	-393.21766713435073	-378.74245545403596	-228.39557045540892
-511.38592312896446	-460.40515632924144	-121.97739920352791	-375.8384111241951
-511.3086109909131	-344.9764604067504	-73.56469061012552	-562.5466464733881
-511	-460	-525	-24
-510.12542169231483	-344.88811867461527	-71	-563.6326077914875
-510	-342	-475	-217
-509.86043292250747	-127.41265708718159	-493.1054974563131	-364.74233331993145
-509.8604329225073	-127.412657087182	-493.10549745631295	-364.7423333199316
-509.8604329225073	-127.41265708718163	-493.10549745631306	-364.74233331993116
-509.86043292250724	-127.41265708718164	-493.10549745631306	-364.74233331993116
-509.7050865800866	-344.7005772005772	-73.7092352092352	-562.3111471861472
-509.68888888888887	-343.93333333333334	-74.2222222222222	-561.7111111111111
-509.5647941888619	-451.3164285714286	223.3282082324455	-422.7653268765133
-509.2193308550186	-463.275092936803	-527.9591078066915	-24.41263940520446
-509.1899165919245	-463.6733766146721	-121.36260157478645	-369.5213736250401
-509	-452	224	-425
-508.8192776847351	-436.0565597625664	-411.6068335461515	-29.696110490706047
-508.4585577065304	-230.9422867061362	-496.0673643514882	-250.517581042349
-508.2724401935616	-371.2212099870505	-120.37817206988208	-410.0697684985347
-508.1310711909515	-454.7042739916992	222.4198270126414	-427.9545036910306
-507.9401241328952	-343.697699890471	-74.62687112084706	-560.9507119386637
-507.74330765713205	-448.7304388667852	-479.4056042229946	-366.65260297482837
-507.65603370518534	-447.94085609478	-137.12911150949768	-418.97496766830085
-507.64	-343.56	-74.16	-562.12
-507.62128485926553	-171.53443910217237	-518.5178021763126	-162.49421107260582
-507.57314755974517	-252.39412802947174	-401.5461463049052	-555.897604586401
-507	-473.5566254377693	-389.47732351158686	38.09863998026184
-506.9888980611348	-445.4436069299461	-480.28540884547056	-364.4791721007233
-506.92471369318474	-353.2777969801929	-107.99999999999999	-425.23114348076865
-506.85121335717804	-354.7076953901409	-105.00000000000003	-426
-506.72742559614255	-452.4639343044497	221.24748272858042	-424.9953942881069
-506.42272604449477	-337.2472560701005	-431.98463656600234	-560.8166295662468
-506.4017467248908	-452.97671033478895	-480.01455604075693	-365.98398835516736
-506.3525457665912	-453.3800772311202	-481.49477974828346	-366.65260297482877
-506.35254576659065	-453.38007723112105	-481.4947797482837	-366.65260297482854
-506.3525457665904	-453.3800772311213	-481.4947797482838	-366.65260297482837
-506.3525457665903	-453.3800772311212	-481.4947797482838	-366.6526029748284
-506.3525457665902	-453.3800772311216	-481.49477974828386	-366.65260297482826
-506.1704221264572	-522.9627648215176	-620.8766584712769	-229.4461431473582
-505	-557	-183	-302
-504.63291139240505	-453.43037974683546	-482.8607594936709	-366.4683544303797
-503.0181690650719	-440.62651770806247	-137.61752906022807	-417.7317934880901
-502	-527	-307	166
-501	-628	-367	212
-498.87178053262784	-336.15776265351866	-432.04062702660394	-555.2147552113671
-498.0319523928008	-147.41421995521273	-428.46487517624615	-571.6333043045533
-496.13930311085215	-262.0733956875053	-468.6016799112624	-374.55731830929335
-495.2950293636859	-264.4274787592582	-476.0640350346108	-380.14308490242377
-494.7251318445798	-535.7658470562394	-301.40528771118966	21.512452256519786
-494.72513184457966	-535.7658470562394	-301.40528771118966	21.512452256519687
-494.619367940094	-264.85973262258324	-476.6267081270889	-379.8431484536955
-494.619367940094	-264.85973262258324	-476.6267081270888	-379.84314845369556
-494.61936794009387	-264.85973262258324	-476.62670812708893	-379.84314845369545
-491.76972610594106	-199.27129184492566	-501.6939090548229	-352.6362192916685
-491.769726105941	-199.27129184492568	-501.69390905482294	-352.63621929166845
-491	-424	-225	-447
-491	-367	181	-505
-489.7975171101495	-357.91635208544335	-181.31442009636928	-501.925804867569
-489.4578247805754	-143.20363619618934	-465.56054749772994	-558.2017152881192
-488.9622879755551	-142.9174609834801	-466.1129902999181	-553.2046247045437
-488.7950538081979	-143.68064419022954	-465.24340628721666	-554.7223209648039
-487.1883697813121	-156.2428760768721	-471.89148442677265	-554.5871438038436
-486.3563151080922	-146.18723597862012	-466.20455345192505	-556.5240676391944
-485	-355	-103	-681
-484.62006079027356	-354.62006079027356	-103.01823708206686	-681.2097264437691
-484.499491353001	-354.69582909460837	-102.91353001017293	-681.1617497456765
-484.2903225806452	-354.8516129032258	-102.73548387096776	-681.0709677419354
-483.70989424343907	-282.9675665061168	-531.4690021523337	-344.40962170095594
-479.48266975348986	-240.2107154849389	-497.47347236354756	-545.7184888245499
-479.4826697534896	-240.21071548493853	-497.4734723635476	-545.7184888245499
-479.48266975348923	-240.21071548493794	-497.47347236354744	-545.71848882455
-477.96190476190475	-233.26666666666665	-499.0761904761905	-540.4285714285714
-477.6113148245155	-478.130958617077	-100.15715034049242	-313.0089051859612
-477.1134511323273	-360.896696363041	-54.232374585937706	-506.22870890816654
-476.98538911057057	-272.8329035649815	-533.0995869972471	-329
-476.26993849998985	-274.7455685910783	-476.24066164651146	-376.55417172525586
-476.127579499165	-231.35434232062246	-502.19391581500145	-543.4036766568894
-475.9512073179315	-199.29907646218047	-284.9179130670474	-585.3199987866046
-475.95120731793145	-199.2990764621805	-284.9179130670474	-585.3199987866046
-475.59557549649173	-199.64884188824817	-284.95523595586394	-585.282205708825
-475.5809523809524	-236.68571428571428	-497.447619047619	-547.6285714285714
-474.90653324632	-234.51830904212892	-502.3143837768593	-542.3835351557778
-474.0398872983322	-469.5223841938561	-100.99146150558224	-305.9517507130015
-473.4158317024409	-468.6451828547359	-101.61937987547483	-303.98858754875897
-473.28180973346	-235.383836305299	-498.100929631839	-543.0284458370953
-472	-446	190	-427
-471.76141974511205	-235.07993191098453	-498.02726191605285	-543.7555450034512
-471.74058790767555	-236.12273208451134	-498.0560054955513	-540.5704867466699
-471.6782179554547	-235.74834096549094	-498.16677047879773	-545.083377807443
-471.66108537571586	-236.6248376032286	-498.6586976134384	-543.1417330247435
-471.24732590891404	-233.55108344032834	-496.82180573636214	-548.0749529912154
-470.50334716299164	-272.8512574257084	-531.753595391099	-333.5314225657393
-470.1058810553931	-228.98527830193876	-494.5947218249389	-548.6382170270482
-469.82958298064244	-236.20121624635487	-497.751575063586	-544.3972168435414
-469.77089488593435	-363.0527336495037	-511.3287597112793	-373.88083879516887
-469.77089488593424	-363.0527336495036	-511.3287597112793	-373.88083879516904
-469.73128067444	-237.20782357179377	-498.32561841777635	-543.5406435704506
-468.9048057187345	-374.98421685894266	-321.7279354519074	-416.0115365560195
-468.41095890410963	-375.1415525114155	-322.082191780822	-415.99543378995435
-466.7335736820311	-184.82239810794772	-512.2393753495302	-358.0024226977967
-466.33093525179856	-184.54136690647482	-514.1609712230215	-356.77517985611513
-465.97824759886333	-359.7264881378016	-511.4814142229825	-371.3266826107908
-465.56269057156936	-240.21071548493853	-499.5986597263992	-543.7542546432674
-465.34005107201483	-415.27575676994854	-15.732033548418343	-528.7247369972177
-464.8276821309677	-414.66175397104575	-16.616792185262796	-528.9766033653716
-464.82768213096756	-414.66175397104564	-16.616792185262824	-528.9766033653714
-460.7094127237691	-364.97142668928365	-404.98884652756027	-379.15735495133464
-460.6477012808783	-362.95227203415675	-406.2543458371455	-376.27357807258306
-460	-679	255	182
-459.2888857012195	-398.1912297079467	-533.0620315088702	-229.90152986119006
-458.3480460174635	-401.85354698385197	-534.7532637848218	-232.45746407238695
-458.3480460174633	-401.85354698385174	-534.7532637848219	-232.45746407238732
-458.3342338437959	-401.8577913580691	-534.7385250424452	-232.48192784302123
-458.3342338437958	-401.8577913580691	-534.7385250424451	-232.4819278430213
-458.3342338437958	-401.8577913580688	-534.7385250424454	-232.48192784302134
-456.59243597781943	-403.8312687666096	-128.99442070855815	-568.8237035220827
-454.4996924541623	-367.20060813846516	-365.5795982114204	-564.2389818360754
-453.9710791072636	-434.8483891631721	-519.7031810475564	-356.17398185766876
-453.97107910726356	-434.8483891631721	-519.7031810475564	-356.1739818576689
-453.97107910726345	-434.848389163172	-519.7031810475565	-356.1739818576689
-453.9710791072634	-434.848389163172	-519.7031810475567	-356.173981857669
-453.3041034433784	-498.89918282506915	277.10186300041073	-412.4487433149463
-453.1755343758675	-365.6396779864902	-366.000740260942	-559.5786989913945
-451.7049241190843	-394.834311422223	-130.27887655240207	-563.6508086751894
-451.5070899387275	-210.7008854172704	-533.4071955575901	-241.93335175834545
-451.072323797679	-316.4212344032079	-465.4224204205058	-550.8350950819223
-450.9420756954613	-316.531726354254	-465.5297348697811	-550.7483481778341
-450.5719794344473	-443.6272493573265	-438.1915167095116	-368.46401028277637
-450.5719794344473	-443.6272493573264	-438.1915167095117	-368.4640102827763
-450.2382304039382	-515.8306356078568	-294.0173529929651	-285.516223995979
-449.419222242979	-390.62608788926684	-485.13124548377795	-563.2531933751012
-449.4192222429789	-390.6260878892667	-485.131245483778	-563.253193375101
-449.2797655641086	-521.7921641713309	158.0998699994921	-411.47878376608844
-449.2797655641085	-521.7921641713309	158.09986999949203	-411.47878376608844
-449.0770921064398	-390.7885154600374	-484.87438679800186	-563.6508086751894
-448.7766286292822	-390.93116162735174	-484.6488099030602	-564
-448.7321992045331	-425.006501645077	-173.76671372398803	-414.2493505721332
-448.20560264181313	-421.4238279060429	-508.71126574255436	-358.5659334949886
-448	-77	-697	-118
-447.1353531673952	-419.0376500938039	-508.5944924474108	-358.81953307317326
-447.0744176013805	-386.2446074201898	-485.78710094909405	-560.4225625539258
-447.04318421803043	-427.1781623787585	-169.1153330976774	-403.3766307085968
-446.92912704149524	-436.0563023179934	-507.1878733119521	-349.80180920322584
-446.5276561600805	-506.16900330626333	-294.46046080887265	-277.9680811046998
-446	-499	-65	-349
-445.8510016727345	-418.7609335068171	-509.98439820077095	-357.80602977231865
-445.19625581841024	-486.8218491205629	-79.24230200924222	-406.1305131910916
-445.1962558184102	-486.8218491205628	-79.24230200924228	-406.13051319109155
-444.30291857083506	-483.6650654341504	-157.37406522642297	-561.5333142916493
-444.29186442220805	-421.15520523922544	-508.839543995183	-358.0911798230528
-444.1136924100789	-484.70534575108474	-162.28781243875193	-561.3587096865779
-444.1136924100748	-484.7053457510925	-162.28781243876392	-561.3587096865689
-443.981125499393	-394.90532472514076	-130.27887655240204	-563.2531933751009
-443.95902395145333	-484.09048830291067	-161.11675124186587	-563.2531933751009
-443.4576793306952	-484.2275940049953	-160.85945124105916	-563.6508086751894
-443.08634639016327	-13.9632151371151	-569.7422142695924	-333.4919518579668
-442.7222269642365	-16.326467046387435	-566.8025146687197	-293.9497718668256
-442.71623527424623	-16.356218419140394	-567.0034972484954	-293.72913925709645
-442.7158281264622	-13.879714841561395	-570.2284411718786	-333.4582853302034
-442.55259988168956	-16.44129958599182	-566.6907567657538	-294.1241817697997
-441.3070873323875	-517.7623829872283	158.02286360637595	-405.6175161022578
-440.9050866910385	-477.32359928412825	-153.06629761081626	-564.4107031592459
-440.18228626396854	-383.2765732750224	-478.3670816974328	-565.270995025257
-440	-198.46417100450037	-479.5992893898124	-572.9324723227924
-439.3080842067356	-198.5812784823744	-479.32532145552045	-574.0596072722611
-438.83221944095374	-197.64419902391944	-480.08321943059195	-574.719879585746
-435	-202	-636	293
-434.42478340280053	-292.6800309090057	-151.9605957008383	-575.5089542453051
-434.4247834028005	-292.6800309090058	-151.96059570083835	-575.5089542453051
-434	-393	-327	-426
-433.24646988468993	-570.1173152988117	20.191676801902048	-172.0392748542847
-432.62217758062053	179.25097623931035	-561.7724281591826	-344.1271809550525
-430.5592146364342	-294.35437430274015	-148.0002233536446	-568.6361071967002
-429.2045492164291	4.806754998810543	-547.1323349282281	-354.76175792228435
-427.3034582132566	-281.4494236311239	-510.58054755043236	-567.2499999999999
-427.30345821325653	-281.449423631124	-510.58054755043224	-567.25
-427.3034582132565	-281.4494236311239	-510.5805475504323	-567.25
-427.3034582132563	-281.4494236311239	-510.58054755043213	-567.2500000000001
-426.31423995523	-288.1862276737971	-152.00000000000003	-569
-425.52458440499345	-322.11073332915123	-531.999247224139	-355.1167806285678
-425.051461707278	-217.08515149642952	-536.2032598484699	-543.1600178883518
-425.0514617072778	-217.08515149642955	-536.2032598484698	-543.1600178883515
-425	-529	-212	-158
-424	-15	-554	-329
-421.9252193768722	-572.5674884384134	318.703122908877	-238.36472158840257
-420.7635464279323	-275.63964154085284	-503.08268230464637	-567.3550451014731
-416.71615383232785	-509.40188994575794	217.66097059490843	-508.4188528579817
-416.71615383232756	-509.40188994575794	217.66097059490787	-508.4188528579819
-416.27675218758964	-542.1361041626503	537.2380260912088	-352.68186910197153
-413.6334807287056	-164.0346208107656	-552.3404354860365	-348.8060272198238
-413.63348072870554	-164.0346208107656	-552.3404354860365	-348.80602721982393
-413.59326995653623	-164.00570737436863	-552.2003028654653	-349.0145794186417
-413.59326995653623	-164.0057073743686	-552.2003028654653	-349.0145794186418
-413.5932699565361	-164.00570737436863	-552.2003028654653	-349.0145794186418
-412.80480765718045	-560.045555839696	-34.576906684202186	-229.7757157296119
-412.1130481421485	-514.4986183096527	118.56889170209863	-415.4479909028407
-412	-208	-538	-538
-409.02380084370606	-338.38110581095026	-540.0161820357067	-363.07342927415016
-408.394293574814	-338.62826227091716	-532.8393550661513	-354.9098856055756
-405.5725201056781	-406.4927069785213	-263.30050812815773	-391.29146166782414
-404.4786335056791	-593.4333059250218	396.68350579312755	-118.47548882028426
-404.478633505679	-593.4333059250218	396.6835057931275	-118.47548882028426
-402	-410	-264	-391
-401.07905036402667	-433.49636015422345	-231.12611466334263	-462.6104171713247
-400.9529411764706	-87.47058823529412	-593.2058823529412	-396.1058823529412
-400.2983155725107	-239.66266237233702	-540.5506072580388	-270.8013099837743
-399.8744845665808	-102.92102604247262	-563.1739957581992	-541.1170773445962
-395	-359	-542	-247
-392.5319040852503	-399.6130708291958	-178.38760642543429	-540.109982469537
-391.48245022303337	-399.6589334808347	-176.70206784932424	-539.0208485677363
-386.45944057646966	-360.1907040943958	-505.58018300624656	-489.06662467853994
-385.7268314093167	-359.75613875762576	-505.40199138168146	-490.41229608086576
-384	-225	-560	-356
-383.57786067719303	-454.45269712982014	-177.7752102144125	-487.6229642180424
-383.07704160246533	-491.1452234206472	-148.1508089368259	-307.94713020030815
-380	-529	-337	104
-379.186778295961	-459.94021580133887	-244.0280077096491	-462.70336780877324
-379.186778295961	-459.9402158013388	-244.02800770964916	-462.7033678087732
-378	-520	94	-311
-376.23616734143053	-10.948717948717949	-628.4021592442645	-220.06477732793525
-376.2237762237762	-12.643356643356642	-627.2657342657343	-221.15384615384616
-376.2076040874008	-11.037232307859547	-628.4067018154147	-220.0691651266442
-375	-532	506	-352
-374.67309629131796	-533.7750996133756	-347.8156394465181	86.14497529216803
-374.26603651327173	-258.50659066619176	-545.4695262361694	-549.52423418679
-374.2660365132717	-258.50659066619164	-545.4695262361695	-549.5242341867897
-371.04081900592587	-451.1319245634319	-237.07613454507077	-463.18409353534264
-364.7945319217892	-229.7582491123892	-548.5282276839309	-405.07102944820303
-364.7919223313004	-229.70872522996424	-548.5991880515455	-405.05020759071886
-359.12375954925886	-484.95918011060905	186.78475759882215	-496.32822004561524
-359.1237595492588	-484.9591801106091	186.78475759882215	-496.32822004561524
-359.1237595492588	-484.9591801106088	186.78475759882238	-496.3282200456153
-355.96275773307775	-547.242042454751	274.9799049421532	-487.3773358068928
-355.1185155558812	-117.41245164030244	-576.8288136101053	-278.87248331986757
-355.1185155558811	-117.41245164030244	-576.8288136101054	-278.87248331986757
-352.53340951464486	-474.98875323269385	-166.84092139291513	-488.4477055391833
-352.5334095146448	-474.98875323269385	-166.84092139291525	-488.4477055391833
-351.2984620838744	-282.1362352460627	-552.4281618607591	-286.0295714566466
-350.1181369433415	-535.0325368200174	-248.50266398066975	-178.07377643126813
-349.87739748677257	-489.8308381433382	-213.09194624819622	-381.69131042568534
-349.87739748677245	-489.8308381433381	-213.09194624819625	-381.6913104256854
-349.8773974867724	-489.83083814333816	-213.09194624819628	-381.6913104256855
-349	-670	-241	258
-348.3315582157868	-470.7023083863301	-167.353772858306	-482.1384371630395
-347.5415904159985	-566.3566738986888	155.5189699084992	-479.4645788133195
-346.8764287766483	-464.07762718726553	-167.62614085698993	-477.1200597998078
-346.4353140928878	-465.8761204028448	-168.69860511926527	-476.29510970259287
-345.63792804818416	-466.0678999825815	-168.5693560246485	-478.25639450831994
-344.7073873739788	-489.8623644527735	-210.241746198339	-376.9880730294897
-343	-565	161	-481
-342.34231247126064	-564.6812317841515	154.9018115910168	-480.752982529672
-340.2101161132812	-504.5462050384251	59.542670754764316	-452.10016343819893
-339	-406	-260	-447
-338.60661527249306	-473.22297336211443	-174.87357357736255	-440.8187913777472
-333.0943105117593	-733.5390646996108	319.31210183847935	-245.51759539255715
-333	-733	319	-245
-332.8978188363868	-393.5906262558546	-263.057406982767	-460.8725066915722
-332.0880861939434	-733.7482393995352	318.58887960512	-246.10314345295353
-330.5681966820182	-470.6013217141194	-168.47826533582156	-514.9147528634286
-328	-510	-195	-302
-326.87975854776175	-458.1814471713077	-434.66997213165325	-289.8305483345083
-326.69648161397015	-417.0362214339492	-385.43067672026837	-464.3603389656977
-326	-269	-548	-310
-323.6175344236684	-442.62727433152884	-288.6541971890457	-430.08176233889094
-323.15558483876225	-149.20403868294213	-574.56368726909	-452.3863969802033
-321.4791666666667	-573.4270833333334	272.90625	-55.52083333333333
-319.06448039831264	-538.5196547485341	39.27067838729363	-424.8264169548184
-319.03550642245204	41.31405284310314	-568.2309587334466	-460.34996078607975
-319	-571	272	-51
-317.6953473271257	-507.0317467828344	-195.05981785806642	-416.51608749645925
-317.23996379798564	-92.03078067314242	-587.992607261909	-253.9158751209721
-317.1361045659223	-561.240273864677	-21.64531695653263	-107.86277388931117
-317.13610456592187	-561.2402738646783	-21.64531695653233	-107.8627738893107
-317	-505	-51	-457
-315.507990255608	-560.9945371289217	-21.520935402597523	-109.84936858567136
-314.6579754601227	-570.870245398773	266.95030674846623	-46.92852760736196
-311	-540	-251	105
-311	-264	-573	-266
-309.79307512168697	-89.55561714061488	-585.5322954387204	-254.80041200934338
-309.1052328467144	-552.3971601012347	-377.28595841974527	-99.83754272281459
-309.10523284671433	-552.3971601012347	-377.28595841974527	-99.8375427228146
-309.10523284671336	-552.3971601012349	-377.28595841974493	-99.83754272281604
-307	-397	-445	-370
-303.61805587822175	-530.5403191917934	-509.8624802507079	-158.4097043550307
-300.8558571580828	-425.3404947614473	-530.8475072241156	-327.3650364622117
-300.43904382470123	-486.9003984063745	-477.9609561752988	-365.36015936254984
-300.15676130469774	-478.4929366354518	-481.4947797482837	-357.17316105681005
-298	-421	-534	-325
-297.6184818021377	-425.9244527040529	-540.084946971854	-332.5200284237244
-297.0587451849412	-479.39111788529596	-478.0367394186333	-355.3706632163472
-296.2689299900695	-520.5931293445879	-212.0506765143992	-333.69477718470705
-296.01877730701943	-483.44269475336665	-467.40774414392854	-368.04208270853354
-293.8815643812478	-468.8739132325214	-249.64015858313428	-372.2954556893478
-292.58520858270435	-293.48983029176856	-540.680720575038	-398.4862561538565
-291	-660	-31	-163
-288.8991879298708	-573.7636210583901	-297.16305010920087	22.044578467403113
-286.9603362023429	-550.1454255591223	70.68029705123823	-392.0103434923837
-284	-558	83	-364
-279	-244	-573	-319
-277.03080610795456	-188.38725142045456	-581.2862215909091	-462.75053267045456
-277	-313	-558	-327
-274	-314	-684	222
-273.42858247895936	-184.8050668197335	-290.17381570824	-577.8049896477488
-270	-542	-433	104
-267.9592727232069	-498.3399856881499	-381.7449302646713	-267.6017457941471
-267.9592727232069	-498.3399856881498	-381.74493026467144	-267.60174579414695
-267.08060322412894	-491.86422729636456	-535.25447927008	-271.0513875100459
-266.08048625259926	-478.91877705592543	-528.1018336985769	-275.68860019737735
-264.980313054704	-422.1817008229789	-380.8334678070034	-477.0053251573342
-260.07701784909545	-445.94001611974596	-503.9192094801537	-479.7802084132854
-258.37975503546255	-484.0137551730309	-531.4075917388726	-271.05138751004597
-257	-528	-184	-261
-254	-581	463	-309
-253.36041333700075	-446.0160394820018	-486.6883644031391	-472.03724222143353
-251	-114	-191	-587
-247	-570	106	-301
-246.90875183601884	-283.40010654958604	-468.00126896427537	-566.3240321598685
-246.31973208777652	-467.5507182515202	-504.5374988983872	-357.8706265973385
-242.36363636363637	-457.45454545454544	-509.9090909090909	-351.1818181818182
-242.28388360591558	-461.387527277791	-506.7355960030816	-356.1739818576689
-240	-460	-509	-350
-238.04104854602753	-450.5763121785258	-512.8392203091282	-350.3785372695726
-237.87890926156027	-552.3786223146451	-188.29213989899424	-347.8008836938831
-237.82702870763808	-450.0152347393513	-513.8447507513731	-350.33148512799255
-236	-555	-182	-349
-235.68814344486265	-266.10823903379554	-541.5297643146231	-441.9807833375423
-235.56196049297114	-275.4667257808653	-556.952680794456	-454.9578767207602
-235.56196049297114	-275.4667257808652	-556.9526807944561	-454.9578767207602
-235.56196049297105	-275.46672578086526	-556.9526807944561	-454.95787672076017
-230.4585025491439	-550.8567212922321	-178.67878472046496	-350.0444793450548
-228.73779544626055	-514.4520192317166	-56.45634439748176	-534.0875772175095
-227.3270115025892	-398.2369655626861	-563.4890123438881	-282.9153074989588
-226.03163100756365	-232.2081326361431	-424.11145878323987	-571.8254144090834
-225	-422	-379	-530
-224.3789074855806	-359.84939217975705	-535.7783535549577	-358.99615060196265
-223	-692	48	229
-221	-517	-52	-529
-220.27236290959007	-240.35313392974558	-340.7045344059756	-578.9029911312155
-220.27236290958984	-240.3531339297453	-340.70453440597583	-578.9029911312153
-218.91407416356262	-119.12259908947956	-394.3313366206333	-585.755066500877
-218.79259615384615	-258.70048076923075	-302.83120192307695	-644.3383653846154
-217.46097780293147	-410.16646198291494	-512.2227575648694	-379.90353861903526
-216.03469164852973	-492.0529902840671	-135.3306423765513	-449.247194891097
-216.00998314502732	-491.97752349717837	-135.39975859639674	-449.27752518027125
-213	-537	-247	-115
-212.45831139010866	-486.3976257088364	-490.97255664020435	-272.10832363741855
-211.2553378186547	-486.8453356928678	-129.07966637213707	-450.0173098849975
-211	-733	-14	-132
-210.9126413706884	-584.9457205780674	193.93370334414945	-301.59029485353494
-210.8901706879932	-584.9640331040144	193.97699982040555	-301.6379237420145
-209.48679747643183	-486.56194464559235	-129.26404290921764	-450.16447937351467
-208	-509.9061267443402	-204.41839204082459	-463.8145958850664
-208	-473	-349	-385
-207.73917501569926	-498.63973847723616	-90.1102774771469	-466.3578636734712
-207.62605219707171	-195.37211495264387	-546.5993853278278	-536.1093131227893
-207.61616992465918	-425.34049476144736	-539.7499191001335	-466.9659967257508
-207.61616992465918	-425.3404947614473	-539.7499191001334	-466.96599672575087
-207.61616992465903	-425.3404947614474	-539.7499191001334	-466.96599672575076
-205.39456058832485	-479.81493860066826	-484.55726364598536	-273.5938029148675
-205.39453485086415	-527.9957452623485	30.20471842762312	-377.3803253704656
-203.94390692371323	-520.2442635891455	-211.7645583040602	-463.61596646843935
-203.3619291390221	-312.4566887823149	-370.43062010822763	-566.4156105568131
-201.17549495416495	-577.5788102562809	192.86531618674167	-297.54296174574694
-199	-567	-159	-286
-198.01670016504076	-485.06926810137753	-447.33545762047163	-455.42258607448076
-198.01563854059228	-485.07518376137585	-447.3328559941583	-455.42033976320573
-197.3952111564268	-256.4732272069465	-427.3940271016972	-582.3541639257992
-196.19881780702224	-570.0354019063295	-155	-289.6173204142982
-196	-558	-169	5
-192	-546	63	-355
-189	-308	-548	-348
-188.31023083365733	-558.0809326754735	-89.68417118271267	-309.6367429154393
-188	-2	-666	-247
-187.93143087082862	-319.8208520155277	-566.0661148440338	-474.4059480018866
-186	-404	-152	-578
-185.37361026713162	-506.4909255118637	168.31053362651272	-585.8580381500025
-184.21046436498398	-422.2325099009404	-167.67680384588346	-560.9750787555781
-184.17553437586753	-469.6396779864902	-66.000740260942	-571.5786989913945
-183.5225312957441	-538.0263330764992	-217.47028912572978	-368.9018379395709
-179.5031577117547	-345.0344357427889	-536.1105069455048	-547.0382140708307
-179.5031577117546	-345.0344357427888	-536.1105069455049	-547.0382140708308
-178.63442940038686	-491.71373307543524	-186.0754352030948	-573.6170212765958
-175.00000000000003	-486	-182.43681152564463	-574.3668837573986
-174.0837729852058	-490.1574920048406	-182.50217111746917	-574.7568425648527
-173.64452321061057	-543.0961806142435	-274.8087001262689	-230.52046898457928
-173.26413933046746	-490.0365636690613	-180.71246261408112	-575.2063221872806
-172.95265660141015	-533.2934170944875	-267.55353533436454	-249.31212101082758
-172.4238422955693	-490.8508594334544	-180.78058843345104	-573.7175880000948
-172.32422290966383	-532.4984946549796	-266.33112396497495	-250.3587795381319
-172.32422290966355	-532.4984946549769	-266.33112396497603	-250.3587795381342
-172.31905206508375	-157.70653462438236	-494.7575926061916	-571.5851211145263
-172	-533	-268	-252
-166.0891562953355	-534.5685988400937	-189.10798021683453	-407.03709696222205
-163.70405405405407	-594.0905405405406	90.7581081081081	-299.60270270270274
-163.54615384615386	-594.2076923076924	91.00769230769231	-299.89230769230767
-162	-146	-522	-551
-159.93373420231183	-388.6799304809506	-543.0100041842837	-368.4758501703684
-159.83581120372168	-388.1314382632293	-542.7603333979454	-369.3888583058732
-156.24074754433195	-234.67230833773078	-558.0902509239261	-545.581109800738
-153.5422066021858	-673.7842877798685	-41.89146921826767	-189.7828362069097
-153.01643782633917	-674.1369174240958	-43.531618642428924	-191.99825952426997
-152	-197	-304	-592
-151.7966241585167	-545.0857063581609	-58.852823526174745	-378.9365726892543
-151.55580502539567	-674.9547379682737	-41.287564786628536	-189.90788128664653
-148.11056716162696	-545.8004287569559	-56.97352215150113	-377.71138746685006
-148	-547	-56	-373
-148	-525	-76	-423
-145.47305822480163	-313.69424265993877	-483.1389832642452	-590.0433105631042
-145.4730582248016	-313.6942426599388	-483.1389832642452	-590.0433105631041
-145.47305822480158	-313.69424265993877	-483.1389832642453	-590.0433105631041
-138.35784785975113	-405.34213362495746	-155.37403611570969	-584.251996582097
-137.9456830690674	-503.48002766733526	-303.19488514793176	-344.19115147640076
-137.9456830690674	-503.48002766733515	-303.1948851479318	-344.1911514764008
-133	-493	-291	-363
-131	3	-677	-211
-126.4771677901877	-472.202520707322	-222.15395469142211	-562.76952573564
-126.47716779018737	-472.2025207073223	-222.1539546914221	-562.76952573564
-126.44497153863085	-544.1297948623014	224.1792549955412	-566.2347404893981
-125.25087256230344	-200.92216959864524	-505.67105051711155	-588.5912368096015
-123.95775787343493	-570.1188493794643	104.40123830217775	-565.6346090905141
-123.95775787343493	-570.1188493794641	104.40123830217729	-565.634609090514
-122.56083824994253	-536.0812581411386	-461.0095011876484	-81.75369703470999
-122	-542	-192	-302
-121	-583	541	-376
-118.17198996232707	-142.22372063917555	-533.1695469141109	-563.3872278829872
-116.48946460339177	-483.8619357953172	-553.950492128624	-239.990224475018
-116.4894646033917	-483.86193579531744	-553.950492128624	-239.99022447501812
-114.81179775280899	-563.9140449438203	-37.96910112359549	-317.39662921348315
-114	-572	184	-368
-112	-527	-126	-549
-111.19563790268327	-354.8749854891212	-574.2004113269925	-375.08441240645226
-111.07620230948864	-477.68748094592434	-548.5035959371705	-243.1800977736233
-111.04131305619813	-477.7895941228236	-548.7883038884232	-242.95355429046387
-111	-478	-550	-240
-109.67819744883293	-478.33546769867553	-549.9987924432417	-241.14782282932654
-109	-640	-198	-173
-101	-520	-260	-280
-95.2537560485535	-45.251855377357614	-566.2845488817916	-485.36179706724977
-91.27491933081242	-594.1706655363797	484.9116615454497	-512.2908047112631
-84	-502	-409	-299
-83.08132690674472	-380.79820055886245	-188.46952297488397	-575.7207752521272
-83	-502	-215	-413
-82	-519	-248	-332
-79.44103772096776	-464.50990396018085	-298.9376960913077	-532.4034883286043
-77.57249466950987	-372.2636815920396	-548.1656005685859	-566.4083155650314
-77.57249466950972	-372.26368159203963	-548.1656005685859	-566.4083155650319
-77.57249466950961	-372.2636815920398	-548.1656005685857	-566.4083155650319
-77.53996604761691	-372.92764277242406	-547.2928809885601	-566.6405840870934
-77.5399660476167	-372.9276427724243	-547.29288098856	-566.6405840870939
-73	-553	32	-522
-72.18253314238903	-453.896980522856	-300.40899969339387	-519.5496393819103
-71	-365.7779873440062	-542.8706272499472	-567.8448975372704
-65.26622062873614	-181.72273673169005	-542.909020516617	-580.246308077411
-62	-48	-596	-328
-59	-513	-321	-300
-57.87915427508109	-544.9391031668613	19.678944838759463	-467.08828580003706
-57.762590985956905	-282.24637894272485	-554.5744430556576	-483.59583854128374
-57.76259098595676	-282.24637894272485	-554.5744430556576	-483.5958385412838
-55.66955879405474	-226.4880405091119	-575.4387919874248	-288.33270893971155
-55.385440330666114	-551.1100873908764	12.20486967840958	-441.1579946391014
-53.33609382721787	-513.1942027217726	-521.2277483475182	-271.0513875100459
-53.149587258319656	-552.646619336233	12.48289884889411	-442.17087234034716
-53	-517	-525	-265
-43	-576	412	-467
-40	-80	-568	-493
-36	-169	-572	-477
-30.06082354379201	-442.6323643133509	-526.036087087081	-350.43688876828617
-26	-578	413	-385
-19	-567	56	-377
-14.01614145519136	-529.2637225673732	-54.93608291246733	-424.3977176906502
-13.314551774334518	-530.5311755040657	-53.76282730872704	-425.2780725337891
-9.538321063305064	-556.7891521616745	-382.57526021337185	-185.13294588072347
-9	-531	-54	-425
-5	-555	-366	-188
11	-590	436	-322
11.05444231992388	-401.9557892853072	-552.5648482986614	-463.83056933277305
17.063319551092746	-213.78505611340813	-570.0519787359717	-380.4009450679267
18.902876679287527	-563.2354166877658	-27.09957160457823	-348.4799688402114
20.049444835798873	-574.616964655105	142.6128051166795	-368.9872753905158
22	-575	148	-370
25	-540	-89	-362
25.074241191745685	-188.5573054940192	-566.6384955823676	-381.9233597190294
27.962055374094327	-577.9985087405788	145.6086945268001	-366.38916956911976
27.970955091754107	-445.003436536698	-561.6020180050275	-285.0703797789053
27.970955091754135	-445.00343653669825	-561.6020180050281	-285.07037977890616
27.97095509175415	-445.00343653669813	-561.6020180050281	-285.0703797789062
29	-564	-209	-362
29.34627213478121	-517.3720253724194	-406.5260982991593	-299.05841509674497
29.41707525940062	-444.33584775247175	-562.7824578829087	-286.0015567999531
29.417075259401358	-444.3358477524713	-562.782457882909	-286.00155679995305
29.962751886373724	-123.75392809587217	-583.3586506879716	-408.36877052818465
30.84422785170767	-556.0473861643068	-212.084874372731	-361.96941717459276
33	-107	-572	-484
36.53680657383283	-445.1417879353382	-557.5520055228452	-273.42751682414035
38.15954682329712	-544.033230868876	20.360475532584474	-481.29599343948894
39.42661542792962	-110.81027135013923	-575.8191288692977	-484.0242712564081
43.996418261618814	-544.4005797799745	20.97804749580453	-479.01828601978787
48.45625516395238	-348.8634094858519	-553.9748969756581	-386.53906814407384
50.48469939050823	-594.8017381968328	163.74692134814396	-311.7864257300281
50.484699390508275	-594.8017381968328	163.74692134814393	-311.78642573002816
50.48469939050828	-594.8017381968328	163.7469213481439	-311.7864257300282
61.62744220723941	-532.036418488945	-239.6371153185178	-481.93902306192933
67.85833333333333	-559.5364864864865	-292.01204954954954	-330.8558558558558
69.32763666584987	-558.7667770562678	-288.44971082485927	-331.8978137317478
75.08869659994144	-233.11386695731562	-394.07345083340005	-594.6973487164496
77	-465	-534	-365
77.23445926645583	-553.3231769581676	-410.9674090595767	-121.02339811952977
79.44310258957172	-363.9432732061557	-201.30949544295706	-570.6687446819831
90.57162996772931	-448.8505623282221	-234.91779797466572	-559.2403548212304
105.58699084724104	-565.4816475485889	-90.23002602429045	-389.68472534356897
109.68884028650568	-506.72129332675104	-311.99754530203285	-439.94113809841826
110	-515	-311	-438
110.56641219086433	-429.45971216014743	-560.2014804048638	-481.17144526772404
115.55418497590932	-552.3608929006264	-85.9141119806126	-391.69447227499654
122.24607994584392	-502.88374795349023	67.93180880155788	-562.0517553015414
124.55770731023613	-341.18754908883193	-160.5577099547523	-583.4924485839938
129.74244355428885	-266.3125680362087	-534.6621834231378	-574.5839801102777
130	-334	-564	-390
147	-579	297	-331
151.9169458241885	-566.0386230795888	54.4797458703939	-415.55891109314234
171	-573	446	-512
185	-573	362	-543
191	-483	116	-581
196.3599853757067	-485.4383506603571	117.06082433953577	-580.973401603905
253.60615812791684	-575	-39.04289762941791	-199.84882485137902
256	-193	-569	-506
281	-578	307	-363
323.29415707476437	-581.1823942512369	36.54095463886989	-353.6926666947748
323.56096260682705	-581.3259411682483	36.88111422097826	-354.1680888620162
368	-535	19	-459
403	-363	-223	-576
405	-310	-123	-592
414	-580	385	-430
