-21167	-15933	-21489	
-21131	-16966	-21356	
-21097	-17283	-21815	
-21050	-17683	-21304	
-21001	-17747	-21690	
-20995	-17856	-21307	
-20967	-18064	-22149	
-20877	-18099	-22456	
-20871	-18146	-20893	
-20858	-18291	-21103	
-20837	-18463	-21352	
-20699	-18501	-21898	
-20695	-18589	-20797	
-20669	-18646	-19960	
-20641	-18854	-20802	
-21053	-16067	-22032	
-20586	-19027	-20805	
-21048	-17347	-22201	
-20507	-19109	-21697	
-20480	-19212	-21354	
-20996	-16868	-22290	
-20384	-19315	-21636	
-20994	-16102	-22379	
-20381	-19382	-21439	
-20924	-17452	-22705	
-20380	-19511	-22408	
-20326	-19555	-21442	
-20215	-19560	-19655	
-20214	-19665	-20840	
-20869	-16622	-22739	
-20815	-16899	-22902	
-20209	-19716	-20906	
-20172	-19727	-21223	
-20167	-19758	-21424	
-20159	-19838	-20843	
-20791	-16621	-22992	
-20132	-19941	-20500	
-20676	-17298	-23004	
-20661	-16242	-23220	
-20053	-20023	-21392	
-20016	-20034	-21709	
-20013	-20101	-21512	
-20562	-17432	-23547	
-19910	-20219	-22258	
-19907	-20286	-22061	
-19892	-20426	-21857	
-20512	-17582	-23567	
-20484	-17431	-23800	
-19745	-20538	-21261	
-19718	-20641	-20918	
-20341	-17018	-23810	
-20256	-16856	-23971	
-19639	-20723	-21810	
-20248	-17443	-24032	
-19471	-20906	-20418	
-20220	-17620	-24045	
-20170	-17770	-24065	
-20134	-18070	-24169	
-20079	-17240	-24203	
-20048	-17017	-24273	
-19361	-21047	-20526	
-19906	-17495	-24340	
-19866	-16105	-24374	
-19822	-17707	-24376	
-19780	-17756	-24391	
-19251	-21223	-20682	
-19731	-17566	-24392	
-19730	-16905	-24410	
-19696	-18749	-24469	
-19643	-16323	-24536	
-19577	-17983	-24599	
-19037	-21255	-19682	
-19538	-18083	-24651	
-19014	-21269	-19531	
-18918	-21372	-19813	
-19321	-18047	-24671	
-19310	-17508	-24822	
-18904	-21445	-19687	
-20947	-16854	-22305	
-19137	-17118	-24944	
-18644	-21562	-18804	
-20958	-17135	-22246	
-20685	-18521	-21116	
-20647	-18534	-21783	
-20635	-18558	-21900	
-20827	-18148	-21890	
-20625	-18648	-20957	
-20957	-17204	-22226	
-18920	-17082	-24964	
-20809	-18355	-21489	
-20599	-18692	-21079	
-18909	-16543	-25115	
-20605	-18588	-21056	
-20596	-18759	-20882	
-20725	-18207	-21750	
-18488	-21587	-19352	
-20564	-18846	-21461	
-20911	-17584	-22208	
-20588	-18642	-21546	
-20718	-18212	-21514	
-20562	-18936	-21694	
-18452	-21599	-18961	
-20646	-16582	-23040	
-18281	-21679	-18553	
-20518	-18947	-21643	
-20739	-17403	-22911	
-20596	-17115	-23088	
-20753	-16888	-22948	
-20568	-16839	-23154	
-20783	-18135	-22005	
-20686	-18155	-21935	
-20732	-18060	-22504	
-20641	-18202	-21902	
-20640	-18331	-22871	
-20706	-17535	-22699	
-20644	-18135	-22099	
-20586	-18609	-21949	
-20652	-17560	-22570	
-20609	-18536	-22205	
-20556	-18697	-22764	
-20553	-18764	-22567	
-18255	-21708	-19093	
-18451	-17252	-25142	
-20538	-18904	-22363	
-20605	-18044	-22991	
-20590	-18380	-22305	
-20435	-19117	-21434	
-20423	-19163	-21770	
-18360	-17177	-25162	
-20579	-17378	-23003	
-18232	-21722	-18942	
-20489	-19073	-22400	
-20543	-17902	-23285	
-18274	-17133	-25234	
-18204	-21895	-19179	
-20190	-19633	-21509	
-20419	-19132	-22560	
-20071	-19861	-21706	
-20066	-19912	-21772	
-20113	-19819	-21188	
-20515	-18079	-23298	
-20513	-18085	-23320	
-20510	-18152	-23123	
-20495	-18292	-22919	
-20468	-18479	-22787	
-18211	-16813	-25246	
-20465	-18795	-22490	
-20466	-18732	-23071	
-20151	-19569	-22309	
-20463	-18799	-22874	
-20448	-18939	-22670	
-18198	-17431	-25260	
-20453	-17690	-23330	
-20148	-19636	-22112	
-20093	-19809	-22115	
-20435	-18084	-23573	
-20129	-19657	-23005	
-20100	-19668	-21816	
-18133	-17140	-25279	
-20084	-19818	-22058	
-20465	-18229	-23318	
-20432	-18376	-23211	
-17831	-16433	-25362	
-20362	-18827	-22849	
-20364	-19305	-22563	
-20292	-18975	-22864	
-20337	-18899	-22964	
-20360	-17699	-23634	
-20250	-16875	-23835	
-20274	-19093	-22608	
-20376	-18520	-23116	
-20253	-19265	-22857	
-20334	-17591	-23677	
-20341	-18233	-23236	
-20336	-18642	-23178	
-20298	-18519	-23369	
-20432	-18151	-23376	
-20310	-17585	-23738	
-20345	-18827	-22867	
-20331	-18179	-23351	
-20345	-17872	-23618	
-20302	-18215	-23423	
-20241	-18214	-23658	
-20250	-19332	-22660	
-20292	-18886	-23009	
-20235	-19472	-22456	
-20290	-18045	-23621	
-20279	-18091	-23530	
-20217	-17936	-23748	
-20263	-18232	-23489	
-20321	-18693	-23119	
-20208	-19330	-23111	
-19994	-19853	-22365	
-20284	-18826	-23102	
-20260	-18548	-23192	
-20261	-18238	-23511	
-20249	-18363	-23420	
-20255	-18683	-23360	
-19970	-20015	-22054	
-20214	-18764	-23526	
-20027	-19783	-22291	
-20243	-18692	-23372	
-20214	-18885	-23262	
-20201	-18090	-23783	
-20171	-18273	-23818	
-20013	-19700	-22516	
-20202	-19010	-23171	
-20171	-18362	-23673	
-17715	-16842	-25416	
-17680	-21952	-19754	
-19851	-16665	-24374	
-20075	-18928	-23238	
-20084	-18795	-23369	
-20160	-17823	-23824	
-20165	-18718	-23667	
-19982	-19769	-22409	
-20072	-18831	-23423	
-20057	-18971	-23219	
-20118	-19118	-23156	
-20069	-18846	-23310	
-19849	-19814	-22413	
-19847	-19880	-22616	
-19979	-18970	-23472	
-19971	-18991	-23187	
-19961	-19064	-23380	
-20063	-19291	-23159	
-19888	-19783	-22385	
-19868	-19661	-22564	
-19864	-19674	-22617	
-19858	-19689	-22646	
-20087	-18717	-23920	
-19820	-20007	-22303	
-19958	-19093	-23248	
-19950	-19163	-23362	
-19780	-20041	-22356	
-19665	-20429	-21662	
-20033	-17577	-24273	
-19994	-18830	-23676	
-19458	-20741	-20962	
-19798	-19834	-22757	
-19742	-20006	-22556	
-20118	-19376	-23064	
-19924	-19410	-23707	
-19432	-20770	-21502	
-20087	-18728	-23566	
-20075	-18764	-23620	
-19973	-19337	-23112	
-19419	-20807	-20720	
-19991	-19294	-23131	
-19848	-19420	-23011	
-19789	-19606	-23067	
-19679	-19667	-22914	
-19653	-19795	-22805	
-19765	-20180	-22306	
-20044	-18116	-24122	
-17504	-16972	-25519	
-19416	-20874	-20523	
-19598	-16844	-24492	
-19617	-20287	-21937	
-19772	-19554	-23158	
-19552	-20444	-22052	
-19636	-19815	-22840	
-19714	-20015	-22532	
-19687	-20179	-22559	
-20041	-18183	-23925	
-19997	-18505	-23965	
-19702	-19841	-22664	
-19669	-20001	-22650	
-19997	-18763	-23873	
-19624	-19840	-22917	
-19405	-20880	-20594	
-19474	-20443	-22305	
-19609	-20205	-22854	
-19917	-18034	-24189	
-19986	-18224	-24024	
-19409	-20784	-21351	
-19360	-20866	-20712	
-19659	-19428	-23165	
-19633	-19554	-23252	
-19615	-19760	-23005	
-19833	-18246	-24225	
-19393	-20802	-21101	
-17524	-21977	-20302	
-19630	-19621	-23055	
-19315	-20931	-20966	
-19682	-19600	-23111	
-19575	-19794	-23058	
-19786	-18714	-24162	
-19859	-18142	-24091	
-19913	-18871	-23858	
-19841	-18185	-24072	
-19546	-19866	-23212	
-19644	-19567	-23115	
-19552	-19421	-23363	
-19549	-20511	-21855	
-19533	-19670	-23487	
-19587	-19769	-22981	
-19358	-20265	-22348	
-19494	-20684	-21858	
-19450	-20563	-21903	
-19591	-20000	-22903	
-19344	-20264	-22557	
-19364	-20462	-22061	
-19901	-18996	-23767	
-19742	-18105	-24241	
-19269	-21016	-21083	
-19870	-18681	-23940	
-19309	-20635	-22064	
-19329	-20404	-22353	
-19526	-19896	-22939	
-19253	-20809	-21899	
-19316	-20273	-22533	
-19823	-18917	-23811	
-19311	-20299	-22543	
-19387	-19896	-23033	
-19362	-19939	-23123	
-19210	-20904	-21338	
-19739	-19361	-23913	
-17324	-22003	-18746	
-19852	-18724	-23921	
-19766	-18744	-23889	
-19239	-20498	-22127	
-19185	-20399	-22633	
-19225	-20076	-23061	
-19509	-19768	-23234	
-19227	-20523	-22204	
-19314	-20232	-22740	
-19291	-20102	-22885	
-19464	-19754	-23352	
-19722	-18720	-23929	
-19366	-20744	-21678	
-19676	-18779	-24196	
-19381	-19586	-23707	
-19649	-19149	-23958	
-19161	-20497	-22380	
-19343	-20758	-21527	
-19209	-20556	-22192	
-19296	-20439	-22339	
-19203	-20828	-21403	
-19309	-19895	-23286	
-19044	-20276	-22687	
-19511	-18786	-24084	
-19196	-21048	-21097	
-19166	-20871	-21730	
-19412	-19057	-24296	
-19124	-20977	-21131	
-19213	-20128	-23180	
-19178	-20625	-22085	
-19088	-20529	-22394	
-19057	-20472	-22412	
-19087	-20769	-21900	
-19084	-20639	-22061	
-19109	-19727	-23534	
-19043	-20736	-22292	
-19079	-21042	-21385	
-19033	-20315	-22853	
-18945	-21224	-20239	
-19046	-20411	-22581	
-18922	-21238	-20088	
-19177	-19890	-23329	
-19159	-20215	-22763	
-19037	-20281	-22671	
-19162	-20148	-22960	
-19016	-20458	-22428	
-18994	-20690	-22433	
-18956	-20457	-22534	
-19091	-20192	-23041	
-19098	-19830	-23510	
-19095	-19897	-23313	
-19052	-19914	-23490	
-19164	-19856	-23334	
-18932	-21148	-21031	
-19222	-19616	-23528	
-19010	-20329	-22702	
-19013	-20218	-23336	
-17228	-22106	-19028	
-18976	-20897	-22032	
-18958	-20350	-22646	
-19193	-19619	-23549	
-18907	-20411	-22675	
-18874	-21268	-20320	
-19032	-20581	-22360	
-18943	-20490	-22442	
-18904	-20478	-22478	
-19372	-19456	-23797	
-18878	-20456	-22787	
-18829	-20410	-22928	
-19008	-19881	-23882	
-18973	-21008	-21398	
-18968	-21002	-21679	
-18875	-20523	-22590	
-19034	-19634	-23537	
-19014	-20787	-21950	
-18852	-21346	-19989	
-19021	-20832	-21778	
-19328	-19423	-24189	
-18827	-20334	-23062	
-19092	-19515	-23989	
-18849	-20651	-22481	
-18826	-20477	-22731	
-18995	-20013	-23385	
-18905	-21174	-21056	
-18832	-20671	-22516	
-18865	-20857	-22326	
-18883	-21102	-21172	
-19037	-19567	-23734	
-18826	-21341	-20370	
-18783	-20625	-22657	
-18850	-19974	-23433	
-18851	-21233	-20431	
-18585	-21450	-19059	
-18857	-21176	-21221	
-18579	-21500	-19937	
-18895	-21034	-21693	
-18771	-20650	-22734	
-18886	-20904	-21783	
-18699	-20231	-23180	
-18733	-20417	-22835	
-18813	-21143	-21613	
-18754	-21031	-21868	
-18642	-20285	-23268	
-18705	-20624	-22910	
-18796	-21247	-20631	
-18766	-19952	-23605	
-18702	-20164	-23377	
-18684	-20371	-22976	
-18795	-21350	-21212	
-18662	-20012	-23466	
-18898	-20697	-22340	
-19468	-18174	-24640	
-17413	-16831	-25535	
-18577	-20442	-23383	
-18660	-20610	-23028	
-18690	-20787	-22395	
-18530	-20044	-23405	
-18793	-21405	-19981	
-19260	-18374	-24489	
-18555	-20006	-23510	
-18439	-20079	-23509	
-18677	-20919	-21898	
-18558	-20914	-22480	
-18645	-20930	-21911	
-19043	-18338	-24509	
-18636	-20915	-22227	
-19309	-17721	-24716	
-18651	-20657	-22596	
-18842	-20871	-22175	
-18297	-19966	-23552	
-18549	-20784	-22570	
-18420	-20169	-23503	
-18762	-21397	-20361	
-18514	-21558	-18812	
-18506	-21532	-19951	
-18892	-19605	-24145	
-18294	-20040	-23557	
-19317	-18884	-24340	
-18609	-20992	-21916	
-18996	-18652	-24589	
-18602	-20947	-22088	
-18456	-19927	-23972	
-18643	-21443	-20607	
-18431	-20668	-22929	
-18235	-20120	-23709	
-18404	-20745	-22618	
-18909	-19085	-24285	
-17221	-16909	-25586	
-19195	-18383	-24485	
-18668	-21104	-21661	
-18657	-20822	-22381	
-19129	-18655	-24470	
-18606	-21190	-21305	
-18512	-21129	-22209	
-19100	-18848	-24360	
-18870	-19169	-24272	
-18542	-19727	-24017	
-19092	-17685	-24736	
-18347	-20849	-22704	
-18590	-21103	-21914	
-19090	-17765	-24695	
-18247	-20291	-23453	
-18912	-19018	-24482	
-18495	-20456	-23157	
-18476	-21275	-21561	
-18919	-17807	-24686	
-18108	-20656	-23118	
-19000	-17553	-24740	
-18906	-18060	-24711	
-18924	-17551	-24748	
-18783	-19239	-24250	
-19081	-17146	-24887	
-18905	-17642	-24964	
-18338	-20719	-22794	
-18023	-20128	-23534	
-19031	-17296	-24907	
-18150	-20210	-23467	
-18413	-20875	-22528	
-17964	-20228	-23520	
-18879	-18253	-24730	
-18902	-17709	-24767	
-18184	-19952	-23811	
-17868	-20215	-23593	
-18847	-19027	-24478	
-18628	-19326	-24309	
-17960	-20513	-23148	
-18664	-19030	-24316	
-18406	-21095	-22222	
-17837	-20378	-23710	
-17507	-20227	-23780	
-18290	-20917	-22265	
-17894	-20456	-23388	
-18221	-21046	-22428	
-18858	-18289	-24715	
-18838	-17986	-24771	
-18499	-19115	-24573	
-18219	-20696	-22824	
-17752	-20478	-23203	
-18094	-20800	-22877	
-17878	-20281	-23479	
-18836	-18488	-24629	
-18535	-21467	-20329	
-17622	-20481	-23227	
-18427	-21229	-21702	
-18259	-19664	-24084	
-17548	-20673	-23286	
-18785	-18936	-24549	
-18455	-19448	-24259	
-18636	-21367	-20672	
-18527	-19485	-24171	
-18779	-17978	-24778	
-18778	-16779	-24989	
-18394	-19196	-24329	
-17224	-20164	-23847	
-17879	-20714	-23019	
-18699	-17831	-24788	
-18343	-21548	-19400	
-18599	-21410	-20999	
-17815	-19942	-23837	
-18282	-21190	-21750	
-18308	-19784	-24002	
-18108	-19874	-24158	
-18283	-20871	-22536	
-18236	-21566	-20206	
-18006	-20960	-22570	
-18231	-19285	-24340	
-18462	-21499	-20343	
-18679	-17827	-24971	
-18770	-18444	-24771	
-18192	-19508	-24265	
-18212	-21143	-21844	
-18211	-19355	-24416	
-17861	-20921	-22618	
-16955	-20273	-23870	
-17541	-20413	-23427	
-18289	-21558	-19363	
-16326	-20530	-23305	
-18672	-18993	-24623	
-17795	-20895	-22794	
-17607	-20785	-23031	
-18687	-16638	-25005	
-18188	-21207	-21753	
-18043	-21168	-21801	
-17841	-19678	-24177	
-16043	-20467	-23372	
-18447	-21326	-21219	
-16758	-20010	-23982	
-18302	-21287	-21267	
-18038	-21149	-22004	
-18664	-18387	-24971	
-15976	-20463	-23393	
-18228	-21687	-19396	
-17830	-19684	-24206	
-18194	-21350	-21443	
-18613	-16998	-25044	
-18269	-21322	-21253	
-18172	-19385	-24326	
-17982	-21323	-21839	
-18414	-21501	-20508	
-18661	-18454	-24774	
-18431	-18622	-24771	
-18359	-21516	-20048	
-17212	-20695	-23037	
-18086	-19438	-24285	
-17864	-21207	-22198	
-18211	-21675	-19485	
-17055	-20831	-23121	
-18379	-21492	-20877	
-17878	-21063	-22439	
-17414	-19528	-24252	
-17805	-21095	-22453	
-18101	-21277	-21593	
-17153	-19913	-24002	
-17619	-21027	-22601	
-18454	-21371	-21047	
-16919	-20930	-22721	
-16730	-19631	-24238	
-16672	-20210	-23937	
-17827	-19388	-24291	
-18154	-21618	-19625	
-17675	-19393	-24491	
-18337	-21532	-20511	
-18083	-21310	-21737	
-17715	-19384	-24586	
-17627	-19478	-24447	
-18340	-21374	-21161	
-16569	-20863	-22809	
-18396	-21473	-20519	
-16970	-20931	-22614	
-17854	-21141	-22312	
-17991	-21453	-21749	
-17959	-19356	-24352	
-18570	-18018	-25012	
-16725	-20680	-23191	
-16447	-19568	-24305	
-16840	-20934	-22638	
-16096	-20937	-22626	
-18216	-19052	-24640	
-18123	-21627	-20467	
-15618	-20688	-23187	
-15476	-21006	-22641	
-18155	-21382	-21042	
-16671	-19731	-24224	
-16627	-20898	-22777	
-18482	-17475	-25072	
-18147	-21428	-21201	
-18189	-18949	-25031	
-18069	-21454	-21496	
-17776	-21367	-21891	
-18370	-21468	-20900	
-18225	-21429	-20948	
-16911	-21185	-22483	
-17694	-21228	-21892	
-17631	-21328	-21939	
-18060	-21324	-21586	
-17649	-21121	-22340	
-17501	-21324	-21947	
-17312	-21253	-22288	
-18113	-21487	-21104	
-18537	-18305	-25038	
-18149	-21553	-20418	
-18306	-21524	-20891	
-17054	-21134	-22368	
-17130	-16768	-25602	
-18092	-21792	-19616	
-18444	-18418	-24794	
-18274	-18473	-24941	
-16964	-21309	-21957	
-18077	-21649	-19628	
-17588	-19302	-24653	
-16826	-21285	-21976	
-18012	-21587	-20761	
-16715	-19398	-24538	
-18032	-21714	-19882	
-18234	-18482	-24846	
-17799	-19018	-24693	
-17846	-21414	-21797	
-17818	-21514	-20990	
-17798	-21486	-21137	
-17624	-21548	-21633	
-18188	-21689	-19334	
-18136	-21825	-19224	
-18014	-21700	-20042	
-17305	-19239	-24720	
-17939	-21619	-20775	
-17731	-21570	-20866	
-17109	-21348	-21909	
-17516	-18955	-24760	
-16212	-21355	-21942	
-16803	-17307	-25759	
-17970	-21667	-20434	
-17432	-19321	-24653	
-17439	-21499	-21839	
-18436	-17812	-25142	
-17234	-18988	-24875	
-16054	-19078	-24733	
-17565	-21607	-20878	
-17539	-21607	-21023	
-17130	-22127	-18297	
-17825	-21628	-20482	
-17454	-21567	-21172	
-17598	-21644	-20484	
-17558	-21827	-20572	
-17936	-21817	-20164	
-17728	-21648	-20476	
-17980	-21850	-19772	
-17498	-21691	-20607	
-18183	-17991	-25260	
-17927	-21687	-20254	
-17397	-21731	-20751	
-17353	-21580	-21274	
-17376	-21566	-21425	
-17319	-21730	-21004	
-17721	-21731	-20306	
-17713	-21777	-20465	
-17174	-21691	-21052	
-18447	-18351	-24991	
-16806	-21645	-21161	
-17791	-21778	-20212	
-18180	-18058	-25063	
-16480	-21605	-21344	
-17985	-18351	-25128	
-18006	-21821	-19232	
-17989	-21809	-19321	
-17574	-18376	-25061	
-17450	-18590	-25043	
-17072	-22131	-19576	
-17167	-18527	-25110	
-16974	-22152	-18845	
-17614	-18242	-25178	
-17035	-18559	-25049	
-16752	-18806	-25097	
-17283	-21742	-20613	
-17205	-21768	-20908	
-17675	-16851	-25321	
-17590	-17445	-25301	
-17742	-17490	-25277	
-16057	-18275	-25239	
-17569	-21912	-20048	
-16662	-18214	-25219	
-17062	-21803	-20630	
-17325	-17456	-25330	
-17554	-17532	-25275	
-17017	-17834	-25298	
-16438	-18226	-25294	
-17136	-17234	-25412	
-17379	-21938	-20350	
-16297	-21833	-20405	
-16880	-17480	-25333	
-16746	-17848	-25326	
-17042	-17393	-25397	
-16097	-22158	-17145	
-16734	-17771	-25365	
-16011	-22167	-17261	
-17550	-21948	-19762	
-16393	-17811	-25405	
-17045	-16980	-25499	
-16925	-17364	-25515	
-15985	-22196	-17801	
-16509	-22005	-19591	
-16385	-21978	-19664	
-16834	-17223	-25531	
-15360	-22235	-17077	
