-11987	-10782	-7097	-9154	
-11981	-10663	-7134	-9890	
-11950	-10276	-7406	-9022	
-11944	-10157	-7443	-9758	
-11925	-10947	-7896	-8855	
-11919	-10828	-7933	-9591	
-11841	-10278	-7987	-9353	
-11815	-11025	-8550	-9888	
-11877	-10860	-7751	-10187	
-11747	-10932	-7655	-10474	
-11737	-10475	-8604	-9650	
-11370	-10541	-8633	-9888	
-11668	-11153	-7962	-10878	
-11345	-10994	-8707	-9594	
-11345	-10517	-8943	-9781	
-11778	-11075	-7308	-9845	
-11674	-11272	-7925	-10142	
-11210	-11960	-9067	-11049	
-11421	-10517	-7599	-11054	
-11142	-10929	-9117	-9736	
-11523	-11470	-8239	-10061	
-11371	-10728	-7049	-11201	
-11136	-10810	-9154	-10472	
-10661	-10630	-9185	-9671	
-10651	-10644	-9557	-10362	
-11222	-10466	-7133	-11212	
-11103	-10650	-7424	-11368	
-11314	-11763	-8450	-10752	
-10964	-11072	-7619	-11627	
-10125	-10448	-9607	-10738	
-11949	-10419	-7300	-8491	
-10900	-10991	-7695	-11736	
-11943	-10300	-7337	-9227	
-9782	-10697	-9940	-10483	
-11710	-10426	-7964	-10342	
-10929	-12044	-8601	-11093	
-10572	-11114	-7958	-11758	
-11643	-11129	-8272	-10771	
-10522	-11325	-7408	-11905	
-10674	-12067	-8598	-10765	
-11565	-10579	-8326	-10533	
-10659	-12193	-8668	-10488	
-11486	-10964	-8548	-9929	
-11448	-11091	-8579	-10126	
-11753	-11051	-7618	-9738	
-11373	-11278	-8339	-10166	
-11334	-10222	-7358	-11069	
-11336	-10772	-8648	-10034	
-11226	-11406	-7751	-11156	
-11276	-11400	-8653	-10089	
-11258	-10222	-8702	-9796	
-11232	-11123	-8698	-10059	
-11255	-11392	-8614	-10228	
-11220	-10349	-8733	-9993	
-11276	-11195	-8301	-11009	
-10254	-11247	-7783	-12072	
-11325	-11402	-8295	-10623	
-11376	-10660	-8596	-9152	
-10379	-12441	-8587	-10815	
-11094	-11380	-8117	-11333	
-11485	-11107	-8442	-9398	
-11454	-11210	-8542	-9390	
-11052	-11120	-8145	-11060	
-11041	-10815	-8223	-11069	
-10988	-11348	-8394	-11332	
-11499	-11194	-7464	-10356	
-10949	-11198	-7689	-11350	
-11282	-11519	-8616	-9353	
-11398	-11302	-8029	-10273	
-10946	-11654	-7670	-11483	
-10944	-11918	-8531	-11370	
-11484	-11320	-7534	-10079	
-10939	-11048	-7929	-11520	
-11366	-11204	-7781	-10426	
-11338	-11235	-7854	-10388	
-10838	-11156	-8494	-11437	
-10688	-11164	-9150	-11086	
-10794	-11726	-8631	-11475	
-10639	-11467	-9554	-10661	
-10779	-11852	-8701	-11198	
-8298	-10377	-9996	-10660	
-10046	-10918	-8008	-12134	
-10557	-11240	-8028	-11481	
-10499	-9902	-8367	-11502	
-10557	-10239	-8798	-11089	
-10503	-11182	-8797	-11222	
-10494	-10564	-8012	-11520	
-10694	-11283	-9113	-10350	
-10460	-11490	-8207	-11606	
-10716	-11176	-8685	-11237	
-10432	-10729	-8811	-11221	
-10610	-10614	-9204	-10848	
-10353	-10990	-8897	-11327	
-10490	-11066	-9242	-10808	
-10225	-11963	-8258	-11842	
-10349	-9910	-9023	-11151	
-10415	-10825	-8098	-11626	
-10201	-10448	-8263	-12011	
-10192	-11412	-8582	-11773	
-10411	-11327	-9328	-10914	
-10198	-11460	-8642	-11450	
-10177	-11538	-8652	-11496	
-10169	-11143	-8666	-11604	
-10134	-11275	-8707	-11730	
-10227	-11480	-9097	-11191	
-10485	-10819	-7717	-11773	
-10344	-10372	-8112	-11625	
-10133	-12108	-8789	-11534	
-10348	-11039	-7802	-11809	
-10088	-11370	-9189	-11256	
-10203	-10998	-9553	-10976	
-10388	-11058	-9412	-10745	
-10110	-11839	-8873	-11365	
-10198	-11660	-9198	-10994	
-10075	-11971	-8914	-11491	
-10177	-11738	-9208	-11040	
-10042	-11420	-9238	-11422	
-10353	-11190	-9453	-10871	
-10073	-11496	-9259	-10979	
-10048	-11468	-9298	-11099	
-10239	-11373	-7853	-11795	
-10231	-10978	-7867	-11903	
-9385	-11300	-8166	-12193	
-8275	-10108	-10080	-10491	
-10481	-11717	-9136	-10021	
-10282	-10737	-9467	-10870	
-10027	-11546	-9308	-11145	
-10019	-11151	-9322	-11253	
-9984	-11083	-8807	-11835	
-9941	-10601	-9376	-11015	
-9925	-11779	-9014	-11596	
-9969	-11209	-8877	-11558	
-10282	-11735	-9151	-10482	
-10245	-12055	-9371	-10398	
-9734	-11733	-9351	-11051	
-9627	-11167	-9685	-10606	
-9557	-11254	-9641	-11312	
-9499	-10917	-9210	-11725	
-10580	-11662	-7839	-11492	
-10075	-11771	-8358	-11947	
-9906	-10533	-8861	-11597	
-9619	-11089	-8842	-11611	
-9484	-11043	-9280	-11448	
-10377	-11975	-9134	-10770	
-8423	-10013	-9364	-11352	
-10573	-12082	-8692	-10484	
-10509	-12001	-8768	-10593	
-9542	-11380	-9711	-11035	
-9835	-11496	-9460	-10544	
-8284	-9903	-9456	-11417	
-10507	-11451	-7478	-11628	
-9561	-10752	-8411	-12024	
-9719	-11859	-9421	-10774	
-9421	-10367	-9264	-11487	
-9623	-11206	-9685	-10419	
-10406	-11989	-8973	-10932	
-9340	-10562	-8566	-11915	
-10391	-12115	-9043	-10655	
-9323	-11465	-8965	-11894	
-8150	-10915	-9236	-11520	
-9519	-11111	-9795	-10866	
-9627	-11644	-9449	-10419	
-9364	-11581	-9540	-10989	
-9387	-11850	-9456	-11158	
-10306	-11958	-7818	-11496	
-10227	-11699	-7397	-11955	
-10401	-12186	-8414	-11367	
-11374	-11208	-8323	-10072	
-8855	-10396	-8969	-11805	
-9175	-11560	-9681	-11033	
-9360	-11620	-9540	-10802	
-9523	-11902	-9447	-11168	
-9064	-9984	-8455	-11941	
-10327	-11730	-8552	-11391	
-8900	-11134	-8569	-12083	
-10305	-12004	-9067	-10651	
-8877	-10865	-8653	-11914	
-10229	-12249	-8687	-10920	
-10013	-12449	-8756	-10824	
-9003	-9858	-9729	-10945	
-9163	-11240	-9838	-10663	
-9441	-10561	-9849	-10628	
-8679	-10944	-8724	-11974	
-8703	-11598	-9552	-10532	
-9990	-12180	-8840	-10655	
-8185	-10983	-9751	-10938	
-8591	-10090	-7572	-12239	
-9927	-12188	-9196	-10712	
-8988	-9984	-9799	-10668	
-8526	-11119	-9842	-10793	
-9431	-11250	-8117	-12027	
-8503	-10850	-9926	-10624	
-8909	-10454	-8200	-12064	
-9383	-11889	-9456	-10971	
-9375	-12489	-8043	-10950	
-9863	-12257	-8856	-10929	
-9722	-12102	-9215	-10822	
-8903	-12214	-8871	-10817	
-9963	-12207	-8151	-11241	
-9913	-12418	-7601	-11388	
-9645	-12340	-7976	-11555	
-10289	-11315	-8298	-11490	
-9587	-12003	-7545	-11968	
-9861	-11707	-7566	-11964	
-10275	-10440	-8951	-11089	
-9653	-11378	-7791	-12026	
-9525	-12168	-8344	-11669	
-9311	-12104	-7552	-11686	
-9443	-10940	-7588	-12097	
-10472	-11495	-9077	-10461	
-10260	-11295	-7843	-11749	
-10310	-11498	-8863	-11255	
-10154	-11269	-8736	-11327	
-8216	-11145	-9339	-11388	
-10256	-11797	-9073	-11037	
-10233	-11528	-9157	-10868	
-10218	-11654	-9227	-10591	
-10241	-11923	-9143	-10760	
-10212	-11606	-9167	-10914	
-10183	-11586	-8712	-11173	
-10183	-11786	-9268	-10717	
-10154	-11469	-9292	-10871	
-10033	-11594	-9368	-10822	
-10004	-11277	-9392	-10976	
-10097	-11675	-9292	-10713	
-10044	-11507	-9298	-10912	
-10194	-11699	-9198	-10807	
-9329	-11513	-9025	-11571	
-9300	-11196	-9049	-11725	
-10029	-11633	-9368	-10635	
-9810	-11458	-9336	-10868	
-8935	-11202	-9084	-11501	
-9618	-11422	-9390	-10859	
-8339	-10936	-9095	-11476	
-9769	-11081	-8186	-11962	
-9904	-11919	-9280	-10543	
-10179	-11825	-9268	-10530	
-9537	-12042	-9356	-11053	
-9591	-11543	-8590	-11727	
-9768	-11614	-9290	-10754	
-10244	-12123	-8617	-11197	
-9420	-11368	-8681	-11611	
-9018	-11491	-9114	-11183	
-9325	-11552	-9025	-11384	
-9826	-11751	-9165	-10797	
-9655	-11928	-9081	-10991	
-9572	-11910	-9315	-10927	
-9489	-11587	-8548	-11614	
-9243	-12463	-8409	-11127	
-9362	-11031	-8250	-12024	
-9570	-11360	-8025	-11962	
-9805	-12120	-8981	-10886	
-8498	-11257	-9002	-11655	
-8350	-11531	-8555	-11805	
-9375	-12176	-9000	-11318	
-8751	-11472	-7681	-11957	
-9661	-12146	-8660	-11033	
-9673	-11894	-8791	-11519	
-9537	-11842	-8800	-11509	
-9220	-12194	-8493	-10958	
-9053	-12206	-8215	-11168	
-8961	-12351	-8746	-10860	
