-31283	-25794	-23221	
-31274	-25842	-21341	
-31263	-27083	-23394	
-31252	-26387	-23437	
-31251	-27660	-24612	
-31220	-27784	-25029	
-31211	-27832	-23149	
-31194	-28217	-23992	
-31163	-28341	-24409	
-31124	-27804	-25074	
-31107	-27264	-25382	
-31067	-28361	-24454	
-31049	-28596	-24194	
-31037	-28628	-23959	
-31006	-28794	-24324	
-31101	-26867	-25507	
-30901	-28844	-24446	
-31075	-27601	-25517	
-31058	-27623	-25539	
-30901	-28886	-24394	
-31005	-26887	-25552	
-30998	-27111	-25692	
-30879	-28985	-24208	
-30841	-28989	-23040	
-30834	-28994	-23781	
-30813	-29169	-25112	
-30965	-26691	-25730	
-30962	-27081	-25870	
-30775	-29173	-23944	
-30744	-29297	-24361	
-30916	-27492	-26024	
-30667	-29389	-23819	
-30601	-29497	-24307	
-30913	-27440	-26027	
-30861	-27594	-26173	
-30581	-29545	-24601	
-30569	-29577	-24366	
-30799	-27009	-26284	
-30569	-29619	-24314	
-30538	-29743	-24731	
-30698	-27594	-26352	
-30475	-29800	-23930	
-30692	-26625	-26518	
-30391	-29978	-24743	
-30583	-27514	-26526	
-30581	-27111	-26612	
-30336	-30080	-24892	
-30566	-26694	-26820	
-30272	-30083	-24874	
-30235	-30123	-24727	
-30212	-30127	-24579	
-30188	-30150	-24535	
-30180	-30225	-24876	
-30157	-30229	-24728	
-30146	-30402	-24695	
-30474	-27361	-26836	
-30457	-26283	-26947	
-30091	-30504	-24844	
-30361	-26303	-26992	
-30326	-26837	-27057	
-30011	-30529	-25475	
-29973	-30533	-24307	
-29943	-30555	-24941	
-29932	-30625	-24722	
-30299	-28027	-27058	
-30296	-27762	-27213	
-29915	-30628	-24901	
-29907	-30650	-25122	
-29888	-30657	-25090	
-29863	-30710	-25457	
-29825	-30714	-24289	
-29807	-30765	-24948	
-30267	-26974	-27272	
-29752	-30867	-25097	
-30241	-27864	-27362	
-29741	-30892	-25102	
-29737	-31029	-25278	
-30212	-27076	-27421	
-30070	-27249	-27437	
-30061	-27420	-27642	
-29674	-31058	-24510	
-29619	-31160	-24659	
-29523	-31180	-24704	
-29521	-31210	-24049	
-29496	-31316	-25054	
-30006	-27522	-27791	
-29416	-31341	-25685	
-29378	-31345	-24517	
-29361	-31443	-25834	
-29910	-27542	-27836	
-29323	-31447	-24666	
-29280	-31523	-24912	
-29817	-27389	-27903	
-29179	-31566	-24747	
-29816	-27955	-27933	
-29762	-27491	-28052	
-29167	-31592	-24650	
-29157	-31679	-25307	
-29140	-31696	-24046	
-29671	-28334	-28135	
-29066	-31703	-25265	
-29035	-31827	-25682	
-29664	-28040	-28199	
-28997	-31831	-24514	
-28986	-31859	-24584	
-28940	-31943	-25066	
-29635	-27252	-28258	
-29511	-27317	-28296	
-28844	-31963	-25111	
-28841	-31976	-24498	
-29462	-26989	-28322	
-28833	-32011	-24123	
-29429	-27698	-28628	
-28781	-32064	-24944	
-28728	-32142	-25759	
-28693	-32158	-24480	
-28647	-32222	-24837	
-28601	-32306	-25319	
-28507	-32395	-23971	
-29194	-27527	-28671	
-29161	-27943	-28697	
-28386	-32473	-24557	
-29158	-27678	-28852	
-28254	-32517	-24613	
-28241	-32530	-25431	
-28236	-32534	-24039	
-28198	-32539	-23829	
-28158	-32572	-25102	
-28146	-32604	-24867	
-29090	-28061	-28881	
-28143	-32611	-23872	
-28116	-32617	-25581	
-28106	-32699	-24595	
-28968	-28047	-28977	
-28093	-32709	-25608	
-27987	-32725	-24745	
-27899	-32819	-24281	
-28790	-27406	-29006	
-28762	-26883	-29111	
-27848	-32847	-24331	
-27762	-32878	-25406	
-27734	-32881	-24623	
-27689	-32968	-24209	
-28714	-26395	-29139	
-28558	-27836	-29199	
-27603	-32999	-25284	
-28490	-28219	-29228	
-27515	-33093	-24820	
-28399	-28058	-29241	
-28394	-26611	-29265	
-28352	-26672	-29333	
-27468	-33102	-23880	
-27387	-33196	-24680	
-31135	-27862	-24559	
-28350	-27573	-29391	
-31094	-28071	-24579	
-31112	-27836	-24839	
-31064	-27929	-25013	
-31106	-27477	-25100	
-31089	-27499	-25122	
-31083	-27369	-25305	
-31063	-28237	-24944	
-27312	-33248	-23865	
-31007	-28486	-24393	
-28162	-27041	-29458	
-30992	-28302	-24554	
-30938	-28459	-24436	
-30975	-28319	-25320	
-30970	-28328	-24745	
-31030	-28217	-25171	
-30958	-28329	-25014	
-30946	-28361	-24779	
-27111	-33272	-25023	
-30936	-28428	-24828	
-30916	-28515	-24812	
-30916	-28472	-24956	
-30925	-28443	-24787	
-30979	-27621	-25562	
-31027	-27771	-25365	
-26994	-33331	-25104	
-30962	-27643	-25584	
-30953	-27715	-25609	
-30897	-28641	-24634	
-28123	-26591	-29489	
-30944	-27351	-25640	
-30921	-27208	-25815	
-30982	-27886	-25407	
-30864	-28663	-24809	
-30824	-28704	-24662	
-30850	-28939	-24308	
-28055	-26974	-29518	
-30880	-28554	-25030	
-30973	-27958	-25432	
-30839	-28958	-24281	
-30876	-28589	-25096	
-26877	-33386	-24864	
-30647	-29305	-24130	
-30632	-29347	-24015	
-30870	-28612	-25732	
-30864	-28621	-24861	
-30921	-28064	-25481	
-30885	-28034	-25659	
-27933	-26960	-29614	
-30902	-27768	-25523	
-30821	-28691	-25245	
-30882	-27588	-25853	
-30961	-28262	-25338	
-30858	-28644	-25497	
-30874	-28362	-25155	
-30921	-28106	-25429	
-26812	-33388	-24373	
-26803	-33393	-24601	
-30851	-28148	-25791	
-26789	-33480	-24400	
-30680	-26915	-26466	
-30707	-29258	-25051	
-30830	-28136	-25808	
-30765	-27614	-26218	
-30818	-27952	-25890	
-30599	-29310	-24861	
-30695	-29290	-24816	
-30706	-27965	-26279	
-30588	-29442	-24345	
-30585	-29319	-24560	
-30811	-27797	-25942	
-30581	-29327	-25156	
-30647	-27150	-26489	
-30643	-27696	-26501	
-30656	-27791	-26400	
-30759	-27903	-25991	
-30768	-28720	-25208	
-30442	-29763	-24776	
-30764	-28774	-25115	
-30752	-28733	-25436	
-30742	-27995	-26101	
-30426	-29793	-24385	
-30713	-28822	-25357	
-27731	-28663	-29634	
-30769	-28673	-25449	
-30813	-28158	-25830	
-30797	-28335	-25858	
-30670	-29035	-25466	
-30573	-29399	-25452	
-30759	-27945	-25939	
-30747	-28161	-25979	
-30561	-27179	-26628	
-30723	-27873	-26169	
-30821	-28217	-25735	
-30530	-27272	-26647	
-30450	-27683	-26837	
-30445	-26573	-26895	
-26537	-33493	-23615	
-30520	-26927	-26722	
-27692	-28149	-29648	
-30551	-29403	-25035	
-30539	-29435	-24800	
-26525	-33512	-24816	
-30699	-28765	-25375	
-27648	-27873	-29661	
-30357	-27259	-26933	
-30762	-28664	-25542	
-30506	-27281	-26777	
-30595	-29271	-25440	
-30717	-28178	-25875	
-30670	-29045	-25143	
-30704	-28005	-26140	
-30688	-28567	-26007	
-30704	-28047	-26088	
-30656	-28753	-25481	
-30664	-29144	-25160	
-30708	-28250	-25900	
-30349	-26593	-26940	
-30652	-28714	-26060	
-30709	-28619	-25545	
-30516	-29495	-24936	
-27645	-26763	-29740	
-30671	-28027	-26315	
-26502	-33604	-24843	
-30676	-28641	-25720	
-30631	-29124	-25387	
-30559	-28060	-26588	
-30402	-26811	-26851	
-30646	-28829	-25844	
-30611	-29173	-25123	
-30526	-29429	-25305	
-30386	-28047	-26874	
-30668	-27975	-26318	
-30423	-29771	-24924	
-30479	-29580	-25068	
-30625	-29147	-26023	
-30378	-27381	-26881	
-30676	-28034	-26223	
-30637	-28123	-26144	
-30630	-28842	-26072	
-30478	-29669	-24775	
-30635	-28174	-26368	
-30509	-27546	-26622	
-30676	-28599	-25772	
-30513	-29488	-25381	
-30458	-29590	-25530	
-30635	-28270	-26161	
-30448	-29736	-25360	
-30505	-27581	-26688	
-30614	-27958	-26439	
-30611	-27906	-26442	
-30602	-27978	-26467	
-30573	-28487	-26181	
-30319	-27708	-26974	
-30566	-28332	-26233	
-30471	-27623	-26708	
-30474	-29577	-25302	
-30500	-28411	-26649	
-30312	-27374	-26975	
-30308	-27227	-26990	
-30552	-28428	-26243	
-30562	-29166	-25578	
-30563	-28067	-26388	
-30543	-28217	-26331	
-30306	-27477	-27022	
-30558	-29271	-25483	
-30536	-28441	-26471	
-30507	-29268	-25727	
-30534	-28862	-26117	
-30370	-29765	-25274	
-30311	-29902	-25489	
-27523	-26749	-29836	
-30477	-29419	-25497	
-30522	-28497	-26187	
-26361	-33641	-24508	
-30519	-29157	-25660	
-30497	-28530	-26392	
-30441	-27945	-26725	
-30345	-27616	-26904	
-30482	-29013	-26377	
-30462	-29291	-25528	
-30514	-28480	-26230	
-30341	-28162	-26916	
-30425	-29570	-25757	
-30526	-28406	-26517	
-30184	-30125	-25332	
-30438	-27893	-26728	
-30271	-30030	-25227	
-30505	-29179	-25980	
-30199	-30106	-24984	
-30493	-29211	-25745	
-30427	-29208	-25894	
-30411	-28326	-26691	
-30491	-28966	-26086	
-26235	-33721	-24086	
-30405	-29619	-25493	
-30411	-29288	-25772	
-30353	-29640	-25652	
-30248	-30051	-24929	
-30397	-29231	-25790	
-30406	-28290	-26697	
-30353	-29682	-25600	
-30388	-29297	-25815	
-30440	-28461	-26516	
-30431	-28569	-26514	
-30303	-28944	-26997	
-30385	-29377	-26363	
-30099	-30246	-24757	
-30350	-29721	-25642	
-30302	-28173	-27001	
-30096	-30249	-24879	
-30196	-30093	-25567	
-30384	-28080	-26795	
-30415	-29055	-26050	
-30362	-29610	-25575	
-30115	-30175	-25211	
-30096	-30239	-25202	
-30412	-28944	-26400	
-30358	-28842	-26848	
-30393	-29038	-26326	
-30398	-29115	-26037	
-30393	-28657	-26490	
-30355	-29501	-25780	
-30402	-28471	-26555	
-30108	-30191	-25364	
-30255	-29956	-25352	
-30398	-29157	-25985	
-30328	-29473	-25847	
-30393	-28543	-26580	
-30068	-30396	-25049	
-30374	-29053	-26450	
-30251	-29991	-25418	
-30311	-29825	-25542	
-30336	-29595	-25706	
-30313	-29453	-26120	
-30317	-29610	-25830	
-30202	-29994	-25550	
-30301	-29622	-25856	
-30254	-29741	-25687	
-30357	-28071	-26852	
-30286	-29659	-25645	
-30234	-29762	-25705	
-30222	-29936	-25579	
-30291	-29558	-25979	
-30219	-29634	-25736	
-30084	-27366	-27403	
-30206	-29637	-25867	
-30193	-29838	-25731	
-30203	-29956	-25654	
-30244	-28129	-27207	
-30042	-30405	-25058	
-30320	-28852	-26887	
-30182	-29743	-26185	
-30041	-30341	-25351	
-27455	-27132	-29865	
-30015	-30434	-25247	
-30114	-30147	-25316	
-30241	-29568	-25952	
-30346	-28874	-26613	
-30213	-29593	-25893	
-30246	-29501	-26377	
-30307	-29036	-26470	
-30049	-30204	-25335	
-26054	-33745	-23857	
-30212	-29603	-25889	
-29927	-30596	-25136	
-30208	-29590	-26127	
-30274	-28156	-27056	
-30178	-29778	-26251	
-30191	-29593	-26072	
-30088	-30145	-25377	
-30232	-29557	-26093	
-30037	-30360	-25344	
-30164	-30026	-26035	
-30057	-30172	-25410	
-30276	-29367	-26506	
-30068	-28602	-27426	
-29918	-30608	-25308	
-30037	-30402	-25292	
-30301	-29399	-26228	
-30291	-28976	-26762	
-30047	-30101	-25638	
-30043	-30115	-25428	
-30067	-27831	-27430	
-30263	-29409	-26267	
-30031	-30128	-25527	
-30289	-29000	-26713	
-30196	-28480	-27016	
-30031	-30173	-25464	
-30231	-28496	-27000	
-30012	-30427	-25692	
-30277	-29032	-26478	
-30193	-28428	-27019	
-27269	-28396	-29871	
-30159	-28389	-27020	
-30146	-28190	-27111	
-26035	-33746	-24246	
-30163	-30073	-25794	
-30220	-29516	-26414	
-25910	-33835	-24200	
-30139	-28215	-27128	
-30024	-30162	-25682	
-30269	-29046	-26509	
-30148	-28149	-27252	
-30221	-29469	-26655	
-30217	-29518	-26102	
-30208	-29548	-26179	
-27190	-26992	-29899	
-30135	-28516	-27045	
-30264	-29399	-26271	
-30051	-28297	-27504	
-30123	-28500	-27277	
-30139	-28173	-27180	
-30034	-30385	-25325	
-30087	-28327	-27326	
-29518	-31203	-24494	
-30013	-30080	-26106	
-30022	-27509	-27563	
-30011	-30084	-25895	
-30006	-30526	-25709	
-30123	-29880	-26400	
-30155	-29208	-26670	
-29994	-30112	-25864	
-30084	-28275	-27329	
-30117	-29218	-26709	
-30056	-30046	-25808	
-29961	-30392	-25857	
-30113	-29377	-27139	
-27170	-28045	-29912	
-29992	-27578	-27507	
-30195	-28996	-26807	
-29968	-27705	-27532	
-29902	-30621	-25536	
-29900	-30625	-25325	
-29956	-27725	-27560	
-30068	-29972	-26095	
-29913	-27807	-27681	
-30209	-29501	-26420	
-30113	-29521	-26465	
-27068	-26978	-29995	
-29984	-30096	-25878	
-29744	-30770	-25309	
-30095	-29555	-26448	
-29946	-30128	-26363	
-29936	-27751	-27550	
-30063	-29969	-26329	
-30051	-29555	-26484	
-29939	-30214	-26013	
-30018	-29835	-26477	
-30046	-29501	-26599	
-29585	-31037	-25086	
-30051	-30001	-26094	
-30112	-28606	-27143	
-30084	-28589	-27198	
-29567	-31044	-24704	
-29535	-31131	-24856	
-29904	-27831	-27609	
-30015	-29535	-26515	
-29904	-27873	-27557	
-29562	-31041	-24938	
-30014	-29972	-26461	
-30008	-29600	-26569	
-29957	-30529	-25841	
-29889	-28232	-27807	
-29955	-30021	-26139	
-29908	-30217	-26113	
-29879	-30303	-25942	
-30054	-28658	-27142	
-29997	-29046	-27285	
-29947	-30004	-26457	
-29996	-29657	-26633	
-30046	-29387	-26689	
-29853	-30548	-25570	
-30029	-29479	-26799	
-30003	-29571	-26983	
-29743	-30742	-25414	
-29920	-30153	-26077	
-29798	-30650	-25719	
-29878	-30405	-26237	
-29960	-29880	-26579	
-29685	-30913	-25323	
-29513	-31070	-25232	
-29500	-31179	-25070	
-29678	-30838	-25648	
-29769	-30676	-25501	
-25710	-33837	-23615	
-29720	-30679	-25633	
-29716	-30714	-25699	
-25583	-33838	-23590	
-25532	-33851	-24122	
-29972	-28622	-27471	
-29991	-29603	-26748	
-29823	-30507	-26386	
-29924	-29726	-26712	
-29755	-30533	-25852	
-29739	-30631	-26169	
-29930	-28738	-27293	
-29676	-30842	-25437	
-29630	-31015	-25472	
-29909	-28723	-27304	
-29852	-28480	-27501	
-29877	-28264	-27572	
-29904	-28719	-27457	
-25512	-33893	-23995	
-29842	-27639	-27822	
-29549	-31033	-25321	
-29833	-28495	-27625	
-29905	-29982	-26728	
-29891	-30038	-26444	
-29475	-31204	-25470	
-29894	-28750	-27419	
-29861	-29003	-27314	
-29895	-29623	-26793	
-29661	-30816	-25848	
-29843	-30063	-26444	
-29886	-29695	-26818	
-29623	-30940	-25797	
-29981	-29215	-27140	
-29836	-28760	-27470	
-29900	-29410	-27271	
-29823	-29013	-27353	
-29812	-30061	-26561	
-29796	-30074	-26789	
-29816	-28517	-27647	
-29790	-30189	-26573	
-29808	-28739	-27502	
-29797	-29637	-26843	
-29551	-31016	-25554	
-29549	-31020	-25343	
-29806	-29105	-27463	
-29735	-27502	-28015	
-29778	-29759	-26961	
-29720	-27975	-27978	
-29797	-28582	-27650	
-29518	-31032	-25867	
-29653	-30634	-25883	
-29635	-30650	-25898	
-29894	-28708	-27471	
-29900	-29506	-27064	
-29767	-28485	-27704	
-29473	-31208	-25259	
-29618	-30892	-26094	
-29447	-31217	-25268	
-29606	-30950	-25491	
-29437	-31219	-25068	
-29420	-31306	-25619	
-29784	-28863	-27530	
-29730	-30233	-26565	
-29744	-28025	-27828	
-27000	-27361	-30024	
-29762	-28704	-27714	
-29707	-29864	-26852	
-29747	-29572	-27009	
-29718	-30259	-26468	
-29725	-28349	-27838	
-25472	-33920	-24245	
-29779	-29432	-27179	
-29778	-29581	-26962	
-29736	-29623	-27095	
-29724	-29534	-27328	
-29680	-30383	-26417	
-29711	-28260	-27851	
-29464	-31061	-25675	
-29729	-30106	-26785	
-29697	-28332	-27893	
-29675	-30335	-26714	
-29707	-29792	-26890	
-29651	-30536	-26215	
-29724	-29630	-27121	
-29729	-30148	-26733	
-29450	-31153	-25721	
-29746	-28873	-27569	
-29712	-29689	-27174	
-29666	-29878	-26804	
-29678	-29858	-26879	
-29695	-28396	-27722	
-29657	-29950	-26829	
-29751	-28924	-27490	
-29606	-30651	-26257	
-29719	-29156	-27446	
-29659	-28366	-27900	
-29696	-29788	-26972	
-29682	-30229	-26646	
-29659	-28408	-27848	
-29652	-29966	-27001	
-29161	-31561	-24989	
-29660	-28688	-27718	
-29708	-29756	-27207	
-29736	-28859	-27611	
-29224	-31460	-25156	
-29663	-30367	-26479	
-29632	-28508	-27729	
-29703	-29166	-27361	
-29729	-28965	-27679	
-29682	-29608	-27392	
-29569	-30838	-26245	
-29649	-30443	-26425	
-29587	-30555	-26395	
-29620	-28528	-27757	
-29213	-31468	-25253	
-29196	-31494	-25109	
-29715	-29011	-27515	
-29575	-30475	-26487	
-29630	-30214	-26832	
-29439	-31197	-25535	
-29607	-29015	-27792	
-29579	-30366	-26576	
-29185	-31519	-25114	
-29569	-30580	-26366	
-29628	-28514	-27726	
-29714	-29152	-27599	
-25360	-33982	-24482	
-29485	-30940	-25905	
-29611	-28759	-27743	
-29652	-29209	-27412	
-29626	-30281	-26865	
-26929	-26842	-30046	
-29528	-30692	-26610	
-29602	-29883	-27018	
-29490	-28007	-28267	
-29567	-30387	-26524	
-29443	-30918	-26176	
-29589	-28859	-27793	
-29587	-28436	-27795	
-29388	-31052	-25819	
-29642	-29222	-27494	
-29588	-29828	-27045	
-29569	-28691	-28050	
-29567	-30507	-26412	
-29576	-30154	-26917	
-29443	-30960	-26124	
-29541	-30507	-26431	
-29366	-31204	-26067	
-29616	-29538	-27605	
-29542	-30383	-26525	
-29549	-29901	-27082	
-29441	-30970	-25885	
-29429	-30974	-25892	
-29573	-28397	-27931	
-29400	-30994	-26422	
-29219	-31451	-25196	
-29170	-31502	-25551	
-29546	-30056	-27237	
-29381	-31042	-25886	
-29506	-30353	-26703	
-29473	-30784	-26305	
-29632	-29677	-27257	
-29500	-30361	-26796	
-29497	-30891	-26234	
-29618	-29172	-27644	
-29500	-30403	-26744	
-28830	-32004	-24568	
-29572	-30291	-26901	
-29434	-30705	-26312	
-29553	-30321	-26810	
-29457	-30437	-27042	
-29418	-30886	-26454	
-29534	-30063	-27263	
-29505	-30122	-27029	
-29573	-29623	-27274	
-26861	-27225	-30075	
-29561	-29630	-27300	
-28787	-32005	-25544	
-29451	-30552	-26826	
-29524	-29717	-27330	
-29557	-28723	-27815	
-29606	-29192	-27672	
-29491	-30148	-26932	
-29522	-28842	-27813	
-29406	-30960	-26167	
-29467	-30383	-26971	
-29501	-29160	-27992	
-29418	-30892	-26316	
-29406	-30918	-26219	
-29565	-29082	-27710	
-29518	-29725	-27423	
-29344	-31026	-26223	
-29136	-31567	-25723	
-29506	-29732	-27449	
-29464	-30331	-26974	
-29495	-29789	-27339	
-29497	-29209	-27636	
-29379	-30807	-26461	
-29300	-31134	-26195	
-29363	-30994	-26465	
-29436	-30250	-27081	
-29352	-30816	-26667	
-29489	-29315	-27838	
-29423	-30647	-26687	
-29284	-31303	-26050	
-29507	-28451	-28166	
-29403	-29932	-27268	
-29396	-28285	-28268	
-29391	-29843	-27501	
-29394	-28027	-28312	
-29412	-30316	-27160	
-29081	-31669	-25872	
-29452	-29655	-27636	
-29501	-29185	-27731	
-29477	-28318	-28186	
-29414	-29779	-27585	
-29391	-29939	-27294	
-29369	-30657	-26723	
-29484	-29376	-27606	
-29473	-29414	-27636	
-29427	-28235	-28203	
-29408	-28041	-28225	
-29267	-31014	-26510	
-29367	-29880	-27314	
-29321	-27750	-28438	
-29267	-31042	-26233	
-29401	-30469	-26843	
-29357	-30577	-26815	
-29259	-31195	-26179	
-29381	-29367	-27648	
-29228	-31319	-26596	
-26657	-26439	-30082	
-29507	-28493	-28114	
-29256	-31178	-26212	
-29349	-30489	-26852	
-29342	-29849	-27480	
-29351	-30940	-26573	
-29342	-29891	-27428	
-29408	-30383	-27193	
-29303	-27861	-28364	
-29329	-30538	-26922	
-29377	-29434	-27681	
-29349	-30609	-26740	
-29187	-31379	-25873	
-25205	-34037	-23488	
-29331	-30003	-27410	
-29370	-30180	-27294	
-29405	-28808	-28081	
-29310	-30794	-26938	
-29341	-30746	-26670	
-29106	-31330	-26094	
-29375	-29515	-27852	
-29234	-31220	-26067	
-26649	-27068	-30084	
-29090	-31365	-25903	
-29299	-27880	-28356	
-29404	-28500	-28157	
-29372	-28623	-28104	
-26600	-27205	-30157	
-29107	-31516	-25814	
-29288	-28112	-28394	
-29082	-31334	-25950	
-29105	-31443	-25860	
-29080	-31344	-26015	
-29393	-28163	-28269	
-29355	-28304	-28282	
-29376	-28417	-28172	
-29300	-27809	-28367	
-29291	-30507	-27028	
-29044	-31653	-26209	
-29290	-27787	-28516	
-29248	-30918	-26648	
-28918	-31882	-25442	
-29366	-28510	-28196	
-29328	-30158	-27565	
-29349	-28602	-28306	
-29358	-28569	-28127	
-29278	-30980	-26518	
-29383	-28830	-28073	
-29373	-29528	-27673	
-29305	-30222	-27481	
-29311	-29714	-27666	
-29371	-28850	-28101	
-29392	-29175	-27874	
-29335	-30423	-27138	
-29249	-30528	-27068	
-29350	-29004	-28004	
-28491	-32367	-24821	
-29279	-27885	-28455	
-29219	-30796	-26783	
-29149	-30798	-26762	
-29330	-28740	-28139	
-29248	-30875	-26654	
-29138	-30973	-26705	
-29241	-30980	-26561	
-29305	-30318	-27274	
-29316	-30165	-27591	
-29233	-30654	-27154	
-29337	-29277	-28023	
-29265	-29709	-27696	
-29309	-29531	-27667	
-29288	-30455	-27031	
-28690	-32146	-24591	
-29277	-28154	-28309	
-29261	-28123	-28357	
-29316	-28909	-28056	
-29134	-30918	-26995	
-28811	-31899	-25226	
-29241	-28257	-28421	
-29215	-29734	-27711	
-29272	-28109	-28595	
-29067	-31323	-26420	
-29320	-28729	-28153	
-29145	-31000	-26606	
-29309	-29871	-27655	
-29213	-29551	-27712	
-29201	-29812	-27717	
-29201	-29571	-27740	
-29301	-29053	-28063	
-29270	-28646	-28170	
-29325	-29432	-27869	
-29277	-29377	-28104	
-29275	-28870	-28146	
-29195	-30416	-27325	
-28448	-32368	-25797	
-28410	-32372	-24629	
-29250	-28609	-28200	
-29175	-29887	-27851	
-29234	-28760	-28184	
-28759	-32018	-25342	
-28392	-32389	-24055	
-29193	-28506	-28386	
-29101	-31096	-26829	
-29205	-30749	-27015	
-29229	-29281	-28300	
-29183	-30571	-27171	
-29306	-29819	-27658	
-29141	-30435	-27305	
-28945	-31355	-26324	
-29152	-30282	-27622	
-28885	-31731	-25792	
-29134	-30960	-26943	
-29211	-29917	-27673	
-29129	-30442	-27331	
-29111	-30640	-27250	
-29253	-29501	-27948	
-28915	-31364	-26409	
-28874	-31831	-25506	
-28888	-31376	-26318	
-29129	-30346	-27538	
-29074	-30712	-27052	
-28862	-31446	-26343	
-29173	-30041	-27622	
-29186	-28212	-28450	
-28875	-31785	-25863	
-28882	-31679	-25795	
-29016	-31162	-26605	
-29162	-29548	-27984	
-29057	-30778	-27211	
-29170	-28466	-28510	
-28993	-31148	-26639	
-29081	-29994	-27634	
-29173	-28726	-28363	
-29086	-30543	-27316	
-28767	-31837	-25673	
-29090	-30406	-27332	
-29090	-30363	-27338	
-29176	-28129	-28640	
-29080	-30073	-27642	
-29150	-29555	-28010	
-29087	-30420	-27602	
-28749	-31918	-25656	
-29147	-29710	-28165	
-28959	-31655	-25968	
-28957	-31241	-26665	
-29075	-30142	-27838	
-28825	-31669	-25898	
-29204	-29417	-28049	
-25005	-34062	-23648	
-28753	-31771	-25959	
-28859	-31451	-26210	
-28835	-31481	-26464	
-28810	-31659	-26049	
-28993	-30977	-27025	
-28908	-31116	-26742	
-28972	-31319	-26622	
-29173	-27699	-28654	
-28870	-31803	-25750	
-28849	-31425	-26748	
-29030	-31020	-26976	
-28902	-31343	-26814	
-28904	-31323	-26599	
-29167	-28201	-28665	
-29075	-30452	-27367	
-28779	-31827	-25708	
-28984	-30818	-27156	
-28815	-31495	-26254	
-28979	-30472	-27412	
-28965	-30559	-27362	
-29102	-28935	-28452	
-28788	-31653	-26235	
-28741	-31665	-26320	
-28748	-31789	-25846	
-28741	-31707	-26268	
-28954	-30713	-27292	
-28709	-31851	-25900	
-28918	-30857	-27036	
-28785	-31585	-26379	
-28866	-31094	-27013	
-29157	-28833	-28303	
-28908	-31006	-27072	
-29119	-28765	-28322	
-29147	-29806	-27958	
-29007	-30695	-27228	
-28935	-30764	-27307	
-28964	-30529	-27412	
-28731	-31729	-25968	
-28990	-30683	-27249	
-28773	-31659	-26092	
-28844	-30907	-27136	
-29030	-30977	-26982	
-28674	-31872	-25985	
-28930	-30555	-27444	
-28195	-32532	-24274	
-29151	-28370	-28520	
-28911	-30569	-27398	
-28667	-31833	-26120	
-29052	-30206	-27754	
-28911	-30611	-27346	
-28306	-32420	-25130	
-28873	-31112	-26824	
-29074	-28486	-28555	
-28700	-31853	-25893	
-28854	-31144	-27033	
-28694	-31927	-25807	
-28929	-30529	-27540	
-29093	-29816	-27994	
-28856	-30814	-27380	
-29070	-29880	-27910	
-28899	-30618	-27372	
-29081	-28567	-28485	
-28784	-31619	-26671	
-28899	-30576	-27424	
-28868	-30645	-27644	
-28841	-31062	-27291	
-28787	-31464	-26516	
-28930	-30288	-27643	
-28789	-31177	-26857	
-24936	-34141	-23591	
-29029	-28356	-28616	
-29025	-30059	-27855	
-29044	-29193	-28326	
-28911	-30544	-27659	
-28656	-31933	-25834	
-28283	-32438	-24738	
-29011	-30004	-27882	
-28754	-31421	-26950	
-29023	-29332	-28243	
-28923	-30537	-27633	
-28904	-30250	-27723	
-28654	-31914	-25858	
-29010	-28612	-28632	
-28634	-31713	-26435	
-28634	-31741	-26158	
-28972	-30077	-27919	
-28273	-32467	-25233	
-28651	-32002	-25975	
-29032	-29213	-28354	
-28567	-32146	-25583	
-28537	-32201	-25476	
-28970	-29894	-27920	
-28953	-30128	-27934	
-29010	-28654	-28580	
-28934	-29387	-28170	
-28854	-31101	-27039	
-28876	-30298	-27679	
-28929	-29908	-28286	
-28616	-31794	-26418	
-28950	-29738	-28012	
-26414	-28038	-30162	
-28832	-30699	-27388	
-29007	-28791	-28619	
-28862	-30271	-27763	
-28730	-31693	-26390	
-28795	-30678	-27405	
-28601	-31919	-25992	
-29018	-29159	-28377	
-28930	-30192	-27850	
-28561	-31929	-26036	
-28944	-29746	-28105	
-28872	-30508	-27660	
-28872	-30465	-27666	
-28860	-30312	-27691	
-28781	-30723	-27415	
-28690	-31218	-27070	
-28768	-30785	-27417	
-28850	-30330	-27816	
-28747	-30661	-27690	
-28829	-31094	-27056	
-29028	-28078	-28856	
-28241	-32488	-25483	
-29006	-28955	-28497	
-26365	-27034	-30200	
-28530	-31843	-26139	
-29001	-28089	-28819	
-28747	-30703	-27638	
-28479	-32292	-25415	
-28839	-30335	-27679	
-28781	-31068	-27117	
-28790	-30830	-27323	
-28992	-28335	-28633	
-29001	-28131	-28767	
-28973	-29282	-28326	
-28838	-30337	-27842	
-28983	-29159	-28505	
-28942	-28256	-28651	
-28946	-29293	-28289	
-28834	-30404	-27875	
-28529	-31988	-26071	
-28733	-31114	-27101	
-28918	-29965	-28176	
-28571	-31814	-26268	
-28645	-31679	-26443	
-28631	-32006	-25885	
-28778	-30837	-27349	
-28597	-32077	-25903	
-28467	-32222	-25563	
-28700	-30959	-27364	
-28750	-31491	-26847	
-28951	-28150	-28769	
-28732	-31130	-27129	
-28471	-31872	-26541	
-28933	-28472	-28848	
-28736	-30815	-27620	
-28986	-29271	-28368	
-28493	-31843	-26182	
-28906	-29972	-28202	
-28623	-31623	-26495	
-28906	-29997	-27941	
-28608	-31679	-26486	
-28690	-31260	-27018	
-28766	-30405	-27674	
-28750	-30494	-27756	
-28894	-30004	-27967	
-28862	-30175	-27970	
-28434	-31980	-26397	
-28656	-31090	-27246	
-28915	-29291	-28308	
-28912	-29368	-28594	
-28668	-30816	-27419	
-28656	-30823	-27445	
-28481	-31827	-26219	
-28656	-31132	-27194	
-28654	-31340	-27278	
-28630	-30940	-27368	
-28625	-30892	-27665	
-28570	-31755	-26563	
-28528	-31619	-26697	
-28850	-30063	-28015	
-28735	-26894	-29074	
-28733	-27876	-29020	
-28927	-29206	-28413	
-28578	-32042	-25920	
-28472	-32142	-25785	
-28513	-31541	-26740	
-28523	-31809	-26596	
-28878	-29676	-28318	
-28475	-32063	-25999	
-28796	-30201	-27976	
-28296	-32375	-25206	
-28656	-30974	-27317	
-28505	-31811	-26417	
-28402	-32166	-25977	
-28700	-28292	-29046	
-28278	-32380	-25627	
-28867	-28828	-28651	
-28647	-31046	-27342	
-28740	-30321	-27876	
-28731	-30243	-28163	
-28614	-30954	-27380	
-28496	-31533	-26922	
-28754	-30179	-28247	
-28746	-30631	-27740	
-28585	-30953	-27448	
-28711	-30631	-27868	
-28434	-32022	-26345	
-28800	-29371	-28398	
-28799	-29549	-28355	
-28628	-31477	-26943	
-28458	-31643	-26889	
-28505	-31672	-26630	
-28521	-31410	-27003	
-28838	-28723	-28695	
-28728	-30316	-27912	
-28922	-29179	-28422	
-28644	-30994	-27345	
-28572	-30974	-27599	
-28555	-31761	-26420	
-28694	-27352	-29053	
-28570	-30984	-27360	
-28460	-31623	-26674	
-28394	-32098	-26023	
-28564	-30994	-27387	
-28585	-31063	-27317	
-28691	-28633	-29082	
-28613	-31078	-27286	
-28532	-31326	-27374	
-28534	-31076	-27342	
-28756	-29662	-28414	
-28305	-32030	-26103	
-28716	-30323	-27938	
-28490	-31457	-27309	
-28405	-31725	-26823	
-28534	-31118	-27290	
-28572	-30932	-27651	
-28459	-31673	-26614	
-28272	-32084	-26119	
-28643	-30720	-27677	
-28712	-30390	-27971	
-28560	-30981	-27625	
-28525	-31032	-27438	
-28831	-28829	-28763	
-27854	-32730	-24567	
-28349	-32248	-25911	
-28631	-30770	-27697	
-28680	-27850	-29103	
-28775	-27622	-28988	
-28831	-28915	-28676	
-28614	-30801	-27716	
-28519	-31079	-27379	
-28515	-31150	-27526	
-28254	-32244	-26113	
-28670	-30521	-27906	
-28374	-31519	-27018	
-28269	-32042	-26739	
-28401	-31795	-26692	
-27828	-32818	-24748	
-28674	-30454	-27873	
-28621	-30437	-28007	
-28606	-30720	-27720	
-28575	-30772	-27753	
-28124	-32585	-25191	
-28754	-29414	-28516	
-28341	-31885	-26454	
-28216	-32124	-26673	
-28732	-29840	-28340	
-28782	-29172	-28609	
-28310	-31721	-27025	
-28337	-31886	-26471	
-28312	-31966	-26493	
-28829	-28200	-28882	
-28753	-29489	-28472	
-28834	-28062	-28907	
-28537	-30661	-27932	
-28578	-30303	-28304	
-28770	-29192	-28637	
-28368	-31485	-27353	
-28144	-32394	-25557	
-28606	-30624	-27927	
-28510	-30740	-27765	
-26292	-28024	-30258	
-28150	-32565	-25114	
-28306	-31791	-26922	
-28711	-28500	-28928	
-28326	-32354	-25893	
-28124	-32543	-25243	
-28509	-30756	-27793	
-28560	-30939	-27677	
-28733	-29566	-28420	
-28119	-32474	-25579	
-28718	-29786	-28363	
-28567	-30360	-28194	
-28351	-31517	-27081	
-28822	-28306	-28950	
-28709	-28815	-28859	
-28567	-30456	-27987	
-28462	-31168	-27443	
-28429	-31148	-27670	
-28679	-29522	-28630	
-28763	-29298	-28705	
-28485	-30885	-27852	
-28312	-32008	-26441	
-28548	-30507	-28002	
-28368	-31443	-27405	
-28677	-29535	-28451	
-28673	-29909	-28312	
-28669	-29882	-28416	
-28646	-29920	-28275	
-28154	-32163	-26441	
-28627	-29592	-28422	
-28616	-29655	-28601	
-28751	-29453	-28551	
-28632	-30165	-28343	
-28276	-31593	-27201	
-28555	-30367	-28220	
-28499	-30487	-28120	
-28133	-32380	-25679	
-28250	-32314	-26010	
-28363	-31234	-27542	
-28076	-32550	-25825	
-28811	-28458	-28944	
-28510	-30644	-27972	
-27819	-32823	-25038	
-28286	-31993	-26465	
-28450	-30960	-27695	
-28367	-31164	-27645	
-28662	-28847	-28752	
-27801	-32840	-24464	
-28467	-30887	-27728	
-28450	-30918	-27747	
-27865	-32711	-24841	
-28657	-28851	-28715	
-28153	-32178	-26136	
-28641	-29348	-28818	
-27849	-32712	-25124	
-28438	-30967	-27721	
-28445	-30709	-27884	
-27822	-32787	-25087	
-28256	-31795	-26744	
-28712	-28048	-29003	
-28123	-32179	-26257	
-28195	-31814	-26838	
-28613	-29878	-28433	
-28032	-32192	-26531	
-28609	-30229	-28259	
-28119	-32516	-25527	
-28457	-30554	-28038	
-28291	-31303	-27621	
-28211	-31606	-27061	
-28160	-31815	-26789	
-28128	-32300	-26106	
-28030	-32227	-26413	
-28142	-31896	-26772	
-28433	-30716	-27910	
-27685	-32953	-25216	
-28438	-30925	-27773	
-28610	-29826	-28436	
-28573	-29731	-28847	
-28210	-31640	-27353	
-28407	-30994	-27993	
-28192	-32368	-25823	
-28385	-27573	-29263	
-28070	-32354	-25919	
-28587	-29890	-28352	
-28119	-31988	-26799	
-28473	-30055	-28386	
-27996	-32356	-26085	
-27974	-32470	-26151	
-28476	-29888	-28452	
-28002	-32322	-25924	
-28211	-31510	-27268	
-28396	-31056	-27708	
-24415	-34198	-23546	
-28215	-31772	-26965	
-28088	-31669	-27443	
-28021	-32233	-26166	
-28102	-31829	-27016	
-28391	-30580	-28044	
-27997	-32235	-26250	
-28180	-31442	-27632	
-28569	-29780	-28491	
-27990	-32280	-26472	
-28390	-30550	-28094	
-28340	-31218	-27556	
-28391	-30484	-28251	
-28034	-31862	-26878	
-28337	-30590	-28080	
-28333	-31177	-27734	
-28337	-30632	-28028	
-28087	-31670	-27033	
-28077	-31710	-27078	
-28184	-31777	-27018	
-28334	-31027	-27754	
-28458	-29974	-28469	
-28547	-29868	-28512	
-28356	-31085	-27707	
-28020	-31882	-26868	
-28349	-30558	-28315	
-28311	-30702	-28006	
-27990	-32322	-26420	
-28335	-30604	-28151	
-28585	-28707	-28968	
-28629	-29439	-28647	
-28355	-30550	-28222	
-28047	-31723	-27092	
-28280	-30648	-28145	
-27997	-31974	-26895	
-28047	-31765	-27040	
-28027	-31844	-26881	
-28307	-31134	-27766	
-28046	-31693	-27142	
-28272	-30666	-28007	
-28267	-30987	-28180	
-28456	-30289	-28400	
-28634	-29121	-28825	
-28089	-31496	-27364	
-27682	-32960	-24221	
-27923	-31967	-26943	
-28081	-32130	-26519	
-28445	-30346	-28290	
-28274	-31042	-27804	
-27984	-31745	-27243	
-27763	-32725	-25755	
-28620	-28916	-28834	
-28241	-31220	-27638	
-28532	-28784	-28883	
-28034	-31700	-27168	
-28451	-30080	-28537	
-28507	-29747	-28662	
-28131	-31179	-27710	
-27981	-31782	-27102	
-28116	-31239	-27752	
-28433	-30353	-28316	
-28550	-28250	-29107	
-27905	-31830	-26977	
-27881	-31831	-27077	
-27849	-31923	-26979	
-28023	-32632	-25759	
-28267	-31083	-27973	
-28112	-31443	-27431	
-28529	-28963	-28870	
-27920	-31801	-27196	
-28524	-28727	-28885	
-27934	-32528	-25830	
-28011	-31693	-27270	
-27874	-32342	-26181	
-28094	-32110	-26769	
-27901	-32618	-25855	
-28512	-28747	-28913	
-28032	-32149	-26537	
-27907	-31817	-27156	
-27893	-32144	-26598	
-27833	-31859	-26984	
-28492	-28813	-28882	
-28447	-29766	-28587	
-27848	-32526	-26144	
-27832	-31893	-27276	
-28498	-28776	-28918	
-28116	-31281	-27700	
-27852	-32456	-26247	
-28526	-28101	-29172	
-28207	-31089	-27799	
-28088	-31626	-27449	
-27925	-31751	-27136	
-27993	-32044	-26792	
-28170	-31144	-27785	
-28437	-30025	-28564	
-28480	-28909	-29021	
-28054	-31498	-27625	
-27885	-32015	-26850	
-28440	-30137	-28427	
-27868	-32266	-26568	
-28158	-31151	-27811	
-28170	-31101	-27791	
-27908	-32213	-26509	
-28058	-31428	-27728	
-27863	-32232	-26847	
-28380	-30309	-28342	
-27825	-32342	-26814	
-28043	-31206	-27830	
-28498	-29224	-28849	
-28411	-29767	-28707	
-28379	-30149	-28616	
-28428	-30144	-28453	
-28133	-31101	-27834	
-28451	-29717	-28943	
-27878	-32007	-26862	
-28269	-30470	-28347	
-28356	-30213	-28532	
-28234	-30562	-28222	
-27833	-32000	-26897	
-28180	-30576	-28304	
-27822	-31903	-26980	
-28016	-31559	-27663	
-27817	-31899	-27133	
-27809	-31962	-27073	
-27931	-31693	-27312	
-27882	-31785	-27434	
-28180	-30618	-28252	
-27776	-32416	-26364	
-28041	-31252	-27880	
-28275	-30302	-28401	
-27960	-32124	-26699	
-27800	-32552	-25878	
-27795	-32144	-27093	
-28227	-30544	-28411	
-27971	-32695	-25704	
-27741	-32528	-26165	
-27715	-32595	-26128	
-28531	-28684	-28982	
-28330	-30271	-28405	
-28173	-30682	-28372	
-28327	-30219	-28408	
-27889	-31679	-27366	
-27868	-32308	-26516	
-27994	-31268	-27842	
-27870	-31817	-27199	
-28302	-30248	-28508	
-28016	-31601	-27611	
-27994	-31310	-27790	
-28030	-31109	-27925	
-28356	-29813	-28623	
-27672	-32729	-26028	
-28264	-30261	-28484	
-27670	-32740	-25933	
-28481	-28541	-29109	
-28336	-29881	-28639	
-28004	-31110	-27919	
-27988	-31136	-27932	
-28205	-30269	-28521	
-28173	-30724	-28320	
-27640	-32864	-25502	
-27772	-32424	-26748	
-28145	-31069	-28069	
-28200	-30289	-28426	
-28315	-30011	-28660	
-27767	-32632	-25785	
-27894	-31545	-27759	
-27767	-31906	-27136	
-27890	-31615	-27656	
-28233	-30536	-28318	
-28192	-30330	-28563	
-27984	-31137	-27910	
-28151	-30994	-28019	
-27960	-31139	-27972	
-27756	-31918	-27227	
-27931	-31205	-27961	
-28011	-31084	-27999	
-27677	-32533	-26342	
-27695	-32637	-26001	
-28428	-28236	-29203	
-27890	-31657	-27604	
-28336	-28470	-29297	
-27715	-32653	-25782	
-27984	-31095	-27962	
-28145	-30973	-28276	
-28401	-28247	-29166	
-27738	-31987	-27175	
-27706	-32452	-26303	
-27915	-31308	-27873	
-28401	-28289	-29114	
-28407	-28949	-28966	
-27972	-31132	-27946	
-28312	-29769	-28703	
-27839	-32700	-25617	
-27889	-31336	-27896	
-28278	-29834	-28665	
-28176	-30515	-28438	
-28332	-30018	-28623	
-27829	-31867	-27368	
-28463	-28693	-29064	
-27837	-32709	-25634	
-28394	-28524	-29146	
-28274	-29901	-28698	
-27681	-32724	-25800	
-27619	-32811	-25962	
-28329	-30066	-28633	
-27960	-31097	-28024	
-28357	-29044	-29038	
-28077	-31077	-28158	
-27832	-31669	-27469	
-27972	-31090	-27998	
-27878	-31380	-27892	
-27736	-31742	-27707	
-27700	-32441	-26315	
-27919	-31238	-27976	
-28154	-30337	-28594	
-28137	-30652	-28550	
-28208	-30257	-28501	
-27866	-31122	-28028	
-28234	-29799	-28719	
-27623	-32444	-26392	
-27741	-32218	-26943	
-27733	-32010	-27254	
-27862	-31390	-27807	
-28343	-29112	-28949	
-28340	-29028	-29100	
-27602	-32652	-26179	
-26063	-26532	-30292	
-27738	-32029	-27123	
-27862	-31123	-28006	
-28214	-29867	-28735	
-27855	-31349	-27985	
-28342	-28405	-29160	
-27825	-31417	-27781	
-28317	-29069	-28981	
-28435	-28634	-29108	
-27301	-33227	-25755	
-27829	-31306	-28017	
-28236	-30038	-28668	
-27878	-31257	-27958	
-27607	-32456	-26493	
-27894	-31587	-27707	
-27827	-31816	-27374	
-27917	-31085	-28064	
-28408	-28645	-29071	
-28281	-29156	-29006	
-27707	-31853	-27464	
-27741	-31874	-27319	
-28211	-30034	-28669	
-28166	-30182	-28748	
-28210	-30004	-28719	
-28190	-29755	-28799	
-27817	-31405	-27975	
-27796	-31214	-28055	
-27794	-31464	-28087	
-27710	-31879	-27372	
-28172	-30652	-28422	
-27588	-32492	-26606	
-27663	-31933	-27405	
-28338	-28278	-29168	
-27545	-32537	-26209	
-27464	-32565	-26270	
-28013	-30773	-28300	
-28175	-30004	-28847	
-27484	-33041	-25428	
-28329	-27755	-29355	
-27614	-32051	-27147	
-28168	-30110	-28915	
-28333	-28630	-29195	
-28268	-29164	-29105	
-27507	-32949	-25401	
-27614	-31771	-27797	
-28260	-29351	-28990	
-27493	-32867	-25955	
-27616	-32282	-27020	
-28051	-30710	-28416	
-28135	-27052	-29421	
-28113	-27702	-29408	
-28001	-30793	-28435	
-27574	-32104	-27206	
-27650	-32410	-26844	
-27670	-31528	-28059	
-27520	-32131	-27451	
-27420	-32624	-26359	
-27197	-33241	-23948	
-27470	-32508	-26389	
-27610	-31798	-27700	
-27793	-31185	-28327	
-27910	-30802	-28319	
-28032	-30645	-28609	
-27656	-31584	-27775	
-27889	-30973	-28302	
-27955	-31063	-28254	
-28231	-28987	-29110	
-27421	-32533	-26368	
-28224	-28751	-29128	
-28051	-30668	-28468	
-28094	-27574	-29417	
-27396	-32514	-26432	
-28015	-30638	-28646	
-28011	-30987	-28206	
-27548	-32726	-26029	
-27520	-32705	-26031	
-27190	-33234	-23961	
-27444	-32874	-25592	
-27560	-31802	-27522	
-27497	-32797	-26058	
-28281	-28422	-29304	
-27539	-31838	-27535	
-27397	-32716	-26386	
-24414	-34262	-22966	
-27393	-33079	-24916	
-27574	-32146	-27154	
-27500	-32195	-27038	
-27435	-32879	-25820	
-27876	-30939	-28429	
-27661	-31534	-27812	
-27423	-32790	-26106	
-27636	-31657	-27731	
-28091	-28791	-29429	
-28213	-28805	-29333	
-27366	-32932	-25718	
-27402	-32179	-27052	
-27380	-32573	-26468	
-28221	-28699	-29131	
-28166	-29481	-29034	
-27900	-30802	-28342	
-28218	-29014	-29196	
-27400	-32179	-27113	
-27558	-32294	-26885	
-27344	-33106	-24828	
-27498	-31878	-27635	
-28216	-29546	-28986	
-28067	-27435	-29450	
-27374	-32628	-26498	
-27978	-30461	-28651	
-27390	-32438	-26819	
-27343	-33078	-25093	
-27394	-32368	-26922	
-27976	-30272	-28726	
-27614	-31728	-27803	
-27781	-31217	-28092	
-27387	-32201	-27176	
-28209	-28491	-29383	
-27580	-31600	-27979	
-27766	-31239	-28238	
-27358	-32512	-26844	
-27390	-32480	-26767	
-27446	-31903	-27550	
-27378	-32203	-27055	
-27360	-32240	-27098	
-28236	-29727	-28886	
-27876	-30981	-28377	
-27879	-30779	-28531	
-28331	-28505	-29287	
-27811	-30999	-28290	
-28028	-26985	-29481	
-28014	-27316	-29462	
-27327	-32639	-26537	
-27396	-31919	-27553	
-27351	-32444	-27168	
-28272	-28510	-29242	
-27667	-31241	-28320	
-28245	-28521	-29205	
-27991	-27688	-29504	
-27659	-31245	-28136	
-28163	-29520	-29069	
-27607	-31247	-28146	
-27582	-31307	-28096	
-27388	-31982	-27493	
-27974	-30528	-28684	
-27385	-32137	-27297	
-27936	-30665	-28654	
-27360	-32282	-27046	
-27559	-31293	-28130	
-27356	-32248	-27482	
-27254	-32564	-26667	
-27416	-31717	-28010	
-27516	-32424	-26774	
-27332	-33061	-25390	
-27309	-32785	-26236	
-28159	-29587	-29102	
-27394	-32410	-26870	
-27339	-31999	-27513	
-27437	-31897	-27729	
-28034	-30128	-28776	
-27463	-31255	-28226	
-27538	-31464	-28113	
-27910	-30631	-28705	
-27789	-30892	-28630	
-28121	-29024	-29134	
-27443	-31364	-28177	
-27938	-30148	-28821	
-27873	-30213	-28733	
-28083	-29781	-28952	
-27335	-31920	-27549	
-28094	-29151	-29132	
-27310	-32041	-27579	
-27871	-30367	-28972	
-27782	-31106	-28389	
-27484	-31471	-28124	
-27910	-30182	-28774	
-27365	-32802	-25971	
-28075	-29655	-28958	
-27289	-32827	-26109	
-28053	-27830	-29448	
-28056	-29589	-28965	
-27203	-32635	-26696	
-28052	-29594	-29000	
-28048	-29781	-29080	
-27266	-32919	-26136	
-27324	-32641	-26516	
-27300	-31939	-27598	
-27256	-32741	-26390	
-27241	-32697	-26482	
-27842	-30735	-28587	
-27226	-32543	-26669	
-27904	-27943	-29542	
-27408	-31887	-27788	
-27441	-31410	-28227	
-28041	-29506	-29165	
-27259	-32112	-27608	
-27733	-31155	-28448	
-28046	-30096	-29011	
-27255	-32125	-27656	
-27172	-32582	-27095	
-27416	-31759	-27958	
-27771	-30894	-28506	
-28177	-28904	-29234	
-27906	-26971	-29577	
-27278	-32477	-26929	
-27294	-32287	-27250	
-27282	-32020	-27581	
-27824	-30420	-28759	
-27233	-32833	-26417	
-27461	-31247	-28272	
-27700	-31063	-28486	
-27188	-32928	-25903	
-27201	-32684	-26533	
-27912	-30111	-28941	
-27885	-30122	-28904	
-27404	-31268	-28266	
-27397	-31808	-27850	
-27354	-31617	-28014	
-27264	-32089	-27529	
-27414	-31528	-28085	
-27229	-32025	-27715	
-27351	-31634	-28077	
-28037	-29573	-29198	
-27165	-33020	-25930	
-25995	-27915	-30322	
-27388	-31294	-28279	
-27820	-30487	-28792	
-27379	-31429	-28226	
-27294	-32329	-27198	
-28008	-28922	-29223	
-27163	-32756	-26568	
-27351	-31519	-28135	
-27980	-28967	-29231	
-27384	-31295	-28257	
-27376	-31327	-28294	
-27227	-31858	-27859	
-27221	-32254	-27328	
-27851	-27927	-29606	
-27667	-31145	-28527	
-27671	-31171	-28423	
-27020	-32657	-26595	
-27219	-32300	-27378	
-27411	-31242	-28346	
-27320	-31566	-28441	
-28079	-28878	-29247	
-27972	-29137	-29228	
-27384	-31253	-28309	
-27644	-31225	-28334	
-27114	-32594	-26960	
-27136	-31900	-28054	
-27814	-30651	-28750	
-27170	-32351	-27222	
-27950	-28508	-29459	
-27181	-31897	-27755	
-27136	-31922	-27768	
-26974	-32747	-26711	
-27537	-31186	-28353	
-28018	-28125	-29430	
-27144	-32905	-26232	
-27263	-32390	-27194	
-28002	-28906	-29266	
-27062	-32633	-26742	
-27749	-30716	-28662	
-27477	-31235	-28505	
-27076	-32431	-27526	
-27345	-31259	-28658	
-27125	-31941	-27725	
-27152	-31888	-27814	
-27921	-28230	-29492	
-27979	-28910	-29272	
-27908	-29036	-29310	
-27167	-32239	-27625	
-27140	-32975	-26129	
-27113	-31969	-27851	
-27571	-30994	-28958	
-27351	-31676	-28025	
-26937	-32720	-26892	
-27320	-31588	-28155	
-27746	-30755	-28632	
-27720	-30721	-28683	
-27315	-31700	-28048	
-27121	-31906	-27911	
-27761	-30625	-28833	
-27624	-30741	-28728	
-27985	-28865	-29315	
-27161	-31724	-28055	
-28104	-28549	-29351	
-27973	-29889	-29194	
-27026	-32808	-26464	
-27187	-31636	-28166	
-27573	-30840	-28719	
-27070	-32898	-26280	
-27037	-32227	-27984	
-27934	-29375	-29208	
-27137	-32050	-27669	
-27182	-31686	-28129	
-26946	-32726	-26713	
-28040	-29655	-29086	
-27879	-29216	-29289	
-26977	-32791	-26495	
-27926	-28884	-29355	
-27042	-32877	-26282	
-26916	-32540	-27173	
-27019	-32969	-26309	
-27546	-31022	-28594	
-27010	-33143	-25782	
-26936	-32873	-26543	
-27702	-30406	-28855	
-27861	-30008	-29037	
-26867	-33044	-25809	
-26970	-32976	-25946	
-26909	-33020	-25956	
-27411	-31145	-28553	
-27133	-31874	-28146	
-27877	-29531	-29220	
-27573	-30882	-28667	
-27698	-30473	-28888	
-26806	-33022	-26260	
-27057	-33230	-25271	
-27064	-31588	-28181	
-26884	-32614	-27198	
-26907	-33006	-26062	
-26794	-33041	-25876	
-26977	-32833	-26443	
-26923	-32818	-26740	
-26914	-32812	-26919	
-27813	-29393	-29264	
-27059	-31646	-28245	
-27957	-28806	-29359	
-27930	-28817	-29322	
-27063	-31679	-28172	
-27100	-32248	-27508	
-26820	-32453	-27266	
-27381	-31084	-28936	
-27849	-30028	-29065	
-26793	-33102	-25878	
-26893	-32609	-26970	
-27790	-30097	-29037	
-27763	-30108	-29000	
-26880	-32941	-26591	
-27697	-30176	-29098	
-26784	-33107	-26106	
-27695	-30491	-29029	
-26989	-33258	-25119	
-27858	-28953	-29327	
-26730	-32468	-27225	
-26915	-33251	-25167	
-27639	-30611	-28929	
-27347	-31213	-28608	
-26844	-32735	-27070	
-26891	-33016	-25977	
-27424	-31008	-28690	
-27003	-32356	-27656	
-26902	-33002	-26215	
-27221	-31299	-28447	
-26682	-32509	-27292	
-27877	-27954	-29505	
-26687	-32459	-27329	
-27812	-29425	-29321	
-27193	-31343	-28674	
-27869	-28238	-29524	
-26911	-33257	-25192	
-26707	-32432	-27360	
-27811	-29910	-29097	
-27040	-31771	-28199	
-27732	-30106	-29019	
-27790	-29336	-29356	
-26916	-32582	-27121	
-26765	-33245	-25210	
-27025	-31617	-28386	
-26650	-33423	-24862	
-26762	-33281	-25216	
-26761	-33253	-25481	
-26903	-32849	-26564	
-26858	-33261	-25171	
-27862	-28299	-29464	
-27804	-28870	-29451	
-26978	-31691	-28318	
-27835	-28792	-29455	
-27808	-28803	-29418	
-27600	-27203	-29677	
-27842	-28249	-29487	
-27782	-29523	-29241	
-26615	-32553	-27221	
-27828	-28494	-29555	
-26963	-31999	-28083	
-26679	-32470	-27348	
-27781	-29574	-29224	
-26810	-32864	-26742	
-27166	-31397	-28585	
-27758	-29899	-29137	
-27757	-29202	-29385	
-26563	-32690	-27295	
-27686	-29968	-29216	
-26605	-32460	-27431	
-26770	-33194	-25905	
-27710	-29592	-29320	
-26742	-33296	-25259	
-27881	-28699	-29456	
-26536	-32561	-27435	
-26907	-31819	-28210	
-26805	-33371	-25068	
-26777	-32994	-26421	
-27688	-29653	-29285	
-26747	-32356	-27682	
-27580	-28256	-29690	
-26877	-31832	-28224	
-26588	-32735	-27096	
-26561	-33467	-24628	
-26703	-33310	-25710	
-26714	-33030	-26257	
-27108	-31409	-28450	
-26559	-32469	-27408	
-27617	-30186	-29109	
-26866	-31753	-28286	
-27635	-30034	-29154	
-26611	-32300	-27711	
-27568	-30268	-29262	
-26691	-33122	-26284	
-26944	-31472	-28477	
-26820	-32389	-27604	
-26881	-31907	-28099	
-27536	-27488	-29713	
-26759	-32935	-26771	
-27740	-29186	-29447	
-27689	-29896	-29193	
-26520	-32265	-27866	
-25783	-26758	-30330	
-26743	-33123	-26093	
-27794	-28682	-29493	
-26525	-32440	-27549	
-26673	-33349	-25157	
-26877	-31875	-28172	
-26850	-31886	-28135	
-26841	-31802	-28402	
-26709	-32943	-26583	
-26891	-31446	-28503	
-26782	-32843	-26744	
-26750	-33236	-25778	
-26802	-32056	-28027	
-26478	-32514	-27481	
-26689	-32985	-26456	
-26666	-33077	-26483	
-27789	-27944	-29581	
-26672	-32034	-28130	
-26658	-32812	-26945	
-27663	-29874	-29270	
-26768	-32014	-28085	
-27483	-30334	-29038	
-27182	-31264	-28736	
-26843	-31845	-28313	
-26820	-32431	-27552	
-27575	-30162	-29194	
-26823	-31562	-28450	
-26605	-33396	-25228	
-26723	-32856	-26784	
-26680	-33159	-25929	
-26699	-33382	-25049	
-26613	-32792	-27014	
-27460	-30320	-29072	
-26812	-31483	-28512	
-26593	-32834	-26887	
-26497	-32357	-27893	
-27398	-30499	-29063	
-26830	-31402	-28529	
-24214	-34287	-23126	
-26657	-33251	-25956	
-26802	-31885	-28413	
-27336	-30823	-29001	
-26812	-31441	-28564	
-26519	-32402	-27652	
-26799	-31498	-28539	
-26643	-32006	-28291	
-26463	-32486	-27565	
-26440	-32968	-26621	
-26536	-33475	-25171	
-26454	-32695	-27309	
-26554	-33163	-26057	
-26789	-31533	-28591	
-27513	-27860	-29755	
-26542	-33321	-25419	
-26280	-32562	-27461	
-26253	-32573	-27424	
-26781	-32227	-28010	
-27660	-29509	-29337	
-26449	-32909	-27045	
-26452	-32407	-27627	
-26789	-31575	-28539	
-27756	-28784	-29471	
-26463	-32822	-27246	
-26425	-32469	-27576	
-26206	-32577	-27582	
-26728	-31657	-28512	
-27736	-29253	-29480	
-26533	-33478	-24622	
-27774	-28632	-29516	
-26534	-33338	-25343	
-26203	-32608	-27417	
-26389	-32409	-27703	
-26546	-32056	-28053	
-26247	-32430	-27599	
-26533	-33480	-24426	
-26406	-33043	-26945	
-26485	-32389	-27658	
-27378	-30339	-29075	
-26515	-32149	-28142	
-27338	-30291	-29211	
-26938	-31350	-28719	
-26436	-32540	-27476	
-27626	-29511	-29341	
-26624	-32941	-26617	
-27566	-29639	-29381	
-26326	-32510	-27536	
-26910	-31355	-28663	
-27128	-31260	-28741	
-26453	-32943	-26609	
-26228	-32480	-27675	
-25730	-28792	-30349	
-26910	-31397	-28611	
-26355	-33189	-26216	
-27291	-30292	-29077	
-27271	-30339	-29083	
-27274	-30513	-29023	
-27120	-31122	-28792	
-27273	-30351	-29072	
-26511	-33430	-25370	
-27260	-30587	-29034	
-27571	-29649	-29310	
-26429	-32951	-26918	
-27559	-29745	-29449	
-26194	-32609	-27347	
-27220	-30645	-29139	
-26171	-32701	-27374	
-27706	-28701	-29488	
-26448	-33174	-26038	
-27636	-29885	-29233	
-26241	-32519	-27487	
-26338	-32373	-27723	
-27665	-28734	-29502	
-26226	-32535	-27709	
-27097	-31214	-28819	
-26898	-31394	-28619	
-26630	-31669	-28491	
-26787	-31532	-28628	
-26441	-33353	-25521	
-27601	-29050	-29498	
-26241	-32358	-27919	
-26214	-32567	-27474	
-26214	-32369	-27882	
-26284	-33111	-26368	
-26132	-32500	-27720	
-26546	-31885	-28439	
-26313	-32328	-27922	
-26627	-32016	-28206	
-26655	-31362	-28708	
-27231	-30537	-29052	
-26082	-32373	-27749	
-26144	-32669	-27583	
-27529	-29818	-29293	
-26000	-32425	-27745	
-26650	-31397	-28642	
-26415	-33279	-25801	
-27579	-28722	-29574	
-26440	-32914	-27273	
-26336	-33196	-26131	
-26416	-32034	-28156	
-26151	-32279	-28030	
-26642	-31395	-28645	
-27478	-27189	-29773	
-26220	-32200	-28087	
-25970	-32493	-27787	
-26531	-31865	-28637	
-26609	-31368	-28711	
-26328	-33243	-26006	
-27511	-29105	-29603	
-26716	-31622	-28546	
-26592	-31409	-28674	
-26354	-33188	-26217	
-26319	-33204	-26232	
-26384	-33363	-25525	
-26139	-32055	-28178	
-26288	-33383	-25570	
-26259	-32058	-28148	
-27161	-30783	-29180	
-26582	-31550	-28586	
-26261	-33203	-26395	
-26682	-31351	-28745	
-26296	-33296	-26259	
-27436	-29880	-29466	
-26533	-31433	-28710	
-26662	-31352	-28772	
-26964	-31262	-28830	
-27466	-29806	-29324	
-26243	-33048	-26562	
-26845	-31272	-28730	
-26497	-31994	-28309	
-26338	-33284	-25806	
-26190	-33145	-26510	
-26124	-32711	-27456	
-27172	-30369	-29150	
-27031	-31124	-28867	
-26111	-32058	-28211	
-26287	-33355	-25835	
-27426	-30003	-29287	
-25959	-32414	-27849	
-26126	-32103	-28165	
-27530	-28173	-29707	
-26075	-32721	-27419	
-26664	-31655	-28521	
-26708	-31263	-28856	
-26450	-31905	-28484	
-26510	-31449	-28675	
-26161	-33060	-26674	
-26295	-33370	-25502	
-27162	-30415	-29268	
-26371	-32016	-28232	
-26057	-32328	-27948	
-27440	-29813	-29433	
-26205	-32572	-27702	
-26055	-32790	-27399	
-26681	-31274	-28819	
-26459	-31591	-28686	
-27315	-30994	-28984	
-26103	-32136	-28200	
-26398	-31935	-28362	
-26092	-32057	-28262	
-26676	-31324	-28782	
-26533	-31533	-28617	
-26133	-33155	-26514	
-26037	-33175	-26559	
-25895	-32279	-28056	
-26271	-33543	-25157	
-25984	-32158	-28240	
-26946	-31180	-28941	
-25948	-32333	-27962	
-26262	-32015	-28322	
-26503	-31446	-28724	
-27374	-29884	-29301	
-25964	-32200	-28113	
-27346	-30081	-29350	
-25957	-32460	-27899	
-25934	-32463	-27965	
-26387	-32006	-28317	
-26272	-33462	-25529	
-25909	-32327	-28012	
-26007	-32066	-28213	
-25865	-32228	-28166	
-27356	-30111	-29271	
-26492	-31422	-28852	
-25951	-33177	-26669	
-27044	-30843	-28990	
-27080	-30823	-29027	
-26308	-31962	-28382	
-25950	-32578	-27608	
-27162	-30457	-29216	
-25984	-32116	-28292	
-26019	-32942	-27030	
-26971	-30873	-29158	
-25900	-32681	-27598	
-25934	-32552	-27926	
-26018	-32145	-28151	
-26841	-31215	-28845	
-27494	-29309	-29479	
-26662	-31310	-28824	
-26007	-32024	-28265	
-25970	-32536	-27735	
-26457	-31637	-28736	
-27480	-29254	-29506	
-26006	-32016	-28348	
-25888	-32627	-27661	
-25838	-32282	-28077	
-26268	-31983	-28372	
-26046	-32693	-27580	
-26251	-33396	-25832	
-26868	-30875	-29021	
-25936	-32506	-27876	
-26818	-30948	-29045	
-26181	-33319	-25983	
-27455	-27218	-29778	
-25991	-33056	-26797	
-27017	-31011	-28961	
-25809	-32283	-28109	
-25783	-32362	-28040	
-26142	-31935	-28388	
-27312	-30269	-29288	
-27418	-28283	-29777	
-27285	-30280	-29251	
-25909	-33039	-26954	
-25979	-32027	-28311	
-26132	-31927	-28401	
-26241	-31994	-28335	
-25808	-32785	-27545	
-26649	-31188	-28975	
-25704	-32961	-27274	
-25608	-32810	-27705	
-27339	-30187	-29418	
-25898	-32960	-27016	
-26626	-31280	-29002	
-27565	-28601	-29649	
-26030	-32703	-27495	
-26807	-31044	-28992	
-25897	-33071	-26719	
-25765	-32207	-28207	
-25883	-32047	-28356	
-25904	-32936	-27114	
-26108	-31987	-28542	
-25628	-32618	-27664	
-26353	-31437	-28768	
-26044	-33162	-26491	
-25653	-32285	-28090	
-23712	-34296	-24056	
-25638	-32307	-28236	
-25897	-32022	-28321	
-25661	-32569	-27706	
-25665	-32253	-28325	
-26018	-33217	-26280	
-26335	-31462	-28769	
-25587	-32640	-27709	
-27335	-29565	-29515	
-27430	-29171	-29523	
-25728	-32116	-28318	
-26721	-31098	-29141	
-25977	-33329	-26109	
-25398	-32574	-27767	
-26818	-30991	-28993	
-25577	-32874	-27292	
-26252	-33504	-25402	
-25862	-33135	-26738	
-25991	-31995	-28546	
-25896	-33006	-27066	
-25888	-32669	-27609	
-25727	-32417	-27983	
-25961	-32702	-27531	
-25974	-33276	-26392	
-27428	-27143	-29828	
-25701	-32125	-28244	
-25618	-32349	-28109	
-25565	-32825	-27325	
-26784	-30961	-29134	
-25702	-28315	-30352	
-26091	-33524	-25545	
-27350	-28666	-29806	
-26316	-31501	-28768	
-27540	-28297	-29681	
-27031	-30506	-29190	
-25735	-31996	-28572	
-25801	-33091	-26764	
-25728	-32016	-28411	
-25571	-32369	-28061	
-25954	-33421	-26136	
-25965	-33187	-26436	
-26021	-33447	-25696	
-26745	-31038	-29000	
-25373	-32639	-27748	
-25549	-32428	-28052	
-26058	-33680	-24264	
-26436	-31683	-28713	
-26257	-31457	-28813	
-27513	-28482	-29663	
-25626	-33051	-26943	
-25654	-32174	-28387	
-25626	-33099	-26793	
-26932	-30702	-29336	
-25513	-32836	-27490	
-26717	-31099	-29097	
-27459	-28027	-29746	
-26467	-31416	-28902	
-27351	-29163	-29539	
-25862	-33298	-26485	
-26300	-31627	-28742	
-25590	-33072	-26804	
-27334	-29597	-29572	
-25225	-32588	-27964	
-25496	-32851	-27302	
-25570	-33264	-26845	
-27368	-28981	-29634	
-26230	-31503	-28754	
-26202	-31510	-28780	
-26222	-31466	-28779	
-25475	-32880	-27430	
-26183	-33583	-25345	
-25563	-28787	-30381	
-26201	-31512	-28756	
-26183	-31546	-28785	
-27083	-30188	-29444	
-27081	-30334	-29305	
-26296	-31694	-28680	
-27421	-28648	-29710	
-25631	-32266	-28414	
-25653	-33040	-26980	
-25770	-33239	-26685	
-26275	-31865	-28663	
-25198	-32599	-27927	
-25695	-33135	-26747	
-25496	-33077	-26896	
-25215	-32430	-28012	
-26079	-31462	-28795	
-25315	-32369	-28087	
-25537	-32965	-27067	
-25225	-32337	-28116	
-25409	-33012	-27219	
-25098	-32437	-28145	
-26071	-31546	-28898	
-25548	-32020	-28469	
-26183	-33637	-24693	
-25121	-32345	-28118	
-25059	-32463	-27978	
-26230	-31455	-28828	
-26044	-31627	-28768	
-24972	-32670	-27765	
-25426	-33013	-26987	
-25123	-32390	-28069	
-26017	-33400	-25712	
-25943	-33647	-24302	
-27056	-30199	-29407	
-24998	-32479	-28023	
-25239	-32942	-27319	
-25376	-33018	-26992	
-27051	-30249	-29370	
-26225	-33484	-25403	
-24938	-32641	-27906	
-25452	-32040	-28514	
-27281	-27154	-29817	
-25081	-32659	-27737	
-27062	-30359	-29299	
-25904	-33727	-24942	
-25331	-32640	-27735	
-26365	-31405	-29003	
-26004	-31714	-28669	
-25298	-33089	-27021	
-23590	-34315	-23662	
-26166	-31456	-28859	
-25337	-33120	-26934	
-25325	-33064	-26991	
-25698	-33379	-26214	
-25991	-31906	-28585	
-25087	-32316	-28259	
-25895	-31725	-28697	
-25695	-33177	-26695	
-25408	-33165	-26870	
-26965	-30380	-29312	
-26040	-31694	-28706	
-25087	-32358	-28207	
-25366	-32043	-28451	
-25927	-31547	-28811	
-25912	-31682	-28798	
-25221	-32055	-28636	
-25280	-33035	-27150	
-26438	-31110	-29130	
-27023	-30279	-29319	
-25002	-32679	-27707	
-27303	-29746	-29475	
-25168	-32894	-27496	
-25844	-31771	-28676	
-25955	-33283	-26307	
-27326	-29042	-29702	
-24969	-32518	-28083	
-26016	-33462	-25555	
-26370	-31280	-29028	
-25144	-32070	-28418	
-25891	-33549	-25705	
-24995	-32084	-28526	
-24822	-32690	-27719	
-26094	-31454	-28871	
-25980	-31916	-28608	
-25780	-31736	-28685	
-27192	-29781	-29534	
-25698	-31776	-28764	
-25313	-32861	-27650	
-25821	-33472	-25856	
-25624	-33330	-26253	
-25064	-32902	-27498	
-24774	-32673	-27803	
-26035	-33606	-24960	
-24903	-32650	-27872	
-27238	-29239	-29598	
-24769	-32730	-27740	
-25382	-32307	-28262	
-26004	-33638	-24700	
-26905	-30783	-29206	
-25945	-33615	-25113	
-26087	-31448	-28883	
-27211	-30068	-29444	
-25195	-33044	-27101	
-25255	-32042	-28547	
-25911	-31592	-28848	
-25041	-32994	-27525	
-24960	-32093	-28492	
-25040	-32390	-28191	
-25509	-33323	-26336	
-24831	-32116	-28423	
-26782	-30918	-29223	
-24701	-32692	-27755	
-26305	-31197	-29095	
-25628	-31812	-28681	
-25160	-33053	-27067	
-24837	-32572	-27970	
-26082	-31417	-28992	
-25153	-33012	-27245	
-24712	-32096	-28515	
-24784	-32390	-28217	
-24674	-32569	-28028	
-25370	-32304	-28270	
-24712	-32138	-28463	
-25735	-31907	-28611	
-25927	-33635	-24915	
-24445	-32692	-27781	
-25708	-31918	-28574	
-25765	-33254	-26544	
-26904	-30283	-29423	
-25434	-31885	-28681	
-25282	-32031	-28584	
-25153	-33135	-27179	
-24541	-32408	-28271	
-25114	-32305	-28296	
-24842	-32438	-28171	
-27391	-28410	-29775	
-24500	-32520	-28100	
-26109	-31406	-29029	
-25438	-31818	-28743	
-24340	-32766	-27809	
-25907	-31593	-28817	
-25666	-31672	-28812	
-26053	-31461	-28972	
-25279	-31954	-28643	
-24165	-32680	-27814	
-25311	-33122	-26909	
-27201	-29090	-29679	
-26899	-30333	-29386	
-24132	-32653	-27880	
-24421	-32679	-27788	
-23837	-32704	-27825	
-24489	-32441	-28162	
-25176	-33043	-27152	
-27127	-29433	-29576	
-25503	-33334	-26228	
-24244	-32521	-28126	
-24423	-32165	-28506	
-27180	-29881	-29492	
-25502	-33306	-26493	
-25633	-31693	-28831	
-27153	-29892	-29455	
-27106	-29484	-29671	
-24374	-32753	-27720	
-25081	-32278	-28362	
-23608	-32693	-27888	
-25432	-33343	-26294	
-25798	-33564	-25883	
-24682	-32641	-27932	
-27104	-30016	-29461	
-25655	-31593	-28874	
-24831	-32316	-28285	
-25639	-31683	-28775	
-27174	-29101	-29642	
-26578	-30963	-29148	
-25137	-33145	-27094	
-24818	-33013	-27320	
-24858	-32305	-28322	
-25423	-33337	-26473	
-24000	-32614	-28053	
-24714	-33097	-27256	
-26809	-30654	-29351	
-25403	-31827	-28709	
-26026	-31472	-28935	
-26238	-31335	-29058	
-25605	-31696	-28864	
-25277	-32000	-28693	
-26742	-30792	-29314	
-25583	-33442	-26082	
-25321	-31737	-28786	
-24418	-32569	-28054	
-25311	-33347	-26652	
-25927	-33637	-24719	
-25376	-33359	-26347	
-26487	-30969	-29168	
-25977	-31501	-28924	
-24401	-32168	-28476	
-27364	-28421	-29738	
-25632	-31685	-28901	
-24397	-32209	-28429	
-24647	-32650	-27898	
-24299	-32419	-28191	
-24299	-32349	-28284	
-25055	-33165	-26883	
-24285	-32409	-28297	
-24739	-32085	-28552	
-27058	-29884	-29476	
-27035	-30192	-29501	
-25178	-31885	-28707	
-25013	-33235	-26971	
-24507	-32873	-27624	
-23975	-32438	-28188	
-24070	-32338	-28347	
-24141	-32210	-28455	
-26465	-31099	-29167	
-26809	-30565	-29390	
-24125	-32525	-28099	
-25815	-31546	-28924	
-25152	-31731	-28876	
-24060	-32415	-28192	
-23790	-32778	-27757	
-25028	-33176	-26846	
-24159	-32642	-27917	
-23435	-32551	-28058	
-25147	-31827	-28735	
-25938	-33598	-25270	
-25182	-31818	-28769	
-23581	-32704	-27851	
-25399	-33339	-26343	
-25318	-33390	-26278	
-24484	-32965	-27651	
-25042	-31829	-28736	
-25698	-33421	-26162	
-27130	-29798	-29509	
-26486	-30927	-29184	
-25015	-31882	-28765	
-24704	-32094	-28518	
-24172	-32126	-28517	
-25082	-31744	-28802	
-25671	-31477	-28930	
-26003	-31164	-29101	
-26329	-31042	-29196	
-24456	-32096	-28541	
-25959	-31346	-29091	
-25467	-33455	-26060	
-25057	-32861	-27676	
-25834	-33650	-25093	
-27026	-29669	-29688	
-25603	-31653	-28953	
-25038	-31749	-28775	
-23567	-32805	-27717	
-24643	-33052	-27320	
-25954	-31465	-28941	
-24114	-32221	-28418	
-24988	-31764	-28773	
-25468	-33435	-26165	
-24825	-32278	-28388	
-25957	-31148	-29175	
-24167	-32165	-28532	
-25787	-31468	-28937	
-24112	-32178	-28507	
-26590	-30876	-29330	
-25030	-31747	-28778	
-24483	-32085	-28578	
-23335	-32222	-28429	
-25764	-31471	-29003	
-24769	-31872	-28779	
-24788	-31748	-28783	
-24782	-31749	-28801	
-24043	-32349	-28310	
-24732	-31764	-28799	
-25093	-31823	-28740	
-24443	-33077	-27480	
-26936	-29870	-29572	
-23540	-32816	-27680	
-25605	-31607	-28903	
-22994	-32909	-27692	
-25026	-31961	-28703	
-24448	-32094	-28544	
-24159	-32104	-28575	
-25291	-33368	-26298	
-23051	-32352	-28312	
-26024	-31429	-29024	
-25396	-33317	-26474	
-25719	-33643	-25176	
-23534	-32778	-27783	
-24186	-32093	-28612	
-25458	-33531	-26036	
-24755	-33193	-26974	
-25268	-33460	-26325	
-24612	-31862	-28785	
-26740	-30330	-29591	
-24597	-33169	-27004	
-24155	-32109	-28589	
-25955	-31194	-29225	
-25065	-31738	-28812	
-26955	-29732	-29615	
-25785	-31459	-29031	
-27187	-28906	-29753	
-25269	-33373	-26309	
-24770	-31962	-28729	
-23916	-32127	-28543	
-25309	-33348	-26496	
-25536	-31557	-28957	
-25776	-33572	-25429	
-24508	-31778	-28795	
-24869	-31743	-28865	
-25303	-33359	-26388	
-26318	-30963	-29258	
-24774	-31747	-28804	
-25478	-31473	-29097	
-24572	-31751	-28899	
-25419	-31476	-29000	
-24481	-31762	-28849	
-24896	-31732	-28902	
-26420	-31107	-29131	
-25352	-31614	-28963	
-25302	-33331	-26653	
-25249	-33286	-26748	
-26182	-31110	-29156	
-23660	-32127	-28569	
-24356	-31792	-28904	
-26869	-30238	-29427	
-25232	-33381	-26338	
-24555	-33218	-27134	
-25719	-31234	-29127	
-25608	-33614	-25417	
-25904	-33729	-24746	
-26931	-29920	-29535	
-26673	-30509	-29419	
-25163	-31477	-29026	
-25096	-31615	-28989	
-24982	-32051	-28638	
-25149	-33414	-26667	
-24837	-31824	-28766	
-26868	-30253	-29601	
-25858	-31367	-29039	
-24731	-32012	-28648	
-25779	-33816	-24896	
-26334	-30877	-29356	
-24356	-31862	-28811	
-24596	-33106	-27305	
-23772	-31887	-28848	
-26274	-30968	-29231	
-24726	-32051	-28664	
-26209	-31099	-29193	
-23536	-31905	-28744	
-23250	-32908	-27666	
-26073	-31043	-29222	
-25797	-31391	-29091	
-25493	-33607	-25500	
-25703	-31346	-29117	
-25469	-31695	-28920	
-23421	-32123	-28570	
-26929	-29976	-29640	
-23255	-31925	-28730	
-26164	-31107	-29157	
-24475	-32013	-28674	
-24219	-32013	-28700	
-25606	-33615	-25261	
-25595	-31465	-29093	
-25709	-33739	-25047	
-24990	-31512	-29069	
-24293	-31843	-28952	
-25584	-33620	-25272	
-24972	-33347	-26800	
-23483	-34316	-23047	
-24580	-33116	-27220	
-24329	-31874	-28774	
-24032	-31881	-28808	
-25699	-31195	-29251	
-25400	-33622	-25678	
-25508	-31471	-29029	
-25661	-31246	-29159	
-26896	-30056	-29552	
-25222	-31474	-29123	
-24714	-33268	-26870	
-25519	-33668	-25336	
-26676	-30702	-29362	
-23776	-31882	-28834	
-24073	-31874	-28800	
-23390	-34340	-23822	
-25032	-33493	-26053	
-26584	-30383	-29484	
-24310	-33147	-27205	
-26050	-31007	-29239	
-25661	-31335	-29120	
-26657	-30738	-29367	
-24923	-31650	-29032	
-27070	-29043	-29728	
-26311	-30887	-29363	
-24927	-33498	-26186	
-24692	-33257	-26874	
-24259	-32971	-27546	
-24684	-33316	-26891	
-23447	-33107	-27224	
-26307	-30888	-29319	
-27097	-28961	-29858	
-26010	-30896	-29353	
-25567	-31290	-29146	
-24640	-31662	-29021	
-25956	-30962	-29265	
-24949	-33439	-26827	
-25639	-33675	-25138	
-24211	-33310	-26892	
-24127	-33287	-27017	
-24316	-31751	-28925	
-23670	-33150	-27171	
-26518	-30602	-29418	
-26018	-30968	-29257	
-27047	-27208	-29918	
-23613	-33160	-27175	
-26498	-30430	-29429	
-25944	-31115	-29287	
-26967	-29348	-29722	
-26541	-30510	-29391	
-25612	-33653	-25158	
-24539	-33228	-27049	
-25544	-31254	-29163	
-23410	-33192	-27150	
-25478	-31384	-29136	
-26428	-30657	-29523	
-26460	-30419	-29521	
-23154	-33192	-27176	
-25467	-31233	-29197	
-27006	-27464	-29949	
-26451	-30565	-29496	
-26401	-30739	-29393	
-26374	-30750	-29356	
-24667	-31651	-29058	
-25354	-31260	-29225	
-27174	-28790	-29863	
-25272	-31300	-29226	
-25293	-33632	-25660	
-24127	-31781	-28967	
-24799	-31526	-29121	
-25260	-33574	-25764	
-25405	-31335	-29146	
-25895	-30986	-29317	
-24780	-33467	-26460	
-25405	-31246	-29185	
-24901	-33502	-26162	
-25241	-33535	-26009	
-23454	-33281	-27053	
-23711	-33221	-27050	
-24720	-33473	-26233	
-25543	-33732	-25101	
-22637	-33231	-27058	
-25200	-33647	-25838	
-24790	-33550	-26082	
-25222	-31385	-29162	
-27035	-28654	-29914	
-25137	-33553	-25939	
-25828	-31124	-29280	
-24700	-33556	-26192	
-26333	-30845	-29509	
-24671	-33498	-26212	
-25285	-33692	-25141	
-26855	-29017	-29857	
-25242	-33745	-25149	
-25404	-31246	-29196	
-25221	-33712	-25234	
-27101	-28894	-29825	
-24658	-33513	-26239	
-25195	-31396	-29125	
-24517	-33672	-26274	
-24057	-33300	-26913	
-24399	-31527	-29060	
-24154	-31532	-29118	
-25027	-31380	-29190	
-24971	-31435	-29133	
-24896	-33552	-25979	
-23973	-31570	-29163	
-26055	-30888	-29389	
-26812	-29107	-29781	
-25817	-30973	-29341	
-27242	-28407	-29834	
-25890	-31111	-29292	
-26399	-30696	-29482	
-24011	-33310	-26927	
-27196	-28500	-29833	
-26832	-29020	-29736	
-24705	-31481	-29147	
-24086	-33399	-26846	
-25178	-33655	-25384	
-24405	-33531	-26620	
-26484	-30331	-29617	
-25731	-30988	-29406	
-25728	-31067	-29331	
-25295	-26853	-30385	
-24991	-33570	-25920	
-23546	-33357	-26871	
-25156	-33700	-25539	
-26801	-29521	-29811	
-26372	-30707	-29445	
-25456	-31154	-29259	
-24682	-31445	-29164	
-25188	-31198	-29240	
-24771	-33641	-25933	
-25098	-31260	-29251	
-26896	-29392	-29698	
-24965	-33578	-25876	
-23844	-31793	-28956	
-24765	-33603	-26036	
-25448	-31156	-29261	
-25016	-31301	-29252	
-24966	-31315	-29281	
-25339	-31162	-29263	
-25795	-30929	-29368	
-25340	-31163	-29252	
-25094	-31153	-29266	
-24530	-33444	-26470	
-26922	-29749	-29647	
-24513	-31439	-29254	
-26850	-29485	-29697	
-24835	-33680	-25885	
-25033	-31177	-29318	
-25083	-31163	-29289	
-24858	-33588	-25858	
-24832	-33614	-25887	
-26978	-27697	-29954	
-24543	-31526	-29147	
-25693	-31076	-29297	
-26806	-30111	-29657	
-25634	-31112	-29318	
-24426	-31446	-29190	
-25597	-33831	-24291	
-25592	-31011	-29360	
-25275	-27866	-30402	
-25388	-33761	-24950	
-25754	-30896	-29379	
-26457	-30342	-29580	
-27103	-28271	-29885	
-26787	-29711	-29665	
-25063	-33715	-25717	
-25472	-31068	-29357	
-23137	-33362	-26848	
-23717	-31570	-29189	
-26399	-30354	-29612	
-25816	-30883	-29391	
-26770	-29670	-29714	
-26305	-30426	-29596	
-25799	-30888	-29415	
-25445	-31079	-29320	
-25155	-33747	-25411	
-26680	-29712	-29679	
-26673	-29977	-29666	
-25535	-33819	-24412	
-25437	-31077	-29323	
-24869	-31179	-29407	
-24830	-31259	-29310	
-25378	-31112	-29344	
-25516	-33836	-24497	
-25383	-31073	-29328	
-25416	-33734	-25077	
-25222	-33787	-25022	
-26941	-28300	-29923	
-26645	-29717	-29691	
-23848	-33502	-26746	
-26633	-29759	-29678	
-25336	-31012	-29386	
-24897	-31121	-29347	
-24257	-31440	-29280	
-24170	-31446	-29216	
-26193	-30486	-29566	
-25243	-31027	-29378	
-24182	-33550	-26415	
-25213	-31029	-29446	
-26571	-29940	-29700	
-25666	-30905	-29473	
-25242	-33778	-24931	
-25023	-31035	-29508	
-25148	-31087	-29354	
-24892	-31087	-29380	
-26550	-30112	-29683	
-26523	-30123	-29646	
-25054	-33826	-25252	
-26883	-28091	-29946	
-25466	-33882	-24348	
-24695	-31211	-29327	
-24580	-31301	-29291	
-26505	-30159	-29634	
-24902	-33691	-25736	
-25537	-30976	-29444	
-26701	-29524	-29715	
-26973	-27372	-29987	
-26172	-30658	-29549	
-26514	-29670	-29740	
-26860	-28030	-29988	
-25407	-33908	-24550	
-25128	-33727	-25412	
-24324	-31302	-29317	
-24574	-31259	-29336	
-23960	-33643	-26400	
-25314	-33896	-24622	
-26495	-29704	-29733	
-24439	-31212	-29353	
-26494	-29724	-29761	
-26449	-30340	-29583	
-26371	-30207	-29662	
-22089	-33544	-26424	
-24994	-33767	-25554	
-26425	-29725	-29821	
-25286	-33863	-24736	
-26405	-29730	-29755	
-26396	-29900	-29879	
-26145	-30580	-29551	
-24095	-31221	-29473	
-26143	-30626	-29601	
-23578	-31259	-29355	
-26145	-30669	-29512	
-24183	-31212	-29379	
-26082	-30806	-29519	
-26269	-30396	-29774	
-26876	-27864	-29953	
-26723	-29262	-29930	
-25286	-30937	-29454	
-24752	-31036	-29423	
-24733	-31123	-29436	
-23304	-34388	-22660	
-22871	-33567	-26403	
-26077	-30845	-29535	
-24724	-33715	-25865	
-25046	-30943	-29481	
-25193	-33819	-24744	
-25318	-30856	-29553	
-25153	-33899	-24747	
-25086	-33888	-24896	
-26918	-28791	-29889	
-25251	-30889	-29577	
-26481	-29966	-29684	
-26384	-29987	-29697	
-24837	-33768	-25560	
-24794	-33792	-25714	
-26792	-28413	-30017	
-24129	-31208	-29384	
-25918	-30664	-29620	
-25848	-30677	-29546	
-26337	-30013	-29745	
-26049	-30427	-29622	
-25826	-30807	-29545	
-24374	-31128	-29420	
-26330	-30119	-29813	
-26841	-28962	-29884	
-24668	-31040	-29503	
-26857	-27577	-30043	
-24118	-31129	-29446	
-24173	-33764	-26032	
-26018	-30446	-29745	
-25842	-30674	-29578	
-24373	-33739	-25872	
-25690	-30750	-29574	
-25985	-30526	-29657	
-26696	-29273	-29893	
-26545	-29521	-29837	
-24534	-33719	-25729	
-24968	-33855	-25125	
-24488	-33745	-25788	
-26862	-28790	-29901	
-26779	-28655	-29940	
-25570	-30807	-29571	
-24957	-30941	-29511	
-26830	-27588	-30006	
-24828	-30941	-29575	
-24052	-33719	-26218	
-24429	-33766	-25810	
-24768	-33847	-25503	
-25635	-30676	-29609	
-25434	-30751	-29600	
-25662	-30665	-29646	
-26791	-28879	-29901	
-24650	-30955	-29577	
-26752	-28666	-29903	
-24412	-31040	-29529	
-25236	-27382	-30409	
-25729	-30527	-29683	
-25714	-30662	-29670	
-26491	-29506	-29887	
-25174	-30793	-29579	
-24918	-30793	-29605	
-25412	-30707	-29627	
-24848	-33891	-24904	
-26765	-28424	-29980	
-24768	-33880	-25285	
-26760	-28474	-29943	
-25062	-30857	-29579	
-25762	-30447	-29771	
-24237	-33763	-25840	
-25129	-30719	-29616	
-24833	-30816	-29600	
-23189	-33679	-26237	
-26557	-29137	-29944	
-24210	-33743	-25841	
-26550	-28910	-29951	
-25245	-33975	-24565	
-25128	-34012	-24003	
-26590	-28566	-29943	
-24572	-30942	-29601	
-24774	-30724	-29611	
-24455	-30861	-29644	
-24465	-33798	-25672	
-25068	-33908	-24698	
-26596	-27716	-30044	
-24518	-30724	-29637	
-23851	-33808	-25798	
-26518	-28635	-30022	
-25057	-30712	-29622	
-26691	-27452	-30057	
-26576	-28778	-29931	
-24861	-30717	-29675	
-25383	-30675	-29679	
-23616	-33735	-26158	
-23866	-33835	-25599	
-24605	-30718	-29701	
-25379	-30676	-29635	
-24888	-30706	-29712	
-24594	-30812	-29602	
-25045	-34000	-24725	
-25597	-30581	-29713	
-24739	-33953	-24799	
-25127	-30676	-29705	
-24173	-33766	-25836	
-23600	-33870	-25811	
-26589	-27822	-30112	
-23294	-33779	-25924	
-24511	-33919	-24968	
-24723	-33980	-24858	
-25406	-30665	-29672	
-24980	-27383	-30435	
-24624	-33947	-24883	
-26571	-28188	-30085	
-24487	-33896	-25063	
-26513	-29170	-29957	
-24444	-30782	-29706	
-24211	-33851	-25411	
-23693	-33855	-25633	
-22864	-33770	-25945	
-25341	-30582	-29739	
-25314	-30593	-29702	
-26440	-29274	-29919	
-26422	-29360	-29888	
-24102	-33919	-25394	
-26298	-29321	-29893	
-25156	-30637	-29746	
-26492	-28701	-29974	
-25473	-30457	-29802	
-24388	-33898	-25143	
-26074	-30120	-29839	
-26018	-30357	-29784	
-26285	-29589	-29896	
-25095	-34020	-23713	
-23737	-30783	-29660	
-23481	-30784	-29686	
-26257	-29764	-29930	
-26140	-29901	-29905	
-26121	-29905	-29815	
-26400	-28935	-30068	
-26108	-29932	-29901	
-24424	-33972	-25043	
-23921	-33890	-25465	
-23964	-33875	-25409	
-26101	-30038	-29969	
-24303	-33927	-25229	
-25841	-30174	-29795	
-25306	-30591	-29705	
-25005	-34029	-23866	
-24396	-33912	-25051	
-26389	-29673	-29886	
-25779	-30353	-29786	
-26442	-28651	-29979	
-25778	-30217	-29823	
-24192	-33910	-25241	
-24900	-30638	-29772	
-26535	-28326	-30066	
-25762	-30358	-29810	
-26230	-29182	-29946	
-25043	-30489	-29748	
-26225	-29292	-29942	
-24308	-30726	-29735	
-25020	-30581	-29775	
-26374	-29034	-30008	
-24827	-34025	-24051	
-25496	-30365	-29775	
-23377	-33929	-25750	
-24718	-34003	-24115	
-24999	-34040	-23758	
-24639	-34106	-24154	
-26369	-29084	-29971	
-26167	-29889	-29942	
-26181	-29248	-30022	
-25693	-30123	-30011	
-26468	-28552	-30039	
-25666	-30134	-29974	
-25596	-30233	-29824	
-24629	-34007	-24224	
-25561	-30169	-29878	
-25845	-30039	-29995	
-24052	-30726	-29761	
-25823	-30081	-29849	
-26301	-29138	-29970	
-25523	-30354	-29812	
-23735	-33919	-25438	
-24806	-34056	-23769	
-24033	-34031	-25119	
-26162	-29428	-29947	
-25346	-30234	-30035	
-24801	-34051	-23986	
-25304	-30451	-29892	
-25020	-30492	-29814	
-24579	-34047	-24456	
-23712	-34011	-25465	
-25742	-30041	-29858	
-24764	-30582	-29801	
-24005	-33971	-25127	
-23867	-33943	-25169	
-23805	-33996	-25287	
-23384	-30648	-29812	
-26475	-27428	-30140	
-25217	-30457	-29828	
-24379	-34072	-24616	
-24258	-34027	-24802	
-24644	-34067	-23807	
-24764	-30493	-29840	
-24737	-30504	-29803	
-26084	-29513	-29983	
-24508	-30582	-29827	
-24647	-30501	-29844	
-24143	-33988	-24821	
-26342	-28443	-30096	
-25945	-29377	-30034	
-24102	-34016	-24809	
-25410	-30135	-30000	
-25369	-30142	-30008	
-26405	-28126	-30100	
-24481	-30504	-29829	
-24180	-30517	-29877	
-26144	-28936	-30094	
-26117	-28947	-30057	
-26113	-29014	-30090	
-25871	-29419	-30071	
-24508	-30493	-29866	
-24415	-34058	-24260	
-26208	-28620	-30098	
-24391	-30501	-29870	
-26261	-28173	-30161	
-25187	-30370	-29935	
-24381	-34090	-24184	
-25828	-29514	-30009	
-26227	-28178	-30187	
-26225	-28311	-30142	
-25925	-29249	-30048	
-23977	-34105	-24763	
-26344	-27206	-30183	
-25820	-29671	-30010	
-24931	-30371	-29961	
-26193	-28556	-30190	
-25684	-29600	-30198	
-23854	-34057	-24812	
-25911	-29018	-30088	
-25888	-29202	-30068	
-24353	-34127	-24405	
-24540	-34109	-23592	
-24379	-34112	-23717	
-23683	-34084	-24979	
-25894	-29327	-30044	
-23368	-34103	-25223	
-25875	-29352	-30038	
-25090	-30235	-30061	
-25646	-29607	-30049	
-26166	-28567	-30153	
-26130	-28705	-30134	
-25630	-30104	-30152	
-22862	-34012	-25371	
-23568	-34078	-25063	
-24215	-34083	-24420	
-24119	-34103	-24465	
-26294	-27123	-30200	
-25888	-29110	-30115	
-25946	-29009	-30122	
-23384	-34106	-25068	
-24751	-27638	-30446	
-23776	-34069	-24801	
-24256	-34179	-24138	
-24197	-34085	-24407	
-25739	-29315	-30162	
-24796	-30323	-29978	
-22989	-34407	-22904	
-24300	-34159	-23565	
-25712	-29326	-30125	
-25929	-28759	-30123	
-25878	-28843	-30133	
-23721	-34122	-24583	
-25991	-28569	-30185	
-23461	-34088	-25045	
-25874	-28706	-30160	
-25807	-28932	-30133	
-24056	-34204	-24298	
-25772	-28882	-30139	
-23628	-34137	-24761	
-25857	-29015	-30116	
-23139	-34132	-24811	
-23339	-34140	-24433	
-26190	-28191	-30257	
-25735	-28570	-30211	
-23311	-34149	-24527	
-24287	-34216	-23540	
-24729	-26077	-30471	
-26117	-28295	-30219	
-23164	-34157	-24342	
-21422	-34146	-24679	
-26036	-28025	-30284	
-23154	-34192	-24394	
-25711	-28838	-30165	
-25968	-28408	-30313	
-24834	-30235	-30087	
-23049	-34150	-24425	
-25691	-28827	-30190	
-22548	-34154	-24474	
-25941	-28419	-30276	
-22106	-34166	-24509	
-25937	-28486	-30309	
-24106	-34224	-23286	
-24055	-34268	-23718	
-24027	-34277	-23812	
-23912	-34271	-23896	
-25536	-28798	-30344	
-25511	-29105	-30303	
-22855	-34438	-22449	
-24895	-29869	-30165	
-23113	-34220	-24382	
-22865	-34261	-24385	
-25412	-29301	-30273	
-25156	-29302	-30299	
-24839	-29482	-30243	
-24605	-29353	-30270	
-25280	-28799	-30370	
-24900	-29302	-30325	
-22222	-34304	-23881	
-24575	-27762	-30503	
-24666	-28987	-30348	
-23189	-34382	-22744	
-23146	-34364	-23037	
-25631	-28404	-30352	
-22440	-34442	-23357	
-24885	-28674	-30394	
-22655	-34463	-22609	
-22884	-34365	-22935	
-24473	-28120	-30418	
-25029	-27493	-30406	
-24195	-28265	-30458	
-24819	-27401	-30433	
-24213	-28079	-30421	
-24584	-26738	-30463	
-22540	-34457	-22693	
