-29427	-25304	-24143	
-29346	-25843	-24813	
-29319	-26082	-24838	
-29285	-24850	-24953	
-29273	-25039	-25013	
-29326	-26393	-24082	
-29267	-25765	-25065	
-29265	-25403	-25137	
-29238	-26621	-25508	
-29277	-26480	-23967	
-29186	-26304	-25735	
-29245	-26932	-24752	
-29100	-25287	-25875	
-29099	-25098	-25916	
-29089	-25391	-25936	
-29046	-25034	-26059	
-29205	-26958	-24717	
-29196	-27019	-24637	
-29005	-24977	-26087	
-28994	-24717	-26286	
-29172	-27460	-24563	
-28978	-25663	-26551	
-29113	-27605	-24571	
-28879	-26188	-26635	
-28859	-26139	-26674	
-29040	-27646	-24596	
-28827	-25042	-26764	
-29034	-27657	-23663	
-29020	-27693	-25664	
-29013	-28250	-25015	
-28793	-25171	-26775	
-28752	-26115	-26803	
-28751	-25248	-26819	
-28717	-26378	-26830	
-28715	-24013	-26850	
-28703	-24202	-26910	
-28699	-24959	-27115	
-28626	-25496	-27253	
-28588	-25673	-27259	
-28550	-25702	-27308	
-28811	-28383	-25486	
-28514	-24467	-27339	
-28502	-24656	-27399	
-28461	-24599	-27427	
-28775	-28634	-24674	
-28426	-24862	-27454	
-28381	-25486	-27565	
-28319	-24416	-27716	
-28702	-28638	-24952	
-28632	-28726	-25069	
-28294	-25087	-27786	
-28611	-28953	-24449	
-28218	-25293	-27841	
-28176	-24556	-27894	
-28141	-25002	-27900	
-28106	-25265	-27927	
-28065	-25208	-27955	
-28064	-24528	-27980	
-28563	-28955	-24570	
-28523	-28981	-24535	
-28023	-24471	-28008	
-28492	-29075	-25243	
-27988	-24734	-28035	
-27907	-25252	-28058	
-27870	-24967	-28063	
-27866	-25195	-28086	
-27819	-25456	-28094	
-28409	-29086	-24920	
-27818	-24776	-28119	
-28388	-29130	-24548	
-27784	-24408	-28217	
-28373	-29337	-24108	
-27720	-24081	-28345	
-27550	-24841	-28354	
-28258	-29408	-24918	
-27512	-24870	-28403	
-27474	-25047	-28409	
-27474	-24329	-28484	
-28175	-29419	-24595	
-28135	-29445	-24560	
-28087	-29534	-24399	
-27388	-24030	-28549	
-28083	-29583	-24896	
-27321	-24244	-28598	
-28000	-29594	-24573	
-27960	-29620	-24538	
-27283	-24887	-28680	
-27931	-29823	-24074	
-27207	-25093	-28735	
-27098	-24358	-28752	
-27097	-24902	-28799	
-27022	-24564	-28807	
-27021	-25108	-28854	
-27891	-29849	-24039	
-27774	-29922	-24000	
-26884	-25050	-28933	
-27582	-29962	-24897	
-26808	-25256	-28988	
-27499	-29973	-24574	
-27459	-29999	-24539	
-27450	-30008	-23551	
-26722	-24239	-29128	
-27411	-30088	-24378	
-27363	-30090	-24499	
-27206	-30189	-24425	
-29297	-26166	-24623	
-29254	-26374	-24787	
-26537	-23710	-29200	
-27043	-30245	-24158	
-26313	-24020	-29222	
-26312	-24564	-29269	
-27003	-30271	-24123	
-26886	-30344	-24084	
-28985	-26758	-26224	
-29090	-25763	-25768	
-29038	-25446	-25994	
-26150	-24630	-29319	
-29037	-27075	-25997	
-29006	-25060	-26024	
-29063	-25485	-25794	
-29043	-25752	-25788	
-29198	-26647	-25473	
-29169	-26850	-25009	
-26127	-24035	-29341	
-26823	-30346	-24119	
-26571	-30357	-22956	
-26546	-30368	-24370	
-26098	-24270	-29352	
-26520	-30387	-24317	
-29138	-26908	-25263	
-29167	-26792	-25177	
-29120	-27143	-24790	
-26067	-24268	-29361	
-25931	-24617	-29365	
-26520	-30398	-24254	
-29101	-27154	-24994	
-25914	-24183	-29475	
-29146	-26330	-25700	
-26495	-30479	-24563	
-29088	-26622	-25643	
-29091	-27183	-24906	
-29073	-27200	-25212	
-29052	-27241	-24879	
-29081	-26720	-25434	
-29091	-26998	-25232	
-29044	-27386	-25241	
-29038	-27036	-25521	
-28931	-26505	-26408	
-29039	-26681	-25459	
-28760	-26735	-26707	
-28911	-26456	-26447	
-28694	-26243	-26848	
-28676	-26321	-26858	
-28660	-26190	-27001	
-26453	-30481	-24434	
-26338	-30578	-24489	
-25826	-23707	-29514	
-28839	-26214	-26600	
-28473	-25411	-27367	
-29016	-27332	-25751	
-28812	-27052	-26480	
-28925	-27019	-26014	
-28891	-26531	-26373	
-28868	-26831	-26185	
-28851	-26717	-26237	
-25804	-23543	-29533	
-28438	-25674	-27394	
-28977	-27336	-25787	
-28828	-26857	-26150	
-29011	-27888	-25087	
-28920	-27148	-25958	
-28814	-27465	-26222	
-28902	-27748	-25148	
-28882	-27156	-25856	
-28880	-27174	-25923	
-25664	-23773	-29564	
-28857	-27394	-25806	
-28871	-28067	-25304	
-28845	-27583	-25866	
-28879	-28074	-25120	
-28397	-25617	-27422	
-28552	-26060	-27137	
-28937	-27362	-25752	
-28928	-27423	-25672	
-28890	-27452	-25721	
-26023	-30648	-24170	
-28971	-27914	-25052	
-28863	-27792	-25590	
-25641	-23178	-29586	
-28668	-26465	-26715	
-28627	-26408	-26743	
-28501	-25789	-27193	
-28839	-28224	-25766	
-28595	-26839	-26881	
-28607	-26650	-26821	
-28469	-26220	-27331	
-28677	-26861	-26515	
-28564	-26293	-26944	
-28762	-27148	-26449	
-28659	-26967	-26594	
-28507	-26105	-27115	
-28480	-26643	-27013	
-28531	-26317	-26891	
-28485	-26161	-27129	
-28787	-27907	-25993	
-28729	-27178	-26288	
-25444	-24080	-29640	
-28643	-26808	-26668	
-28805	-27609	-25831	
-28709	-27431	-26377	
-28471	-26633	-27073	
-28234	-25348	-27576	
-28626	-26990	-26621	
-28316	-26135	-27445	
-28420	-25706	-27336	
-28691	-27617	-25995	
-28657	-27564	-26148	
-28385	-25969	-27363	
-28603	-26834	-26633	
-28609	-27063	-26563	
-28232	-25884	-27477	
-28597	-27252	-26623	
-28771	-28409	-25451	
-28579	-27266	-26809	
-28344	-25912	-27391	
-28683	-27178	-26450	
-28642	-27121	-26478	
-28450	-26561	-27238	
-28742	-28612	-24987	
-28227	-25659	-27506	
-28610	-27054	-26479	
-28199	-26180	-27636	
-28604	-27568	-26085	
-28592	-27757	-26145	
-25846	-30651	-23461	
-25806	-30677	-23426	
-28588	-27843	-26164	
-28455	-27069	-26912	
-28584	-27482	-26251	
-28566	-27393	-26392	
-28561	-27639	-26501	
-28168	-25634	-27699	
-28435	-27020	-26951	
-28431	-26659	-27038	
-28478	-26912	-26842	
-28019	-25280	-27972	
-28426	-26935	-27025	
-28429	-26249	-27276	
-28630	-28006	-25919	
-28137	-25811	-27864	
-28428	-26326	-27240	
-28352	-26293	-27292	
-28690	-28598	-25406	
-28557	-27278	-26588	
-28207	-26268	-27456	
-28548	-27339	-26508	
-28530	-27353	-26694	
-28398	-26881	-27083	
-28312	-26319	-27257	
-28310	-26796	-27348	
-28328	-26885	-27207	
-28512	-27726	-26386	
-25327	-23216	-29649	
-28275	-26241	-27354	
-25640	-30678	-24892	
-28263	-26430	-27414	
-25630	-30759	-24555	
-28592	-28752	-25034	
-28496	-27392	-26617	
-27984	-25726	-27978	
-28594	-28170	-25887	
-27942	-24989	-28031	
-28576	-28184	-26073	
-28596	-27931	-25984	
-28567	-28787	-24965	
-25260	-23828	-29694	
-28456	-27418	-26582	
-28682	-28323	-25692	
-28506	-27727	-26481	
-28452	-27987	-26176	
-28240	-26151	-27441	
-28448	-27861	-26237	
-28447	-27479	-26502	
-28426	-27181	-26923	
-28429	-27557	-26512	
-28413	-27426	-26655	
-28353	-27642	-26595	
-27777	-24719	-28147	
-28548	-27869	-26129	
-27703	-24926	-28240	
-28312	-27209	-27090	
-28462	-27339	-26770	
-28422	-27365	-26735	
-28404	-27738	-26427	
-28528	-27887	-26134	
-28404	-27844	-26242	
-28395	-27799	-26347	
-28077	-26072	-27654	
-28498	-27965	-26098	
-27758	-24939	-28149	
-28159	-26206	-27601	
-27744	-24434	-28182	
-28330	-27298	-26949	
-28491	-27983	-26140	
-27662	-24869	-28268	
-27989	-25338	-27888	
-28157	-26711	-27462	
-27742	-24982	-28174	
-28511	-28819	-25186	
-28337	-27968	-26634	
-28036	-26015	-27682	
-28618	-28324	-25565	
-28293	-27688	-26721	
-28598	-28344	-25726	
-28139	-26224	-27606	
-28099	-26250	-27571	
-28581	-28400	-25515	
-28377	-27268	-26808	
-28389	-27800	-26442	
-28375	-27802	-26248	
-28070	-26383	-27584	
-28355	-28057	-26493	
-27631	-24323	-28331	
-28297	-27480	-26637	
-28423	-28099	-26187	
-27717	-24882	-28177	
-28020	-25884	-27825	
-27707	-25428	-28180	
-28364	-27870	-26207	
-28558	-28370	-25691	
-28654	-28482	-25412	
-28554	-28196	-25852	
-28549	-28431	-25611	
-28279	-26972	-27092	
-28577	-28716	-25161	
-28290	-27324	-26914	
-28227	-26922	-27156	
-28281	-27385	-26834	
-28550	-28282	-25871	
-28509	-28457	-25576	
-28222	-27456	-26985	
-27996	-26476	-27740	
-28211	-26958	-27168	
-28348	-28075	-26535	
-28474	-28529	-25414	
-28435	-28533	-25450	
-28187	-27118	-27132	
-28559	-28730	-25347	
-28247	-26857	-27342	
-28067	-26498	-27487	
-28543	-28300	-25913	
-28430	-28522	-25649	
-28159	-27124	-27204	
-27860	-25513	-28066	
-28208	-27487	-26788	
-28441	-28443	-25652	
-27627	-25132	-28295	
-28412	-28546	-25739	
-28029	-26489	-27493	
-28171	-26984	-27133	
-28164	-26983	-27150	
-28368	-28361	-25755	
-28459	-28257	-26034	
-28229	-27230	-27034	
-28193	-26869	-27309	
-27980	-25910	-27790	
-28130	-26930	-27303	
-28364	-28403	-25805	
-28169	-27491	-26824	
-28154	-27629	-26726	
-28416	-28377	-25665	
-27965	-25930	-27803	
-27738	-25974	-28117	
-28152	-27588	-26782	
-27924	-25987	-27768	
-27591	-24349	-28296	
-28381	-28131	-26127	
-27558	-25108	-28318	
-28048	-26844	-27473	
-28537	-28742	-25126	
-28331	-28621	-25809	
-28311	-28399	-26104	
-28406	-28645	-25461	
-28066	-26933	-27332	
-27998	-26889	-27482	
-28094	-26772	-27456	
-28180	-27429	-27062	
-28050	-27257	-27215	
-27996	-26504	-27510	
-27891	-26152	-27776	
-28034	-27033	-27246	
-28341	-28157	-26092	
-27956	-26607	-27569	
-28140	-27603	-26835	
-27922	-25882	-27838	
-24876	-24742	-29719	
-28449	-28718	-25366	
-28330	-28261	-26153	
-27878	-25945	-27848	
-28147	-27144	-27097	
-27867	-25799	-27939	
-28419	-28283	-25999	
-28082	-27226	-27119	
-28348	-29156	-24513	
-27861	-26460	-27842	
-28408	-28661	-25394	
-28372	-28572	-25704	
-28131	-27516	-26947	
-28060	-26831	-27382	
-28327	-28216	-26213	
-28024	-27218	-27260	
-27843	-26391	-27854	
-28065	-27579	-27183	
-28176	-27761	-26682	
-28342	-28517	-25748	
-27827	-25825	-27904	
-28014	-26984	-27285	
-28177	-27213	-27063	
-28107	-27890	-26734	
-28367	-28693	-25466	
-28338	-28603	-25767	
-28315	-28083	-26458	
-27787	-26229	-27896	
-27769	-26140	-28037	
-28094	-27675	-26852	
-28340	-29315	-24421	
-27682	-25145	-28204	
-28310	-28514	-26242	
-28069	-27371	-27099	
-27939	-26960	-27633	
-28020	-26857	-27347	
-27949	-27006	-27293	
-28112	-27764	-26711	
-28309	-28127	-26354	
-27988	-27105	-27263	
-28086	-27587	-27032	
-27986	-26930	-27343	
-27663	-24952	-28205	
-27929	-27048	-27460	
-27947	-27048	-27291	
-28442	-28803	-25308	
-28136	-27787	-26647	
-27781	-26127	-27946	
-28310	-28762	-25487	
-28071	-27777	-26737	
-28055	-27847	-26759	
-28306	-28144	-26378	
-28293	-29060	-25516	
-27913	-27372	-27343	
-28365	-28772	-25395	
-28051	-27728	-26776	
-28269	-28153	-26319	
-28416	-28766	-25313	
-28292	-28673	-25628	
-28384	-28905	-25325	
-28046	-27613	-26997	
-28227	-28393	-26273	
-28364	-28752	-25407	
-28044	-27720	-26861	
-28327	-29179	-25417	
-27918	-26648	-27671	
-27661	-25500	-28197	
-27410	-25178	-28420	
-28308	-28101	-26500	
-28198	-28156	-26419	
-28191	-28174	-26461	
-28037	-27738	-26903	
-28369	-29112	-24885	
-28041	-28044	-26781	
-27385	-24571	-28470	
-27620	-25443	-28225	
-28402	-28829	-25273	
-28177	-28347	-26326	
-27931	-27461	-27202	
-28279	-28710	-26046	
-28346	-28923	-25360	
-24823	-24003	-29731	
-27895	-26513	-27689	
-28096	-28088	-26594	
-28027	-28018	-26890	
-28037	-27674	-26917	
-27880	-27135	-27345	
-28291	-28647	-25774	
-28059	-28133	-26640	
-28333	-29120	-24640	
-27871	-27133	-27374	
-25445	-30788	-23933	
-28042	-27929	-26643	
-27879	-26549	-27701	
-28032	-27733	-26952	
-27587	-25158	-28260	
-28159	-28239	-26356	
-27512	-25187	-28288	
-27786	-26875	-27747	
-27616	-25976	-28122	
-28275	-28862	-25644	
-27869	-27092	-27430	
-28269	-29248	-24576	
-27877	-26591	-27699	
-27508	-25415	-28311	
-27590	-25501	-28141	
-27565	-25814	-28219	
-28114	-28177	-26453	
-28026	-27631	-27002	
-28107	-28195	-26495	
-27304	-25089	-28493	
-27334	-25384	-28475	
-28023	-27648	-27026	
-27809	-27175	-27349	
-28074	-28308	-26387	
-27812	-27121	-27421	
-27848	-27020	-27595	
-27788	-27281	-27385	
-27740	-26387	-27859	
-28025	-27605	-27148	
-27741	-26153	-27911	
-27765	-26563	-27785	
-28016	-27666	-27068	
-27376	-24691	-28424	
-27708	-26375	-27956	
-27719	-26178	-27942	
-27349	-25276	-28446	
-28074	-28203	-26418	
-24664	-23947	-29748	
-27983	-27674	-26991	
-27936	-27878	-26897	
-27782	-27059	-27559	
-27866	-27667	-27203	
-27823	-27619	-27238	
-27976	-27692	-27033	
-28067	-28221	-26460	
-27772	-27147	-27386	
-27768	-27232	-27424	
-27915	-27806	-26913	
-27754	-27178	-27565	
-27794	-27032	-27562	
-27894	-27851	-26974	
-28058	-28136	-26534	
-28063	-28307	-26479	
-28257	-28722	-25825	
-27958	-28273	-26634	
-27758	-27548	-27429	
-27745	-26514	-27824	
-27436	-25393	-28343	
-28245	-28843	-25754	
-27776	-27637	-27288	
-27876	-27743	-27004	
-28339	-28990	-25357	
-27725	-26589	-27750	
-27471	-25130	-28316	
-27656	-26696	-27796	
-27908	-27678	-27109	
-27978	-28105	-26775	
-27686	-26502	-27871	
-27412	-25729	-28333	
-27652	-26213	-27998	
-28062	-28497	-26447	
-27828	-28005	-27021	
-27434	-25073	-28374	
-28136	-28574	-26082	
-27640	-26792	-27822	
-27657	-26033	-28094	
-27859	-27765	-26994	
-27824	-27699	-27143	
-27597	-26639	-27993	
-27784	-27725	-27108	
-27702	-27386	-27471	
-28126	-28625	-26160	
-27650	-26344	-28024	
-27868	-28080	-26945	
-27615	-26639	-27824	
-28202	-28747	-25779	
-27775	-27786	-27028	
-27621	-26047	-28078	
-27661	-26994	-27635	
-27520	-26172	-28177	
-27862	-28147	-26673	
-27650	-27018	-27738	
-27749	-27740	-27164	
-27581	-26073	-28043	
-27425	-25070	-28391	
-27698	-27016	-27607	
-28156	-28796	-25787	
-27566	-26093	-28056	
-28196	-28944	-25581	
-27715	-27859	-27044	
-28052	-28765	-26023	
-27383	-25644	-28348	
-27667	-27096	-27585	
-27625	-27381	-27513	
-24661	-24069	-29781	
-27855	-28114	-26755	
-27377	-25992	-28360	
-27709	-27766	-27129	
-25404	-30826	-24080	
-27535	-26375	-28085	
-27910	-28290	-26607	
-27836	-28347	-26635	
-27829	-28365	-26677	
-27829	-28225	-26701	
-27541	-26477	-28035	
-27928	-28379	-26466	
-28022	-28523	-26412	
-27599	-27052	-27735	
-27898	-28317	-26604	
-28010	-28564	-26164	
-27621	-27020	-27600	
-27697	-27770	-27185	
-27954	-28589	-26280	
-28160	-28893	-25600	
-27695	-27838	-27105	
-27756	-27722	-27122	
-27797	-28181	-26765	
-27587	-27093	-27596	
-27888	-28347	-26517	
-28098	-28956	-25622	
-28042	-29136	-25884	
-28088	-28942	-25680	
-27549	-27301	-27585	
-27589	-27268	-27516	
-27566	-26652	-27872	
-27569	-27219	-27555	
-27568	-27066	-27703	
-27600	-26818	-27787	
-27471	-26113	-28216	
-27540	-27123	-27886	
-28044	-28683	-26065	
-27727	-27724	-27173	
-27559	-27078	-27700	
-27846	-28094	-26880	
-28204	-29187	-24967	
-27336	-25935	-28388	
-28079	-28969	-25686	
-27543	-26890	-27777	
-28024	-28936	-26154	
-27847	-28454	-26536	
-28060	-29225	-25743	
-27675	-27777	-27282	
-27411	-26281	-28233	
-27791	-28182	-26860	
-28150	-29238	-25000	
-27795	-28543	-26773	
-27676	-28049	-27034	
-27674	-27636	-27292	
-27512	-27282	-27606	
-27694	-27829	-27126	
-27669	-28067	-27076	
-27590	-26388	-27994	
-27620	-27915	-27342	
-28193	-29003	-25522	
-28156	-28970	-25546	
-27950	-28716	-26289	
-27651	-27420	-27468	
-27442	-27151	-27661	
-28124	-29232	-25023	
-27266	-25118	-28542	
-27638	-27901	-27156	
-27462	-26623	-28095	
-27654	-27855	-27091	
-27932	-28553	-26305	
-28093	-29238	-25496	
-27519	-26811	-27924	
-27438	-27339	-27634	
-27925	-28571	-26347	
-27645	-27883	-27114	
-27611	-27446	-27433	
-27501	-27421	-27603	
-27519	-27510	-27462	
-27617	-27699	-27343	
-27633	-27896	-27205	
-27561	-28051	-27347	
-27773	-28093	-27001	
-27522	-27712	-27399	
-27508	-27454	-27474	
-27711	-28179	-26871	
-28108	-29307	-25019	
-27779	-28092	-26906	
-27697	-28251	-26847	
-27687	-28156	-26935	
-27905	-28596	-26373	
-27400	-27170	-27681	
-27495	-26401	-28050	
-27828	-28556	-26526	
-27268	-25794	-28469	
-27622	-28328	-27084	
-27416	-27134	-27669	
-27386	-27571	-27724	
-27499	-26762	-27963	
-27496	-27596	-27554	
-27831	-28638	-26443	
-27408	-27127	-27686	
-27241	-25461	-28637	
-27627	-27794	-27255	
-27620	-28008	-27115	
-27406	-26461	-28137	
-27885	-28597	-26312	
-27880	-28873	-26299	
-27514	-27685	-27413	
-27844	-28772	-26320	
-28035	-29311	-25297	
-27670	-28161	-26996	
-27598	-27927	-27121	
-27667	-28220	-26937	
-27657	-28277	-26812	
-27564	-27958	-27184	
-27463	-26649	-27966	
-27372	-26716	-28032	
-27370	-26303	-28290	
-27890	-28760	-26259	
-27479	-26837	-27889	
-27394	-27040	-27961	
-27383	-27222	-27812	
-27642	-28458	-26887	
-27663	-28179	-27038	
-27474	-27812	-27414	
-27467	-27830	-27456	
-27388	-26392	-28149	
-28068	-29333	-24984	
-27824	-28656	-26485	
-27404	-27660	-27583	
-27382	-26290	-28199	
-27370	-26977	-28004	
-27342	-26316	-28164	
-27629	-28093	-27041	
-27795	-28713	-26359	
-27274	-26420	-28316	
-24638	-23474	-29803	
-28007	-29482	-25428	
-27408	-27966	-27461	
-27271	-26465	-28110	
-27219	-26888	-28098	
-27759	-28640	-26532	
-27217	-26892	-28118	
-27346	-26677	-28077	
-27555	-28068	-27136	
-27906	-29058	-25900	
-27342	-27227	-27825	
-27784	-28682	-26450	
-27773	-28555	-26552	
-27322	-27314	-27842	
-27541	-28160	-27133	
-27889	-29051	-25998	
-27257	-26859	-28049	
-27185	-26585	-28208	
-27273	-26423	-28210	
-25320	-30833	-24551	
-27233	-26449	-28175	
-27755	-28569	-26738	
-27166	-25977	-28472	
-27330	-26713	-28089	
-27158	-25537	-28494	
-27777	-28729	-26391	
-27375	-27665	-27467	
-27345	-27127	-27846	
-27638	-28642	-26699	
-27371	-27947	-27482	
-27912	-29622	-24659	
-27469	-28243	-27198	
-27258	-26196	-28347	
-27882	-29635	-24446	
-27757	-28982	-26480	
-27228	-25820	-28434	
-27338	-26670	-28094	
-27428	-27884	-27431	
-27364	-27686	-27548	
-27131	-26240	-28499	
-27250	-27330	-27731	
-27872	-29716	-24109	
-27354	-27066	-27926	
-27241	-26955	-28075	
-27209	-27335	-27773	
-27124	-25534	-28598	
-27299	-27243	-27846	
-27843	-29012	-26144	
-27299	-27179	-27860	
-27280	-27744	-27492	
-27542	-28427	-26933	
-27624	-28644	-26505	
-27190	-27403	-27747	
-27622	-28677	-26686	
-25274	-30845	-24612	
-27864	-29711	-24498	
-27169	-27012	-28136	
-27251	-27181	-27991	
-27275	-27799	-27545	
-27149	-26329	-28358	
-27501	-28186	-27098	
-27346	-27597	-27689	
-27423	-28315	-27215	
-27825	-28923	-26285	
-27139	-25997	-28417	
-27237	-26810	-28088	
-27175	-27437	-27788	
-27090	-26183	-28527	
-27602	-28484	-26852	
-27148	-26661	-28158	
-27604	-28897	-26594	
-27337	-27658	-27609	
-27374	-28256	-27254	
-27169	-27229	-27956	
-27441	-28404	-27074	
-27123	-26535	-28212	
-27129	-26423	-28250	
-27873	-29306	-25533	
-27117	-26519	-28242	
-27309	-27673	-27639	
-27297	-27684	-27574	
-27560	-28516	-26792	
-27140	-27819	-27863	
-27107	-26860	-28184	
-27266	-27726	-27563	
-27078	-25296	-28683	
-27332	-28061	-27265	
-27493	-28514	-26818	
-27167	-27469	-27753	
-27792	-29072	-25920	
-27063	-25550	-28550	
-27250	-27040	-28001	
-27218	-27862	-27596	
-27277	-28212	-27287	
-27201	-26981	-28040	
-27059	-25966	-28658	
-27830	-29244	-25664	
-27447	-28648	-26742	
-27109	-26447	-28299	
-27430	-28297	-27173	
-27778	-29089	-26047	
-27907	-29140	-25857	
-27109	-27273	-27926	
-27331	-27973	-27447	
-27485	-28557	-26813	
-27807	-29202	-25759	
-27433	-28587	-26834	
-27401	-28430	-27039	
-27295	-27992	-27379	
-27499	-28480	-26857	
-27156	-27588	-27753	
-27188	-26990	-28005	
-27243	-27624	-27646	
-27396	-28706	-27026	
-27084	-26725	-28202	
-27426	-28605	-26876	
-27068	-26761	-28214	
-27050	-26672	-28355	
-27794	-29166	-25775	
-27270	-28230	-27329	
-27229	-27670	-27650	
-24574	-23574	-29804	
-27144	-27611	-27779	
-27162	-28214	-27600	
-27158	-27908	-27722	
-27827	-29318	-25594	
-27230	-28010	-27396	
-25097	-30848	-23903	
-27162	-27700	-27638	
-27756	-29152	-25786	
-27680	-29132	-25939	
-24510	-23567	-29860	
-27132	-27088	-28086	
-27558	-28969	-26611	
-27096	-27475	-27964	
-27661	-29388	-25996	
-27832	-29657	-25406	
-27187	-27101	-27995	
-27643	-29299	-26137	
-27214	-28046	-27408	
-27444	-28694	-26735	
-27763	-29886	-24907	
-27178	-27888	-27561	
-27430	-28646	-26775	
-25057	-30874	-23868	
-27164	-28152	-27390	
-27138	-26340	-28345	
-27780	-29340	-25633	
-27639	-28993	-26259	
-27422	-28780	-26660	
-27109	-26355	-28323	
-27392	-28345	-27113	
-27039	-25197	-28713	
-27808	-29469	-25559	
-27092	-27114	-28051	
-27171	-27937	-27507	
-27843	-29693	-24499	
-27121	-26335	-28430	
-27677	-29234	-25723	
-27634	-29068	-26221	
-27083	-25477	-28626	
-27051	-27171	-28016	
-27674	-29293	-25664	
-27275	-28473	-27259	
-27744	-29222	-25755	
-26997	-27256	-28102	
-27390	-28323	-27138	
-27405	-28884	-26725	
-27383	-28341	-27180	
-26988	-26842	-28228	
-27030	-26969	-28203	
-27011	-25341	-28673	
-26976	-25604	-28700	
-27066	-26803	-28212	
-27312	-28342	-27124	
-26985	-26406	-28360	
-26971	-27140	-28257	
-27609	-29071	-26223	
-26974	-26339	-28425	
-27599	-29019	-26224	
-27538	-29078	-26397	
-26956	-26362	-28413	
-26991	-25496	-28671	
-26935	-25547	-28728	
-27795	-29695	-24620	
-27052	-27085	-28097	
-27594	-28984	-26310	
-26918	-26631	-28534	
-26987	-27734	-27977	
-27230	-28256	-27294	
-27667	-29632	-25664	
-27288	-28319	-27188	
-26964	-26434	-28356	
-26943	-27390	-28078	
-26989	-27229	-28116	
-26892	-25138	-28753	
-27360	-28803	-26785	
-26960	-26686	-28263	
-27226	-28560	-27144	
-27122	-28388	-27373	
-27039	-27502	-27887	
-26905	-26733	-28272	
-26880	-25773	-28730	
-27530	-29153	-26160	
-26979	-27003	-28200	
-26988	-27088	-28126	
-26823	-25519	-28814	
-26996	-26244	-28472	
-26985	-26255	-28459	
-26879	-27204	-28286	
-27507	-29219	-26166	
-26958	-26273	-28521	
-27505	-29226	-26296	
-27022	-26042	-28608	
-26869	-26682	-28291	
-27118	-27934	-27687	
-27356	-28732	-26991	
-26865	-26699	-28319	
-26861	-27115	-28427	
-27109	-27995	-27607	
-27386	-29051	-26426	
-27017	-27971	-27636	
-27267	-28763	-26810	
-26982	-26068	-28573	
-27002	-28260	-27438	
-26864	-27398	-27984	
-26978	-26155	-28613	
-27358	-29145	-26733	
-27137	-28737	-27127	
-26826	-27463	-28039	
-27239	-28805	-26952	
-27001	-28007	-27648	
-27100	-27845	-27828	
-27073	-28475	-27258	
-27523	-29315	-26155	
-27027	-28503	-27150	
-27378	-28892	-26644	
-27213	-28836	-26737	
-26984	-28652	-27241	
-27201	-28865	-26840	
-26934	-28005	-27674	
-26962	-28286	-27403	
-27498	-29104	-26362	
-26830	-27291	-28171	
-27091	-27906	-27748	
-26858	-28033	-27691	
-27022	-28450	-27275	
-26839	-27230	-28251	
-27005	-28538	-27147	
-26786	-27489	-28004	
-27051	-27932	-27713	
-26868	-27208	-28169	
-26907	-28273	-27494	
-27826	-29558	-25418	
-24981	-30931	-23453	
-26904	-28465	-27381	
-27541	-29515	-25885	
-27009	-28414	-27291	
-26916	-27936	-27686	
-26853	-26384	-28650	
-26790	-27317	-28136	
-26885	-27950	-27725	
-26838	-28108	-27617	
-26895	-28380	-27455	
-27459	-29133	-26323	
-26983	-27918	-27789	
-26780	-27533	-27988	
-26908	-28514	-27332	
-26673	-27390	-28097	
-26779	-27601	-28056	
-26818	-28059	-27656	
-27651	-29733	-25396	
-26869	-25957	-28722	
-26761	-27974	-27748	
-27178	-28876	-26807	
-26942	-26039	-28619	
-26706	-25592	-28775	
-26668	-27391	-28137	
-26636	-27742	-28086	
-27697	-29891	-24087	
-26861	-27923	-27777	
-26772	-28101	-27646	
-27384	-29136	-26312	
-27381	-29177	-26323	
-27159	-29132	-26864	
-26888	-28398	-27497	
-26750	-28017	-27962	
-26979	-28569	-27253	
-26906	-28487	-27356	
-27586	-29913	-24400	
-26888	-28261	-27498	
-26876	-28636	-27512	
-26947	-27760	-27942	
-26965	-27849	-27801	
-26699	-24521	-29005	
-26780	-27868	-27806	
-26745	-28202	-27690	
-27155	-28826	-26986	
-26781	-28135	-27606	
-26785	-28254	-27589	
-26898	-27847	-27827	
-27525	-29308	-26025	
-26765	-28315	-27643	
-27379	-29252	-26300	
-26698	-25748	-28851	
-26751	-27898	-27947	
-26910	-27836	-27892	
-26735	-27304	-28227	
-27229	-29150	-26352	
-27005	-27823	-27836	
-26635	-27601	-28096	
-27222	-29244	-26360	
-26738	-28419	-27718	
-26801	-26704	-28495	
-26730	-25301	-28830	
-26635	-27355	-28198	
-26938	-27821	-27862	
-26776	-27660	-27997	
-26627	-27448	-28102	
-27388	-29430	-25999	
-27115	-28852	-26951	
-27376	-29319	-26002	
-27097	-28763	-27092	
-26623	-24727	-29060	
-27375	-29329	-26246	
-26781	-27920	-27788	
-26626	-27516	-28170	
-27195	-29147	-26563	
-26829	-25983	-28687	
-27148	-29210	-26464	
-26880	-28428	-27428	
-26830	-27833	-27903	
-26770	-26004	-28653	
-26738	-28039	-27748	
-27348	-29490	-26133	
-26739	-27627	-28021	
-26689	-26213	-28718	
-26813	-26410	-28615	
-26703	-26496	-28652	
-27025	-28956	-26969	
-27048	-28811	-26995	
-26944	-28678	-27206	
-26761	-26730	-28460	
-26980	-28836	-27053	
-26692	-28111	-27765	
-26696	-27657	-28008	
-26739	-26503	-28598	
-26695	-25807	-28792	
-26643	-26757	-28442	
-26922	-28694	-27216	
-26756	-28508	-27577	
-27626	-29819	-24950	
-26631	-27132	-28456	
-26626	-26022	-28732	
-26606	-27256	-28294	
-26567	-25376	-28948	
-26513	-27366	-28199	
-26639	-28198	-27864	
-26784	-27217	-28342	
-27330	-29401	-26274	
-26553	-27340	-28234	
-26907	-28754	-27156	
-26470	-27519	-28258	
-26597	-27932	-28076	
-26585	-25965	-28760	
-27060	-29296	-26576	
-26623	-27575	-28111	
-26565	-27144	-28504	
-27564	-29873	-25038	
-26962	-28767	-27065	
-26880	-28856	-27086	
-26669	-26555	-28578	
-27002	-28741	-27100	
-26489	-27329	-28255	
-27324	-29302	-26286	
-27134	-29218	-26418	
-26882	-28868	-26989	
-27521	-29624	-25671	
-27120	-29283	-26401	
-26739	-26654	-28499	
-26882	-28720	-27181	
-27369	-29597	-25700	
-26586	-27542	-28135	
-26873	-29073	-27114	
-26827	-28723	-27397	
-26506	-26896	-28525	
-27317	-29568	-25712	
-26629	-26581	-28543	
-26482	-27270	-28312	
-26527	-25402	-28913	
-26517	-27631	-28142	
-26850	-28837	-27204	
-26420	-23783	-29161	
-27293	-29545	-25776	
-26742	-28460	-27617	
-27505	-29766	-25073	
-26520	-25487	-28855	
-27072	-29281	-26440	
-27130	-29211	-26423	
-26459	-27395	-28268	
-26500	-26897	-28620	
-26586	-26569	-28613	
-26605	-24312	-29089	
-26581	-25821	-28812	
-26558	-26345	-28659	
-26506	-25687	-28874	
-26549	-26578	-28554	
-27090	-29361	-26365	
-26541	-25847	-28777	
-26506	-27550	-28153	
-27633	-29644	-25537	
-27464	-29814	-25186	
-26458	-27353	-28290	
-26706	-26479	-28628	
-27023	-29052	-26893	
-26399	-24598	-29179	
-26584	-25127	-29107	
-26582	-27219	-28341	
-26516	-26470	-28692	
-26558	-27242	-28295	
-26715	-27143	-28369	
-26477	-27804	-28141	
-26508	-26052	-28778	
-27152	-29307	-26277	
-26391	-27624	-28263	
-27004	-29169	-26580	
-27197	-29529	-25829	
-26924	-29175	-26726	
-26589	-26552	-28589	
-27481	-29650	-25636	
-26455	-27584	-28150	
-26888	-29042	-26898	
-26704	-27214	-28353	
-26599	-28224	-27829	
-27253	-29571	-25741	
-26720	-28988	-27228	
-27417	-29792	-25475	
-26505	-26058	-28872	
-26390	-27252	-28416	
-26507	-25940	-28821	
-26373	-27403	-28323	
-26468	-26078	-28743	
-26482	-25463	-28894	
-26626	-28061	-27895	
-27154	-29558	-25968	
-26453	-27171	-28408	
-27230	-29501	-25912	
-26465	-26084	-28837	
-27250	-29620	-25754	
-26453	-26086	-28741	
-26444	-26527	-28753	
-27190	-29527	-25877	
-26698	-28810	-27233	
-26590	-28285	-27749	
-27080	-29309	-26366	
-27194	-29607	-25767	
-26677	-28724	-27532	
-26881	-29185	-26626	
-26594	-28784	-27308	
-27418	-29826	-25247	
-27185	-29492	-25963	
-26448	-27217	-28465	
-26465	-25664	-28879	
-27157	-29499	-26027	
-27206	-29426	-26145	
-24425	-23622	-29937	
-27364	-29723	-25597	
-26872	-29287	-26976	
-26360	-27494	-28428	
-27037	-29457	-26398	
-27149	-29477	-26264	
-26429	-26264	-28927	
-26486	-28113	-27978	
-26747	-28869	-27194	
-26382	-27817	-28197	
-27144	-29616	-25928	
-26585	-28334	-27832	
-26360	-27702	-28298	
-27287	-29692	-25684	
-27019	-29368	-26539	
-27090	-29370	-26299	
-26717	-28698	-27567	
-26473	-27976	-28009	
-26589	-28375	-27731	
-26407	-26603	-28703	
-27142	-29678	-26138	
-26417	-25474	-29120	
-26961	-29138	-26763	
-26455	-28129	-27875	
-26581	-28518	-27644	
-26560	-28797	-27493	
-26603	-28423	-27691	
-26497	-26956	-28561	
-27346	-29799	-25649	
-26476	-26496	-28657	
-26446	-28139	-27943	
-26554	-28810	-27273	
-26253	-27967	-28129	
-27424	-29840	-25151	
-26349	-28023	-28008	
-26405	-28266	-27877	
-26419	-27971	-28028	
-26522	-28841	-27252	
-26367	-26717	-28654	
-26563	-28449	-27656	
-26464	-28373	-27842	
-26329	-28212	-27904	
-26457	-26982	-28526	
-26511	-28390	-27754	
-26483	-28550	-27580	
-26508	-28436	-27747	
-26437	-28200	-27863	
-26478	-28948	-27254	
-26474	-29236	-27367	
-26467	-25200	-29068	
-26242	-28008	-28017	
-26343	-26996	-28546	
-26432	-28474	-27657	
-26302	-28044	-27989	
-26446	-28522	-27617	
-26483	-29031	-27242	
-26415	-28460	-27727	
-26406	-28533	-27677	
-26406	-25669	-28949	
-27006	-29598	-26167	
-26157	-28194	-28047	
-26303	-27192	-28629	
-26311	-28288	-27956	
-27378	-29852	-25212	
-27509	-29892	-24911	
-27392	-29887	-24963	
-26255	-28182	-28006	
-26944	-29314	-26574	
-26267	-28556	-27707	
-26979	-29394	-26504	
-26320	-28744	-27575	
-26229	-27732	-28311	
-26997	-29483	-26363	
-26195	-28036	-28009	
-27354	-29804	-25260	
-26220	-27318	-28437	
-26211	-27885	-28177	
-26791	-29289	-26644	
-26389	-26290	-28892	
-26260	-27798	-28292	
-26367	-26629	-28668	
-26751	-29315	-26609	
-26244	-28581	-27691	
-26976	-29492	-26499	
-27331	-30036	-25407	
-27376	-29929	-24990	
-26867	-29341	-26568	
-26207	-27617	-28412	
-26124	-28038	-28063	
-26329	-26965	-28600	
-26202	-27396	-28447	
-26342	-26320	-28762	
-26326	-26660	-28682	
-26354	-28489	-27680	
-26428	-28433	-27758	
-26963	-29547	-26238	
-26358	-28305	-27868	
-26337	-28504	-27727	
-26424	-28399	-27807	
-26267	-26813	-28648	
-26377	-25500	-29085	
-26746	-29334	-26639	
-26186	-27265	-28590	
-26744	-29144	-27048	
-26237	-28798	-27719	
-27118	-29720	-25754	
-26327	-26552	-28858	
-26102	-28097	-28120	
-27128	-29717	-25660	
-26227	-26859	-28699	
-26346	-25902	-28969	
-26636	-29116	-27128	
-26386	-28417	-27842	
-26307	-28472	-27768	
-26769	-29489	-26552	
-26731	-29374	-26676	
-26056	-27953	-28145	
-26473	-28829	-27461	
-26607	-29014	-27146	
-26271	-28314	-27921	
-27342	-30072	-24500	
-26146	-27291	-28555	
-26136	-27842	-28225	
-26227	-28479	-27897	
-26327	-26600	-28714	
-26844	-29543	-26517	
-26958	-29512	-26324	
-26486	-28993	-27200	
-27081	-29687	-25778	
-26003	-27945	-28226	
-26715	-29386	-26902	
-26253	-28448	-27791	
-26063	-27339	-28501	
-26373	-24890	-29126	
-26215	-28208	-27971	
-26096	-27868	-28190	
-26274	-25628	-29128	
-26210	-26625	-28819	
-27101	-29815	-25653	
-27006	-29685	-25785	
-27080	-29706	-25765	
-27078	-29746	-25719	
-26383	-28854	-27444	
-26187	-28505	-27862	
-26987	-29715	-25854	
-26338	-25153	-29153	
-26387	-28777	-27498	
-27306	-29825	-25614	
-26186	-26802	-28727	
-26880	-29556	-26324	
-26107	-27713	-28406	
-26115	-28231	-27997	
-26016	-28010	-28143	
-26137	-28626	-27734	
-26336	-28699	-27559	
-26124	-27064	-28693	
-26923	-29573	-26203	
-26024	-27351	-28448	
-26023	-27365	-28466	
-26127	-27829	-28241	
-26361	-28891	-27404	
-25995	-27465	-28506	
-26099	-28156	-28061	
-26704	-29170	-27013	
-25858	-28398	-28147	
-26109	-28515	-27815	
-26075	-28257	-27962	
-25854	-28130	-28382	
-26639	-29406	-26789	
-26867	-29502	-26379	
-26969	-29791	-25906	
-26038	-28333	-27912	
-25998	-28256	-28102	
-26885	-29591	-26238	
-25980	-28295	-27926	
-26084	-28713	-27833	
-27055	-29827	-25714	
-26058	-27800	-28291	
-26062	-28123	-28085	
-25988	-27852	-28271	
-25956	-28430	-27929	
-25958	-28330	-27923	
-26862	-29632	-26376	
-25885	-28021	-28125	
-25916	-28314	-28007	
-26347	-28803	-27463	
-26244	-25735	-28999	
-26596	-29142	-27093	
-27120	-30127	-25076	
-26212	-28952	-27476	
-27189	-29898	-25575	
-26179	-26649	-28854	
-26479	-29215	-27054	
-26230	-28876	-27424	
-26616	-29464	-26622	
-25962	-27888	-28254	
-25983	-27757	-28339	
-26329	-28927	-27371	
-26114	-28950	-27492	
-26254	-28925	-27378	
-25973	-27537	-28511	
-26948	-29748	-26040	
-26170	-26651	-28784	
-26076	-26777	-28897	
-25879	-28332	-27970	
-26189	-24638	-29180	
-26231	-29010	-27396	
-26080	-28897	-27645	
-25943	-27783	-28304	
-26245	-25988	-28946	
-25948	-27882	-28280	
-25847	-27331	-28537	
-26154	-24901	-29207	
-25934	-27934	-28240	
-25865	-28181	-28119	
-25863	-27937	-28357	
-25791	-27648	-28417	
-26193	-25817	-29083	
-24724	-30958	-23736	
-25943	-26906	-28754	
-25759	-27629	-28476	
-26600	-29548	-26705	
-25784	-27391	-28526	
-25859	-28283	-28009	
-26142	-26023	-28930	
-26064	-25987	-29090	
-25843	-27298	-28604	
-26116	-26315	-28877	
-25768	-27436	-28542	
-26055	-25989	-29020	
-26032	-25994	-28979	
-26829	-29780	-26275	
-26024	-26013	-29055	
-26153	-25843	-29048	
-25799	-28529	-27855	
-26084	-27090	-28658	
-25776	-28502	-27950	
-25703	-27398	-28561	
-26015	-26074	-28975	
-27169	-30117	-24495	
-26103	-26400	-28875	
-25839	-28503	-27890	
-26461	-29291	-27106	
-26687	-29642	-26443	
-26998	-29847	-25643	
-26873	-29746	-26047	
-26014	-27230	-28624	
-25991	-27095	-28642	
-25916	-26913	-28733	
-25883	-27184	-28653	
-25864	-27011	-28759	
-26966	-29837	-25899	
-26079	-28983	-27425	
-26421	-29317	-27071	
-25773	-28548	-27943	
-25710	-27852	-28471	
-25975	-26100	-28940	
-26098	-26377	-28919	
-25692	-27319	-28577	
-26485	-29459	-26722	
-25706	-28406	-27993	
-25623	-28417	-28064	
-25727	-28589	-27835	
-25795	-27797	-28394	
-25705	-28313	-28261	
-25966	-26336	-29098	
-25697	-28756	-27916	
-25672	-27506	-28515	
-26467	-29535	-26774	
-25637	-27610	-28571	
-26004	-29133	-27532	
-26958	-29873	-25608	
-25857	-27138	-28789	
-26013	-28940	-27598	
-25614	-28610	-27998	
-26089	-25099	-29200	
-25919	-26876	-28823	
-26055	-29051	-27402	
-26383	-29335	-27106	
-27132	-30023	-25538	
-25631	-27306	-28640	
-25732	-27293	-28612	
-26559	-29675	-26577	
-26099	-29015	-27384	
-25565	-27327	-28584	
-26447	-29463	-26819	
-26920	-29891	-25643	
-26857	-29847	-25779	
-25493	-27332	-28660	
-25798	-27200	-28641	
-25490	-27591	-28574	
-26153	-24624	-29225	
-25634	-27260	-28647	
-25557	-27320	-28601	
-25469	-27394	-28586	
-25927	-28812	-27759	
-26304	-29390	-27032	
-26822	-29658	-26341	
-26467	-29411	-26780	
-25651	-27154	-28693	
-26845	-30178	-25650	
-26342	-29424	-26889	
-26090	-25352	-29147	
-26812	-29890	-25832	
-25987	-28971	-27704	
-26986	-30161	-24522	
-25460	-27374	-28620	
-25611	-27180	-28658	
-26110	-24656	-29284	
-25550	-27313	-28675	
-25593	-27236	-28666	
-25583	-28443	-28029	
-26107	-24800	-29223	
-25513	-27654	-28504	
-26729	-29880	-25913	
-26216	-29247	-27154	
-26711	-29791	-26054	
-25440	-27496	-28715	
-25573	-27198	-28693	
-25892	-26501	-28916	
-25850	-28841	-27802	
-26758	-29662	-26280	
-26151	-29305	-27146	
-26891	-29835	-25906	
-27073	-29916	-25573	
-26727	-29690	-26322	
-25479	-28454	-28124	
-25494	-27844	-28507	
-26008	-25288	-29155	
-26555	-30349	-23797	
-26875	-29936	-25638	
-26705	-29805	-26146	
-26973	-30141	-24782	
-25994	-25136	-29175	
-26967	-30233	-24721	
-26052	-25175	-29150	
-25464	-28547	-28026	
-25647	-27929	-28393	
-26617	-29648	-26380	
-26314	-29450	-26888	
-25809	-26435	-29024	
-26296	-29436	-26950	
-26048	-24918	-29250	
-25453	-27358	-28625	
-26464	-29581	-26767	
-25988	-29237	-27271	
-26571	-29660	-26441	
-25972	-25172	-29161	
-25915	-29246	-27198	
-25450	-27617	-28539	
-25631	-27146	-28698	
-25553	-27951	-28397	
-26106	-29393	-27147	
-25357	-27622	-28523	
-25576	-27152	-28700	
-25883	-29474	-27283	
-25463	-27315	-28679	
-26671	-29817	-26019	
-25339	-27700	-28533	
-25319	-28019	-28485	
-25545	-27176	-28735	
-26898	-30091	-25551	
-26405	-29474	-26802	
-25943	-25407	-29172	
-25442	-27217	-28680	
-25834	-28886	-27818	
-25984	-29017	-27697	
-25448	-28592	-28042	
-26776	-29898	-25711	
-26793	-29861	-25877	
-25654	-26961	-28858	
-26157	-25701	-29089	
-26705	-29731	-26302	
-26243	-29523	-27049	
-27016	-30106	-25088	
-25789	-26536	-28900	
-26602	-29951	-25955	
-25350	-27566	-28596	
-25768	-26835	-28835	
-26444	-29837	-26380	
-25972	-25124	-29305	
-25764	-26474	-28922	
-26974	-30080	-25285	
-25714	-26683	-28959	
-26751	-29961	-25687	
-25348	-28189	-28263	
-25439	-28480	-28089	
-25601	-28677	-27928	
-25273	-28146	-28311	
-25903	-25433	-29137	
-25596	-28381	-28163	
-25985	-25666	-29123	
-26113	-29339	-27067	
-25940	-25147	-29236	
-25744	-26441	-28947	
-25325	-27694	-28559	
-25900	-25173	-29201	
-26310	-29634	-26700	
-25574	-28636	-27963	
-25235	-28210	-28426	
-25887	-25751	-29139	
-26749	-29999	-25755	
-25828	-29306	-27372	
-25763	-26828	-28847	
-26595	-29829	-26021	
-25769	-29199	-27407	
-25883	-25517	-29192	
-25392	-28486	-28092	
-25239	-28401	-28206	
-25366	-28036	-28397	
-25261	-27368	-28779	
-25311	-27746	-28519	
-26753	-29887	-25842	
-25340	-27592	-28709	
-25227	-28653	-28081	
-26396	-29835	-26419	
-25851	-29048	-27646	
-25614	-26987	-28823	
-26590	-29893	-26105	
-25540	-28855	-27842	
-25521	-27167	-28752	
-25439	-28785	-27976	
-26689	-29906	-25878	
-25285	-27720	-28524	
-25291	-27679	-28594	
-25439	-27022	-28798	
-25311	-28462	-28140	
-25761	-29164	-27422	
-25240	-27749	-28636	
-25693	-28940	-27728	
-25319	-27169	-28751	
-26373	-29680	-26506	
-26497	-29750	-26281	
-25501	-26876	-28972	
-25200	-27775	-28601	
-26961	-30149	-25019	
-26927	-30259	-24686	
-26227	-29624	-26781	
-25514	-28914	-27862	
-26570	-29954	-26159	
-25177	-28216	-28284	
-25408	-27046	-28833	
-26343	-29922	-26518	
-25693	-29150	-27498	
-25598	-28723	-27921	
-25830	-29070	-27630	
-25196	-28486	-28112	
-26203	-29549	-27014	
-25364	-28783	-27983	
-25071	-28238	-28326	
-25364	-27163	-28785	
-25523	-28721	-27928	
-26658	-29928	-25757	
-26570	-29789	-26248	
-25236	-28460	-28147	
-26636	-29960	-25803	
-25855	-25197	-29266	
-25190	-28488	-28091	
-26389	-29579	-26774	
-25082	-28500	-28132	
-25802	-26035	-29215	
-25081	-28319	-28227	
-25843	-25543	-29157	
-25677	-28985	-27744	
-25191	-27836	-28521	
-25199	-28427	-28171	
-25368	-27082	-28866	
-26588	-29878	-26107	
-24988	-28328	-28270	
-26066	-29419	-27112	
-25815	-25223	-29231	
-25653	-29176	-27463	
-25604	-26671	-28978	
-25061	-28270	-28266	
-26485	-29794	-26219	
-25597	-26756	-28920	
-26913	-30151	-25140	
-25001	-28543	-28101	
-25283	-27595	-28641	
-25740	-29167	-27410	
-24948	-28354	-28235	
-25810	-29077	-27537	
-26909	-30170	-24827	
-26944	-30079	-25490	
-26187	-29650	-26746	
-25244	-28017	-28492	
-25524	-29081	-27584	
-25468	-26986	-28872	
-24909	-28346	-28374	
-25753	-29304	-27379	
-25143	-27776	-28590	
-25107	-27887	-28590	
-24876	-28628	-28187	
-25328	-27108	-28831	
-25638	-29201	-27458	
-25467	-29262	-27542	
-26093	-29573	-26889	
-25730	-29389	-27397	
-25966	-24354	-29338	
-24961	-28573	-28110	
-24877	-28393	-28216	
-25399	-28811	-27941	
-25345	-29170	-27560	
-25187	-28679	-28046	
-25264	-27109	-28865	
-26875	-30308	-24991	
-25224	-27155	-28916	
-25949	-29492	-27073	
-26172	-29718	-26660	
-25616	-29174	-27477	
-25316	-28937	-27749	
-24696	-30985	-24375	
-25616	-29214	-27409	
-24849	-28400	-28228	
-25566	-26568	-29013	
-25241	-28935	-27756	
-24831	-28427	-28196	
-25320	-29163	-27598	
-25211	-27181	-28792	
-25520	-29158	-27530	
-25931	-29568	-27125	
-25552	-29207	-27465	
-25219	-28993	-27825	
-25091	-27932	-28515	
-25141	-28058	-28437	
-25361	-28829	-27976	
-25477	-29064	-27672	
-25367	-29073	-27644	
-25538	-29259	-27425	
-24747	-28448	-28230	
-25070	-28752	-28007	
-26086	-29622	-26975	
-25461	-26902	-28937	
-24701	-28349	-28250	
-25107	-27208	-28791	
-24601	-28491	-28251	
-26879	-30103	-25146	
-25046	-27429	-28719	
-24998	-28217	-28349	
-25020	-27488	-28739	
-25080	-27210	-28840	
-24934	-28031	-28441	
-25793	-25505	-29344	
-25205	-29118	-27651	
-25347	-26929	-28905	
-25282	-28884	-27902	
-25223	-27665	-28670	
-25788	-29332	-27337	
-25042	-27218	-28814	
-24845	-28132	-28463	
-25123	-29042	-27748	
-24596	-28363	-28289	
-24918	-28153	-28440	
-24963	-27283	-28801	
-24826	-28718	-28079	
-24828	-28048	-28497	
-24707	-28474	-28195	
-24781	-28023	-28538	
-25344	-26975	-28898	
-26404	-29863	-26345	
-26070	-29723	-26707	
-26599	-30010	-25896	
-24539	-28414	-28268	
-25669	-26398	-29033	
-25309	-27100	-28839	
-24905	-27385	-28818	
-24829	-28672	-28086	
-25891	-24643	-29330	
-26139	-29739	-26585	
-25260	-26996	-28932	
-25121	-29321	-27783	
-25563	-26614	-29006	
-25819	-24743	-29311	
-26068	-29698	-27027	
-24880	-27463	-28761	
-25521	-29274	-27419	
-25130	-29116	-27658	
-25540	-26568	-29040	
-24341	-28517	-28290	
-25207	-28882	-27909	
-26748	-30007	-25680	
-25562	-26527	-29022	
-25014	-27728	-28657	
-24938	-27245	-28813	
-25782	-26084	-29152	
-24672	-28771	-28012	
-24640	-27955	-28568	
-24897	-27801	-28618	
-24977	-29043	-27872	
-24920	-28838	-27934	
-24484	-28564	-28212	
-25165	-29144	-27616	
-24637	-28649	-28098	
-24627	-28859	-28013	
-24963	-27609	-28679	
-24591	-28749	-28096	
-26854	-30194	-25034	
-25460	-26393	-29067	
-24172	-28363	-28298	
-24549	-28060	-28499	
-24698	-28339	-28436	
-24710	-27502	-28779	
-25441	-29349	-27455	
-26717	-30035	-25722	
-24908	-28840	-27953	
-25283	-29201	-27544	
-25317	-26624	-29026	
-24705	-27638	-28739	
-24684	-28882	-27928	
-25251	-29254	-27578	
-24840	-27489	-28726	
-26366	-29881	-26380	
-24432	-28506	-28264	
-24472	-28119	-28469	
-25238	-26642	-29130	
-25890	-24560	-29393	
-24154	-28443	-28326	
-24832	-29036	-27908	
-24572	-27815	-28605	
-24567	-28662	-28138	
-25122	-29206	-27645	
-26060	-29821	-26522	
-25665	-26157	-29113	
-25999	-29771	-26551	
-24867	-27403	-28853	
-24387	-28174	-28546	
-25210	-26799	-29003	
-24780	-27767	-28625	
-25217	-26672	-28973	
-24487	-27870	-28682	
-24627	-27682	-28739	
-24894	-27158	-28845	
-25429	-26438	-29111	
-24665	-27664	-28704	
-26530	-29980	-26124	
-24557	-28760	-28018	
-25960	-29840	-26693	
-24748	-27484	-28744	
-24578	-27769	-28624	
-24827	-27429	-28818	
-24548	-27737	-28665	
-25962	-29833	-26563	
-24551	-28775	-28061	
-25236	-29319	-27470	
-24454	-27903	-28573	
-26810	-30332	-24647	
-24474	-28774	-28127	
-24438	-27957	-28567	
-25859	-29507	-27191	
-24426	-27959	-28586	
-24609	-28880	-27935	
-24447	-27896	-28647	
-25797	-25143	-29289	
-24653	-28939	-27913	
-24066	-28380	-28354	
-26559	-30036	-25861	
-24180	-28705	-28221	
-24788	-27458	-28779	
-25409	-26442	-29136	
-25645	-26134	-29141	
-25195	-29278	-27500	
-24798	-27387	-28858	
-25369	-26468	-29101	
-24592	-28885	-27960	
-25671	-29405	-27298	
-24507	-28940	-28037	
-24552	-28911	-27925	
-24630	-27636	-28746	
-24330	-27969	-28608	
-25723	-25714	-29248	
-25156	-27015	-28953	
-24374	-28235	-28477	
-24354	-28855	-28151	
-24032	-28551	-28241	
-24379	-28617	-28201	
-24475	-27872	-28701	
-24730	-27247	-28895	
-26677	-30061	-25687	
-24318	-27971	-28627	
-25278	-26616	-29165	
-24310	-28021	-28566	
-25596	-29403	-27305	
-24579	-27521	-28766	
-25134	-29317	-27502	
-25578	-29479	-27357	
-25169	-26721	-29022	
-26026	-29700	-26898	
-24358	-27945	-28662	
-24339	-28643	-28166	
-25953	-29718	-26759	
-24012	-28397	-28379	
-24404	-28675	-28132	
-24678	-27472	-28782	
-24541	-27539	-28801	
-26447	-30127	-26041	
-24439	-28800	-28074	
-25175	-27012	-28920	
-23949	-28453	-28315	
-26511	-30050	-25694	
-26805	-30204	-25615	
-23994	-28569	-28276	
-24034	-28371	-28367	
-26483	-30103	-25735	
-25071	-27070	-29030	
-25856	-29566	-27132	
-24366	-28678	-28132	
-24969	-29166	-27810	
-23917	-28444	-28328	
-23844	-28506	-28304	
-25788	-24771	-29373	
-24501	-27565	-28766	
-23830	-28416	-28398	
-25819	-29533	-27156	
-25598	-29595	-27192	
-24253	-27998	-28651	
-25401	-29375	-27420	
-25816	-29592	-27097	
-25573	-29488	-27323	
-24309	-28032	-28547	
-25757	-24282	-29401	
-25911	-29797	-26953	
-24228	-28236	-28601	
-23954	-28595	-28241	
-24399	-28826	-28039	
-24188	-28262	-28566	
-24470	-28958	-27939	
-26462	-30096	-25825	
-23820	-28419	-28346	
-24479	-27617	-28760	
-23779	-28524	-28322	
-24362	-27690	-28721	
-23745	-28471	-28475	
-25108	-29376	-27522	
-23902	-28372	-28549	
-25121	-26715	-29091	
-24693	-27253	-28923	
-25538	-29505	-27322	
-24181	-27709	-28711	
-25287	-29402	-27388	
-24235	-28019	-28573	
-24313	-28181	-28524	
-24937	-29069	-27837	
-26325	-29970	-26163	
-26501	-30183	-25660	
-24645	-27302	-28972	
-25359	-26098	-29142	
-26287	-29936	-26306	
-24496	-27437	-28804	
-25330	-26121	-29169	
-24273	-28207	-28489	
-25762	-26061	-29180	
-25038	-27108	-28972	
-24493	-27506	-28844	
-24467	-28966	-28002	
-24336	-27605	-28770	
-24100	-27913	-28765	
-24156	-28280	-28450	
-26737	-30267	-24995	
-25302	-26167	-29155	
-25673	-24303	-29435	
-23819	-28744	-28254	
-26688	-30277	-25576	
-25308	-29380	-27404	
-24174	-27693	-28716	
-25284	-29448	-27381	
-24167	-27642	-28792	
-25339	-26065	-29167	
-23645	-28594	-28324	
-24434	-29055	-27913	
-25233	-29378	-27411	
-25774	-29667	-27051	
-25105	-29422	-27515	
-25445	-29510	-27306	
-23862	-28381	-28382	
-24350	-29039	-27963	
-25638	-24869	-29545	
-24071	-28335	-28527	
-23860	-28374	-28420	
-25280	-26186	-29171	
-25391	-25973	-29216	
-24586	-29210	-27886	
-24728	-27122	-29012	
-25421	-29578	-27283	
-24844	-29074	-27821	
-26279	-29982	-26224	
-24063	-28778	-28182	
-25609	-25526	-29258	
-25275	-26058	-29223	
-24576	-27326	-28884	
-24127	-27668	-28757	
-25743	-24949	-29366	
-23133	-28594	-28327	
-22842	-28517	-28358	
-25702	-29606	-27117	
-25422	-25535	-29263	
-25417	-25648	-29304	
-24317	-28873	-28053	
-24545	-27350	-28919	
-26413	-30053	-26085	
-25266	-25907	-29245	
-24453	-27532	-28809	
-25012	-26737	-29042	
-24161	-28006	-28630	
-23528	-28667	-28285	
-24947	-29381	-27623	
-23933	-27667	-28850	
-24149	-28008	-28649	
-24505	-27386	-28952	
-25699	-29665	-27058	
-24032	-28081	-28610	
-25316	-26115	-29195	
-24314	-28881	-28116	
-24898	-26979	-29031	
-24965	-29610	-27458	
-25595	-29641	-27185	
-24885	-27023	-29086	
-26191	-30056	-26358	
-24006	-27428	-28904	
-23941	-27532	-28812	
-25849	-29852	-26591	
-24275	-28910	-28077	
-24596	-27389	-28857	
-23943	-28012	-28691	
-26235	-29995	-26146	
-23774	-28049	-28713	
-23771	-28967	-27977	
-23752	-29037	-27989	
-24367	-27389	-28871	
-23966	-27454	-28869	
-24060	-27939	-28730	
-26498	-30370	-24491	
-25377	-25674	-29269	
-25231	-26170	-29272	
-25846	-29911	-26532	
-24116	-29068	-27923	
-23789	-27722	-28774	
-23093	-28620	-28292	
-24400	-28957	-28015	
-25537	-25073	-29363	
-23662	-28843	-28180	
-25357	-25685	-29400	
-24197	-28954	-28077	
-25809	-29878	-26556	
-25064	-29511	-27298	
-25052	-29550	-27284	
-23779	-28770	-28219	
-23542	-28086	-28674	
-25013	-29554	-27320	
-25240	-25758	-29361	
-23606	-28991	-28053	
-24076	-29094	-27888	
-23766	-27707	-28790	
-25201	-26291	-29176	
-23662	-29157	-27890	
-23867	-27551	-28981	
-23595	-29136	-27915	
-25737	-29852	-26791	
-23646	-28965	-28088	
-23900	-29060	-27959	
-25716	-29918	-26609	
-25833	-29845	-26648	
-23502	-28112	-28639	
-25441	-29694	-27118	
-23319	-28730	-28272	
-26186	-30021	-26444	
-24830	-29454	-27584	
-25288	-29609	-27232	
-25199	-26295	-29198	
-24051	-28000	-28650	
-23414	-27763	-28838	
-23453	-28906	-28167	
-23493	-28880	-28202	
-25405	-29702	-26997	
-23489	-29064	-28014	
-26553	-30332	-24764	
-25535	-25191	-29414	
-25389	-29753	-26958	
-23665	-27679	-28802	
-23712	-29063	-27954	
-23577	-29212	-27967	
-23367	-28261	-28652	
-25378	-29803	-27041	
-24389	-29327	-27630	
-25520	-29639	-27192	
-23202	-28803	-28233	
-24315	-27207	-29006	
-25660	-29881	-26772	
-24949	-26680	-29125	
-26356	-30226	-25780	
-24304	-29382	-27707	
-23336	-28979	-28128	
-23379	-27789	-28785	
-22821	-28418	-28479	
-24021	-23177	-29983	
-24939	-26339	-29301	
-25243	-29697	-27233	
-22891	-29062	-28040	
-25221	-29597	-27236	
-24973	-29580	-27285	
-24268	-29224	-27860	
-26479	-30376	-24586	
-23780	-27582	-28964	
-24677	-26872	-29126	
-24753	-29478	-27563	
-25999	-29936	-26462	
-23239	-27938	-28816	
-23210	-28360	-28578	
-26468	-30340	-25493	
-25663	-29822	-26831	
-24899	-26365	-29266	
-24260	-29346	-27834	
-24949	-26233	-29260	
-25842	-30053	-26465	
-26477	-30320	-25327	
-25806	-29937	-26497	
-25495	-25217	-29379	
-24394	-29401	-27595	
-22851	-29088	-28005	
-24519	-30988	-23666	
-23205	-27639	-28855	
-23374	-27789	-28803	
-24847	-26521	-29191	
-25207	-29722	-27062	
-26372	-30125	-26048	
-25439	-25422	-29371	
-24126	-27286	-29022	
-22844	-27678	-28888	
-24183	-29393	-27613	
-25721	-29953	-26523	
-26676	-30295	-25122	
-26436	-30405	-24725	
-22412	-28926	-28132	
-25200	-25784	-29326	
-25601	-29885	-26853	
-24302	-27126	-29014	
-24713	-29504	-27528	
-26060	-30170	-26124	
-24925	-29636	-27423	
-24274	-27150	-29034	
-25201	-29699	-27104	
-25561	-30025	-26631	
-25086	-29796	-27159	
-24098	-29448	-27690	
-25190	-26113	-29300	
-23876	-27358	-28956	
-26197	-30300	-26026	
-25754	-29952	-26466	
-24178	-29393	-27631	
-25614	-29938	-26532	
-24306	-27025	-29108	
-22286	-28307	-28582	
-24297	-27027	-29038	
-25474	-29982	-26936	
-25572	-29921	-26570	
-25546	-29895	-26792	
-24260	-27144	-29060	
-22804	-27704	-28853	
-24699	-26618	-29187	
-24597	-26697	-29153	
-24112	-29323	-27864	
-25104	-29867	-27057	
-24479	-31014	-23631	
-24175	-27199	-29137	
-24596	-29577	-27489	
-25543	-29954	-26733	
-25705	-29959	-26497	
-23771	-29213	-27874	
-24856	-29653	-27246	
-25964	-30060	-26267	
-23537	-29238	-27932	
-24838	-29729	-27298	
-25684	-29971	-26486	
-25958	-30149	-26209	
-24072	-29349	-27829	
-24806	-26545	-29195	
-26407	-30349	-24988	
-26517	-30294	-25362	
-24454	-26928	-29112	
-22553	-27601	-28919	
-24544	-26722	-29128	
-24040	-29367	-27713	
-23566	-27372	-28996	
-24061	-29466	-27592	
-24415	-26920	-29251	
-24578	-29653	-27541	
-23955	-29422	-27790	
-24805	-26402	-29214	
-25433	-25479	-29345	
-23941	-29547	-27616	
-23420	-29311	-27893	
-25581	-30141	-26466	
-24058	-29474	-27655	
-24994	-29787	-27183	
-24213	-27048	-29072	
-26360	-30393	-25288	
-24782	-26438	-29227	
-24556	-26640	-29181	
-24375	-26946	-29216	
-25338	-29829	-27006	
-25107	-25861	-29362	
-25521	-24942	-29506	
-23536	-27352	-29000	
-24528	-26686	-29167	
-23819	-27236	-29025	
-24808	-29709	-27384	
-24874	-29709	-27197	
-24542	-26634	-29207	
-23149	-27308	-29013	
-23723	-27273	-29070	
-25839	-30112	-26406	
-23251	-29348	-27915	
-25506	-29921	-26757	
-22858	-27553	-29062	
-23047	-27356	-29046	
-25481	-24968	-29471	
-25080	-25940	-29309	
-25429	-24987	-29429	
-24502	-26660	-29172	
-25230	-29877	-26975	
-25398	-25016	-29417	
-23094	-29447	-27841	
-23017	-29494	-27620	
-25203	-29978	-27019	
-23052	-29468	-27673	
-23164	-27283	-29085	
-23012	-29494	-27638	
-26269	-30327	-25624	
-25316	-25178	-29460	
-24258	-27019	-29177	
-24522	-26382	-29236	
-24713	-29759	-27349	
-25022	-25902	-29323	
-25503	-29980	-26698	
-24496	-26402	-29228	
-22843	-29531	-27660	
-24838	-25991	-29320	
-24698	-29721	-27429	
-25276	-25204	-29425	
-25030	-29820	-27081	
-25249	-25243	-29425	
-26373	-30347	-25257	
-23587	-29579	-27570	
-24991	-29846	-27124	
-26296	-30466	-24694	
-24833	-26159	-29308	
-25146	-25448	-29419	
-25521	-30051	-26596	
-24807	-25989	-29329	
-23529	-29681	-27587	
-24681	-29828	-27224	
-23408	-27240	-29080	
-24755	-26087	-29355	
-25434	-30008	-26901	
-26279	-30396	-25165	
-24403	-26436	-29373	
-22726	-29604	-27621	
-25797	-30114	-26277	
-25221	-29902	-26967	
-25683	-30128	-26297	
-26239	-30422	-25130	
-25486	-24267	-29550	
-23306	-27209	-29087	
-23204	-27257	-29120	
-24673	-29785	-27314	
-24538	-29679	-27506	
-26315	-30315	-25563	
-25052	-25798	-29416	
-25478	-30202	-26510	
-25043	-25647	-29438	
-25976	-30238	-26068	
-24748	-26214	-29385	
-24231	-26668	-29305	
-24951	-29872	-27089	
-25918	-30175	-26174	
-25682	-30211	-26332	
-23851	-27031	-29171	
-25317	-30081	-26862	
-23253	-27170	-29235	
-25428	-30056	-26580	
-25959	-30192	-26124	
-23096	-27269	-29161	
-24837	-29886	-27109	
-24556	-29858	-27275	
-24541	-29820	-27355	
-24421	-29752	-27467	
-25404	-30124	-26557	
-25826	-30154	-26197	
-24412	-26243	-29348	
-24967	-25853	-29493	
-25034	-25241	-29448	
-25275	-25121	-29488	
-26211	-30435	-25203	
-25727	-30197	-26191	
-24834	-29945	-27050	
-26310	-30349	-25292	
-23497	-29699	-27471	
-24927	-25855	-29423	
-26128	-30529	-25527	
-23412	-29754	-27548	
-24550	-29960	-27165	
-25823	-30213	-26138	
-25003	-25253	-29445	
-23998	-26963	-29186	
-24997	-25523	-29456	
-25786	-30180	-26162	
-23334	-26966	-29181	
-23619	-29791	-27453	
-23366	-26948	-29297	
-23213	-27196	-29200	
-25420	-24457	-29558	
-24397	-29875	-27279	
-25578	-30187	-26459	
-25991	-30399	-25625	
-25982	-30482	-25736	
-25197	-30125	-26608	
-24114	-26741	-29266	
-25801	-30248	-26135	
-25705	-30234	-26151	
-25404	-24106	-29605	
-23672	-29830	-27305	
-26281	-30539	-24579	
-24654	-25904	-29443	
-25287	-24179	-29566	
-25105	-24965	-29514	
-24290	-29904	-27174	
-26081	-30383	-25576	
-26256	-30492	-24659	
-25020	-30063	-27000	
-23211	-29974	-27198	
-25101	-24971	-29558	
-25041	-30099	-26663	
-25027	-24996	-29493	
-23660	-26769	-29288	
-23887	-26643	-29354	
-23942	-26706	-29300	
-24494	-25989	-29486	
-24984	-25044	-29519	
-25236	-24205	-29612	
-25936	-30264	-26033	
-23372	-29780	-27513	
-23620	-26795	-29253	
-25512	-30235	-26186	
-25119	-24278	-29573	
-25885	-30311	-25766	
-25194	-30184	-26549	
-24795	-30161	-26764	
-24427	-30034	-27076	
-25503	-30185	-26466	
-25845	-30352	-25834	
-25001	-30125	-26628	
-25487	-30286	-26198	
-25060	-24431	-29559	
-25669	-30253	-26123	
-24413	-26024	-29403	
-25424	-30240	-26392	
-24785	-25067	-29590	
-25049	-24334	-29659	
-24887	-30139	-26648	
-24783	-25577	-29512	
-25666	-30312	-26064	
-25076	-30141	-26559	
-24377	-26062	-29447	
-24984	-30132	-26583	
-25037	-24481	-29587	
-23249	-27021	-29258	
-25832	-30398	-25865	
-25584	-30431	-26127	
-24337	-26088	-29412	
-24173	-29977	-27135	
-26139	-30565	-24620	
-24294	-26242	-29407	
-25819	-30337	-25994	
-24884	-30198	-26589	
-24340	-31070	-23766	
-25522	-30319	-26132	
-24681	-30175	-26784	
-23296	-26749	-29303	
-23241	-26686	-29357	
-24966	-24538	-29622	
-24151	-29982	-27079	
-24133	-30003	-27100	
-24561	-30199	-26815	
-25398	-30249	-26206	
-24102	-26257	-29388	
-24805	-25018	-29653	
-22372	-26696	-29307	
-25372	-30299	-26232	
-24097	-26284	-29392	
-24773	-25149	-29537	
-24961	-24687	-29642	
-24820	-30070	-26876	
-24310	-30107	-27037	
-25328	-30360	-26444	
-23689	-26342	-29382	
-24355	-30078	-26925	
-23469	-26527	-29363	
-24704	-25256	-29545	
-24259	-26158	-29462	
-24696	-30305	-26623	
-23479	-26383	-29377	
-23648	-26285	-29410	
-23394	-26438	-29454	
-25191	-30230	-26542	
-22997	-26456	-29393	
-24928	-24913	-29582	
-22127	-26483	-29374	
-25009	-24360	-29624	
-25257	-24092	-29611	
-24159	-26206	-29409	
-24294	-30218	-26867	
-25395	-30308	-26147	
-23772	-26162	-29422	
-24575	-25426	-29552	
-23651	-26239	-29417	
-24678	-30234	-26725	
-24707	-30201	-26562	
-25189	-24104	-29628	
-24270	-30133	-27002	
-26062	-30539	-24678	
-25037	-30283	-26475	
-25945	-30612	-24639	
-24281	-25599	-29603	
-26045	-30540	-25204	
-25029	-30318	-26488	
-24241	-25625	-29568	
-24668	-25140	-29551	
-24563	-25536	-29615	
-24840	-30239	-26489	
-24827	-30231	-26509	
-24193	-25810	-29501	
-25953	-30544	-24794	
-25143	-23901	-29655	
-24881	-24812	-29598	
-24658	-25246	-29592	
-25700	-30668	-24534	
-25943	-30580	-24676	
-24124	-25698	-29529	
-25829	-30457	-25806	
-24051	-26007	-29502	
-25886	-30615	-25036	
-23929	-26063	-29496	
-24871	-24828	-29645	
-24005	-25826	-29521	
-25792	-30424	-25830	
-23749	-26081	-29592	
-24404	-30298	-26741	
-23717	-26099	-29476	
-23332	-26239	-29470	
-23632	-26154	-29553	
-24638	-30260	-26690	
-25073	-23840	-29665	
-25051	-23901	-29688	
-23920	-25881	-29598	
-22767	-26313	-29480	
-23817	-30258	-26760	
-25740	-30642	-24569	
-25197	-30474	-26210	
-24952	-24536	-29664	
-23180	-26228	-29486	
-23888	-26006	-29524	
-23395	-30300	-26822	
-24943	-24130	-29674	
-24765	-25044	-29618	
-23856	-23212	-30079	
-25493	-30530	-25866	
-23834	-26026	-29515	
-25033	-30367	-26262	
-23789	-26055	-29627	
-25825	-30581	-25662	
-24656	-30331	-26588	
-24974	-30392	-26398	
-24912	-30391	-26449	
-22763	-26164	-29503	
-25332	-30580	-26018	
-22726	-26256	-29508	
-25789	-30483	-25771	
-23874	-26000	-29550	
-24539	-30404	-26549	
-25675	-30497	-25791	
-24086	-30311	-26591	
-24027	-30355	-26643	
-24963	-30458	-26283	
-23103	-30302	-26647	
-24492	-25093	-29638	
-24872	-30417	-26414	
-24313	-25474	-29677	
-25672	-30556	-25732	
-25813	-30599	-25208	
-24621	-24766	-29707	
-24566	-24941	-29661	
-24325	-30548	-26328	
-25612	-30600	-25319	
-24162	-30461	-26451	
-25495	-30673	-25280	
-25542	-30629	-24980	
-24960	-30517	-26224	
-23870	-25537	-29604	
-24557	-24790	-29683	
-22710	-26125	-29651	
-24504	-24839	-29668	
-24481	-24996	-29738	
-22670	-26151	-29616	
-24273	-25500	-29642	
-25450	-30595	-25555	
-24923	-30484	-26248	
-25308	-30622	-25332	
-23319	-25596	-29666	
-25218	-30604	-25347	
-25176	-30600	-25622	
-24034	-30471	-26359	
-25136	-30626	-25587	
-23234	-25651	-29743	
-25573	-30709	-24811	
-24920	-30543	-26189	
-25277	-30590	-25957	
-23117	-25724	-29704	
-23914	-30486	-26329	
-24168	-25047	-29688	
-24008	-25132	-29731	
-23077	-25750	-29669	
-25242	-30627	-25283	
-25178	-30630	-25312	
-22827	-26052	-29690	
-23891	-25205	-29692	
-24436	-24462	-29783	
-24967	-30678	-25857	
-25093	-30639	-25433	
-24118	-25034	-29689	
-24806	-30557	-26209	
-23711	-25223	-29788	
-25374	-30702	-25122	
-23351	-25471	-29740	
-25414	-30676	-25157	
-25059	-30671	-25310	
-25019	-30699	-25548	
-24803	-30616	-26150	
-25477	-30734	-24625	
-23836	-25142	-29746	
-23796	-25168	-29711	
-23751	-25197	-29823	
-25431	-30746	-24686	
-25437	-30760	-24590	
-24843	-30620	-25950	
-24319	-24535	-29744	
-25291	-30713	-24799	
-25290	-30703	-25210	
-24208	-30621	-26289	
-24480	-23695	-29802	
-24504	-30574	-26194	
-25260	-30716	-25142	
-24186	-24638	-29745	
-25257	-30775	-25083	
-24131	-24575	-29799	
-25239	-30686	-25224	
-25391	-30772	-24651	
-25061	-30703	-25273	
-24024	-24641	-29740	
-24006	-24656	-29841	
-23953	-25069	-29785	
-23797	-30559	-26290	
-24342	-24069	-29834	
-24091	-24601	-29764	
-24046	-24630	-29876	
-25107	-30691	-25212	
-24803	-30646	-25915	
-24210	-30617	-25991	
-24168	-30647	-26254	
-23868	-25124	-29862	
-25250	-30729	-25175	
-24964	-30737	-25798	
-24236	-24379	-29796	
-24093	-30690	-25952	
-25194	-30777	-25118	
-24135	-24283	-29798	
-24091	-24181	-29806	
-24924	-30763	-25763	
-24927	-30704	-25822	
-25174	-30786	-24760	
-23944	-24918	-29807	
-25141	-30807	-24685	
-25111	-30788	-24795	
-24935	-30799	-24856	
-25134	-30812	-24725	
-24917	-30813	-25043	
-24184	-23742	-29897	
-24810	-30777	-25783	
-24144	-23768	-29862	
-24164	-31084	-23312	
-24807	-30836	-25724	
-24954	-30887	-24721	
-24828	-30921	-24401	
-24746	-30850	-25189	
-22789	-25194	-29886	
-24590	-30865	-24980	
-24011	-23848	-29878	
-24006	-24236	-29883	
-23750	-23896	-29887	
-24290	-30877	-25394	
-24294	-30912	-25075	
-24451	-30893	-24969	
-23701	-24349	-29899	
-22967	-24700	-29900	
-23967	-31089	-23779	
-24813	-30912	-24414	
-23764	-30840	-25492	
-24614	-30981	-24417	
-23272	-24587	-29884	
-24520	-30917	-24714	
-23761	-30899	-25433	
-23538	-23784	-29985	
-23724	-30866	-25457	
-23084	-24627	-29939	
-23332	-23793	-30029	
-23215	-23866	-29990	
-23154	-24135	-29904	
-23150	-23872	-29913	
-24250	-30903	-25359	
-23914	-31119	-23346	
-24481	-30943	-24490	
-24372	-30948	-24606	
-24060	-30971	-25154	
-24357	-30939	-24619	
-23981	-23203	-29948	
-23739	-23285	-30040	
-23721	-30925	-25398	
-23699	-23311	-30005	
-24457	-30997	-23805	
-24124	-30987	-24368	
-23977	-30982	-24831	
-24124	-30990	-23853	
-24097	-31022	-24087	
-23924	-31010	-24125	
-23740	-30990	-24518	
-23700	-31016	-24483	
-23543	-31012	-24824	
-23662	-31022	-24408	
-24001	-31024	-24010	
-23807	-31083	-24086	
-23503	-31038	-24789	
-23450	-31130	-23449	
-23884	-31100	-23456	
