-44590	-29209	-30337	
-44565	-29896	-31322	
-44554	-30148	-30912	
-44546	-30397	-31017	
-44525	-31063	-31053	
-44512	-31120	-30660	
-44466	-31253	-30775	
-44441	-31630	-30736	
-44406	-31965	-31063	
-44549	-29890	-31343	
-44538	-30207	-31559	
-44351	-32148	-31439	
-44347	-32166	-30491	
-44513	-30829	-31918	
-44302	-32244	-30785	
-44271	-32286	-31690	
-44263	-32313	-31412	
-44258	-32610	-30948	
-44490	-30299	-32215	
-44186	-32629	-30280	
-44176	-32937	-31237	
-44433	-30933	-32315	
-44421	-30086	-32396	
-44140	-33090	-31197	
-44410	-30403	-32612	
-44100	-33274	-31616	
-44364	-29920	-32714	
-43947	-33370	-30350	
-44359	-30846	-32733	
-44335	-30835	-32855	
-43929	-33422	-31610	
-43926	-33433	-31103	
-43922	-33529	-31232	
-44326	-30463	-33030	
-43853	-33541	-30893	
-43852	-33610	-30879	
-43811	-33636	-30866	
-43779	-33652	-30639	
-43772	-33748	-31130	
-44255	-30973	-33106	
-44211	-31101	-33321	
-43746	-33825	-30517	
-43736	-33895	-31016	
-43713	-34023	-31046	
-44177	-30897	-33356	
-44125	-30109	-33582	
-43677	-34025	-30699	
-43649	-34078	-30540	
-43586	-34158	-30067	
-43563	-34306	-30218	
-44054	-30619	-33658	
-44013	-30627	-33665	
-43487	-34408	-31017	
-44008	-31553	-33684	
-43987	-30301	-33694	
-43983	-30314	-33720	
-43951	-31274	-33922	
-43482	-34487	-31011	
-43397	-34502	-32036	
-43365	-34542	-31744	
-43324	-34564	-30258	
-43311	-34635	-31005	
-43892	-30358	-33928	
-43886	-31659	-33933	
-43884	-30745	-34026	
-43308	-34646	-30498	
-43276	-34686	-30206	
-43858	-31052	-34106	
-43252	-34706	-31214	
-43247	-34785	-31208	
-43826	-30381	-34138	
-43199	-34834	-32166	
-43819	-30883	-34157	
-43811	-31132	-34262	
-43171	-34887	-32007	
-43120	-34891	-30021	
-43081	-35001	-31488	
-43762	-30851	-34275	
-43736	-31158	-34355	
-43049	-35041	-31196	
-43734	-30244	-34448	
-43008	-35043	-31248	
-43006	-35064	-31069	
-42977	-35183	-32152	
-43636	-31008	-34645	
-42931	-35284	-30660	
-42855	-35386	-31459	
-43482	-29891	-34654	
-43463	-30734	-34697	
-43423	-30282	-34720	
-43411	-30401	-34730	
-42742	-35408	-29761	
-43395	-31600	-34786	
-42701	-35436	-30616	
-42687	-35474	-30414	
-43395	-30315	-34811	
-42669	-35476	-30324	
-42660	-35500	-31237	
-43391	-31220	-34837	
-42643	-35509	-31399	
-43368	-30569	-34932	
-42630	-35560	-30988	
-42620	-35684	-31656	
-43297	-32364	-34983	
-43297	-31079	-35008	
-43190	-31816	-35041	
-42569	-35688	-29670	
-42510	-35690	-31808	
-42466	-35734	-30813	
-43190	-30531	-35066	
-42447	-35770	-31335	
-43161	-30801	-35071	
-43157	-30223	-35084	
-43157	-30065	-35116	
-42443	-35787	-30255	
-42415	-35810	-31043	
-43133	-29565	-35136	
-43118	-31471	-35152	
-42328	-35816	-31225	
-42323	-35850	-30429	
-43112	-31740	-35291	
-42301	-35851	-30482	
-42282	-35893	-31416	
-42280	-35935	-30365	
-42240	-35961	-31561	
-42234	-35976	-30805	
-43051	-31110	-35302	
-42208	-36001	-31269	
-43008	-31942	-35385	
-42137	-36025	-30307	
-42118	-36033	-30650	
-42115	-36052	-30034	
-42105	-36065	-30015	
-42947	-31312	-35396	
-42086	-36073	-30358	
-42029	-36102	-30192	
-42931	-31099	-35435	
-42011	-36133	-30310	
-42911	-31437	-35436	
-42870	-30469	-35446	
-42860	-29816	-35451	
-42857	-30547	-35455	
-41980	-36138	-30885	
-42837	-30450	-35521	
-41979	-36173	-30018	
-41951	-36226	-29859	
-42827	-31301	-35529	
-42807	-31639	-35530	
-42780	-31026	-35610	
-41922	-36259	-30592	
-41873	-36261	-30528	
-41863	-36385	-31196	
-42695	-31181	-35616	
-42683	-30831	-35872	
-41710	-36409	-30638	
-41687	-36462	-30080	
-41559	-36467	-30787	
-41526	-36473	-30559	
-41505	-36529	-31416	
-41411	-36534	-30583	
-41374	-36547	-30950	
-41353	-36553	-31629	
-41344	-36613	-30116	
-42510	-30557	-35924	
-42443	-30795	-35929	
-41326	-36630	-30339	
-42435	-30568	-35936	
-42382	-30165	-35940	
-42334	-30041	-35946	
-41315	-36646	-30849	
-42332	-29690	-35966	
-41258	-36663	-30180	
-42311	-30675	-36016	
-41171	-36671	-29616	
-41166	-36716	-31368	
-42299	-30576	-36056	
-44545	-30309	-31031	
-44541	-30314	-31267	
-41130	-36720	-31160	
-41105	-36725	-31447	
-41082	-36797	-29898	
-42261	-30334	-36059	
-42233	-30309	-36175	
-44516	-30691	-31228	
-41071	-36836	-30603	
-40961	-36842	-30755	
-44484	-31065	-31105	
-40904	-36843	-30410	
-40898	-36916	-31673	
-44452	-31105	-30813	
-44445	-31201	-31304	
-42131	-29988	-36219	
-44481	-30958	-31397	
-44441	-31210	-31974	
-44436	-31507	-31510	
-42059	-29941	-36281	
-40737	-36926	-30865	
-40731	-36929	-30089	
-40689	-36977	-30436	
-44476	-30875	-31647	
-44444	-30616	-32099	
-41886	-29667	-36333	
-40657	-37017	-30144	
-44401	-31768	-31349	
-44439	-30522	-32190	
-44310	-32150	-31491	
-40440	-37030	-30818	
-44413	-30510	-32320	
-44436	-31040	-32023	
-44408	-31374	-32230	
-41839	-29422	-36395	
-40420	-37050	-31007	
-44354	-31834	-31799	
-44398	-31661	-31641	
-44405	-31385	-31723	
-44404	-31454	-31709	
-40400	-37056	-29332	
-44292	-32223	-30937	
-40388	-37090	-30715	
-44402	-30671	-32327	
-44401	-30444	-32330	
-44394	-31027	-32426	
-44370	-31720	-32050	
-44278	-32190	-31199	
-44362	-30740	-32522	
-44386	-31420	-32113	
-40305	-37104	-31364	
-41797	-29461	-36417	
-44360	-30788	-32572	
-40245	-37128	-30329	
-44319	-31918	-31773	
-44230	-32539	-32095	
-41726	-29971	-36493	
-44274	-32189	-31230	
-40197	-37211	-29718	
-44377	-31048	-32288	
-44274	-31972	-32050	
-44347	-31190	-32347	
-44349	-30993	-32733	
-44226	-32557	-31147	
-44224	-32569	-31320	
-44314	-31721	-32059	
-44345	-31422	-32165	
-44331	-31181	-32403	
-44313	-31836	-31851	
-44336	-31284	-32291	
-44198	-32579	-31803	
-44310	-31434	-32082	
-44306	-31558	-32364	
-44305	-31760	-31895	
-44317	-31023	-32525	
-44327	-31260	-32419	
-44317	-31407	-32419	
-44317	-31033	-32441	
-44311	-31071	-32498	
-44303	-31249	-32541	
-44266	-31999	-31772	
-44300	-31563	-32181	
-44299	-31595	-32089	
-44263	-32108	-31708	
-44278	-31655	-32158	
-44262	-32125	-32409	
-44268	-30720	-32895	
-44291	-31250	-32598	
-44266	-31794	-32068	
-44266	-30768	-32945	
-44265	-31811	-32769	
-41722	-29762	-36520	
-44257	-32128	-31812	
-44292	-31400	-32486	
-44289	-31298	-32648	
-44241	-32211	-31720	
-44172	-32676	-31511	
-44259	-30696	-33023	
-44307	-30849	-32765	
-44283	-31028	-32661	
-44279	-31540	-32366	
-44276	-31483	-32394	
-44282	-31226	-32726	
-40085	-37217	-30133	
-44132	-32900	-31739	
-40000	-37246	-29792	
-41478	-29708	-36557	
-44247	-31364	-32816	
-44242	-31281	-33066	
-44170	-32632	-31644	
-44122	-31209	-33363	
-44118	-30473	-33408	
-39960	-37285	-30241	
-44109	-30195	-33445	
-41470	-28921	-36571	
-44230	-32165	-32117	
-44088	-30134	-33480	
-44202	-32140	-32233	
-44067	-30366	-33447	
-44184	-32151	-32551	
-44181	-32465	-32191	
-44233	-31851	-32477	
-44127	-32730	-31788	
-44216	-31737	-32865	
-41375	-28830	-36587	
-44207	-31921	-32422	
-44223	-31387	-32792	
-44176	-32544	-32238	
-44170	-32554	-31919	
-44104	-32845	-32184	
-44205	-31826	-32593	
-44177	-31771	-33038	
-44063	-30511	-33441	
-44113	-30777	-33375	
-39903	-37314	-30075	
-44167	-32172	-32413	
-44152	-32191	-32259	
-41254	-28980	-36698	
-44142	-32499	-32364	
-44135	-32546	-32290	
-44174	-32085	-32678	
-44194	-31122	-33183	
-44182	-31266	-33219	
-44087	-32914	-32207	
-44052	-30920	-33379	
-44047	-30983	-33484	
-44055	-32954	-31915	
-43740	-33788	-30838	
-44136	-32519	-32468	
-44027	-33007	-31756	
-43801	-33546	-31910	
-44171	-31791	-33142	
-43798	-33585	-31077	
-44168	-32105	-32782	
-39791	-37320	-30490	
-43993	-33040	-31792	
-43784	-33602	-31122	
-44197	-31749	-32776	
-39751	-37338	-30288	
-44154	-31241	-33335	
-44136	-32431	-32498	
-43948	-33110	-31860	
-44044	-30621	-33605	
-44032	-31347	-33584	
-44107	-32157	-32566	
-44091	-32485	-32775	
-44139	-32117	-32858	
-44120	-31387	-33315	
-44010	-33006	-31988	
-43549	-34122	-31608	
-43970	-31437	-33694	
-43919	-33228	-32103	
-43878	-33492	-31734	
-44040	-32683	-32498	
-43969	-31142	-33708	
-39675	-37341	-29886	
-44036	-31157	-33368	
-44088	-31801	-33001	
-39664	-37346	-29630	
-43546	-34133	-31101	
-44077	-32327	-32897	
-43961	-33008	-31924	
-43765	-33563	-31589	
-44116	-31587	-33155	
-43519	-34214	-30999	
-44059	-32525	-32483	
-44020	-31237	-33605	
-44043	-31767	-33308	
-43764	-33570	-31148	
-39655	-37355	-31466	
-43874	-33504	-32150	
-43758	-33590	-31252	
-43833	-33506	-32202	
-44070	-31899	-33103	
-43756	-33598	-31983	
-43751	-33677	-31226	
-43906	-33285	-31710	
-44032	-32710	-32220	
-39631	-37356	-29958	
-39607	-37375	-29464	
-43937	-32988	-32073	
-44013	-32692	-32348	
-43996	-32811	-32713	
-44019	-32852	-32214	
-43640	-34065	-30806	
-43497	-34284	-30349	
-44068	-31955	-33072	
-43879	-33335	-32213	
-43745	-33609	-31360	
-43710	-33679	-31278	
-43738	-33626	-31437	
-43707	-33820	-31454	
-43900	-33232	-31808	
-44103	-31729	-33149	
-44040	-32081	-32948	
-43733	-33656	-31440	
-44031	-32083	-33387	
-44026	-32525	-32620	
-43899	-32950	-32222	
-43951	-32814	-32417	
-43941	-32842	-32435	
-39604	-37399	-29409	
-43672	-34025	-31098	
-43898	-32988	-32272	
-43910	-32904	-32439	
-43705	-33868	-31504	
-44028	-32397	-33027	
-43892	-33002	-32541	
-43892	-33042	-32350	
-43700	-33972	-31257	
-43592	-34040	-31724	
-43722	-33613	-31836	
-44008	-32495	-32634	
-43882	-33111	-32463	
-43711	-33652	-32260	
-39575	-37415	-29172	
-44023	-32423	-32782	
-41011	-29039	-36699	
-43941	-32607	-32802	
-41008	-29387	-36740	
-43962	-32607	-32748	
-43962	-32107	-33090	
-43994	-31693	-33404	
-43954	-32500	-32777	
-43685	-33701	-31840	
-43910	-32816	-32469	
-43936	-32686	-32849	
-43945	-32176	-33113	
-43976	-31879	-33476	
-43624	-34000	-32016	
-43664	-33870	-31556	
-43651	-33910	-32041	
-43684	-33712	-31512	
-43914	-32475	-33007	
-43666	-33712	-32372	
-43944	-32293	-33162	
-43865	-33132	-32325	
-39560	-37475	-30701	
-43860	-33416	-32227	
-43628	-33963	-31483	
-43830	-33205	-33073	
-43865	-32870	-32746	
-43949	-31747	-33681	
-43653	-33720	-32184	
-43652	-33837	-32233	
-43896	-32573	-33109	
-43928	-32247	-33317	
-43869	-30992	-33998	
-43501	-34193	-31213	
-43864	-32987	-32795	
-43917	-32383	-33137	
-43914	-32697	-32777	
-43812	-33391	-33145	
-43907	-31275	-33729	
-43906	-31308	-33727	
-43837	-33077	-32770	
-43895	-32688	-32901	
-43892	-31522	-33701	
-43481	-34205	-31425	
-43911	-32022	-33490	
-43479	-34253	-31475	
-43842	-32625	-33094	
-43885	-32101	-33591	
-43625	-33927	-32208	
-43899	-32259	-33469	
-40937	-29434	-36748	
-43871	-32317	-33163	
-43867	-32299	-33177	
-43861	-32363	-33277	
-43481	-34158	-31614	
-43478	-34321	-31243	
-43854	-32512	-33449	
-40936	-29340	-36802	
-43834	-31662	-33965	
-43779	-33403	-32796	
-43716	-33483	-32323	
-43854	-32073	-33619	
-43442	-34337	-31261	
-43425	-34449	-32195	
-43848	-31855	-33642	
-43823	-32595	-33133	
-43881	-31685	-33688	
-43807	-31224	-34181	
-43876	-31729	-33766	
-43658	-31053	-34369	
-43820	-31869	-33654	
-43684	-33423	-32547	
-43822	-32552	-33157	
-43815	-31762	-33790	
-43683	-33544	-32440	
-43684	-33526	-32300	
-43809	-32039	-33926	
-43474	-34297	-31553	
-43807	-32675	-33370	
-39417	-37478	-30524	
-43798	-31502	-34074	
-43806	-32353	-33566	
-43508	-34068	-31639	
-39393	-37482	-30508	
-43500	-34084	-31759	
-43430	-34304	-31507	
-39385	-37518	-30232	
-43578	-34018	-31831	
-43473	-34165	-31657	
-43654	-33499	-32654	
-43470	-34166	-31701	
-43774	-32767	-33252	
-43468	-34081	-32112	
-43438	-34201	-31568	
-43727	-32245	-33583	
-43432	-34167	-31709	
-43428	-34234	-31846	
-43722	-32249	-33701	
-43644	-33633	-32410	
-43460	-34114	-31868	
-43541	-34010	-31875	
-43786	-31509	-34223	
-43643	-33755	-32499	
-43681	-33409	-32679	
-43271	-34610	-32039	
-43455	-34144	-31871	
-43795	-32368	-33534	
-43734	-32874	-33362	
-43739	-32369	-33543	
-43720	-32716	-33484	
-43754	-31835	-34015	
-43435	-34156	-32216	
-43626	-33592	-32697	
-43753	-32716	-33347	
-43556	-33938	-32023	
-43639	-33802	-32347	
-43473	-33968	-32156	
-43711	-32634	-33750	
-40897	-29035	-36868	
-43737	-31686	-34040	
-43652	-33460	-32689	
-43715	-33062	-33167	
-43616	-33845	-32474	
-43639	-33477	-32824	
-43704	-31572	-34041	
-43702	-32917	-33339	
-43673	-31580	-34078	
-43748	-31393	-34233	
-43708	-32079	-33781	
-43569	-33863	-32352	
-43601	-33823	-32644	
-39273	-37524	-30647	
-43528	-33865	-32404	
-43491	-33923	-32478	
-43686	-32156	-33895	
-43682	-31447	-34240	
-43696	-33220	-33182	
-43675	-31375	-34318	
-43463	-33949	-32192	
-43670	-32653	-34051	
-43663	-31626	-34192	
-43465	-34010	-32115	
-43682	-33062	-33304	
-43462	-34075	-32318	
-39271	-37554	-29597	
-43584	-33563	-32928	
-43705	-31977	-33943	
-43681	-32780	-33403	
-43698	-31905	-34021	
-43639	-31692	-34109	
-43681	-31857	-34039	
-43239	-34650	-31747	
-43679	-32960	-33466	
-43531	-33854	-32911	
-43598	-31242	-34482	
-43533	-33761	-32651	
-43529	-33859	-32467	
-43633	-31730	-34166	
-43222	-34761	-31287	
-43659	-31538	-34348	
-43548	-33579	-33034	
-43638	-32979	-33767	
-43616	-31763	-34070	
-43590	-33347	-33684	
-43457	-34035	-32509	
-43611	-31978	-34253	
-43211	-34703	-31588	
-43418	-30966	-34716	
-43553	-33535	-32956	
-43666	-33034	-33322	
-43631	-31594	-34220	
-43553	-33395	-32964	
-43559	-31353	-34433	
-43429	-34088	-32350	
-43610	-33035	-33331	
-43417	-34140	-32470	
-43209	-34710	-31498	
-43438	-33971	-32754	
-42705	-35392	-31590	
-43201	-34736	-31866	
-39176	-37579	-28995	
-43586	-31132	-34503	
-43593	-31718	-34329	
-43553	-31481	-34567	
-43543	-33409	-33083	
-43390	-34230	-32445	
-43539	-33545	-33407	
-43598	-32142	-34062	
-43592	-32136	-34268	
-43287	-34528	-31799	
-43521	-33669	-33009	
-43442	-31624	-34664	
-43558	-33387	-33392	
-43411	-34061	-32729	
-43543	-31554	-34489	
-43389	-34347	-32494	
-43542	-31774	-34374	
-43515	-31642	-34579	
-43472	-31203	-34625	
-43573	-32324	-34073	
-43443	-33686	-33051	
-43511	-33603	-33101	
-40716	-28821	-36916	
-43385	-34069	-32819	
-43555	-32510	-34145	
-43421	-33711	-33038	
-43537	-32222	-34372	
-43384	-34142	-32627	
-43533	-31580	-34456	
-43567	-32817	-33981	
-43202	-34619	-31817	
-43471	-33633	-33210	
-43421	-33933	-32808	
-39123	-37581	-30881	
-43404	-33775	-33021	
-43519	-32408	-34444	
-42895	-35202	-31040	
-39102	-37589	-29846	
-43461	-33654	-33162	
-43319	-34488	-32091	
-43488	-33564	-33187	
-42865	-35262	-30791	
-43347	-34415	-32639	
-43397	-33903	-32851	
-43473	-33594	-33660	
-43411	-31686	-34705	
-43375	-34208	-32615	
-43468	-31328	-34610	
-43397	-33850	-33181	
-43315	-34455	-32347	
-42987	-35059	-31484	
-43252	-34538	-32143	
-39096	-37624	-30332	
-43426	-33685	-33283	
-43376	-33987	-33085	
-43336	-31532	-34844	
-43399	-33775	-33258	
-43367	-34189	-32944	
-43320	-31730	-34913	
-43552	-32824	-33785	
-43232	-34465	-32206	
-43523	-32836	-33861	
-43209	-34494	-32243	
-43203	-34548	-32046	
-43506	-32850	-34005	
-43447	-31580	-34586	
-43475	-33204	-33778	
-43477	-31663	-34495	
-43516	-33015	-33704	
-43026	-34920	-31845	
-43467	-33025	-33823	
-43451	-31996	-34489	
-43525	-33387	-33529	
-43191	-34520	-32401	
-42998	-34973	-31686	
-43203	-34473	-32321	
-43461	-32957	-33957	
-43184	-34563	-32749	
-43441	-31999	-34650	
-43499	-32611	-34137	
-43512	-32830	-33901	
-43264	-34425	-32498	
-43335	-34229	-32652	
-42869	-35198	-31468	
-43257	-34195	-33096	
-43133	-30850	-35111	
-43256	-34221	-32675	
-43369	-33825	-33297	
-43164	-34610	-32376	
-42979	-34985	-31513	
-43489	-32590	-34289	
-43361	-33748	-33480	
-43498	-32672	-34023	
-43222	-34217	-32929	
-43210	-34326	-32656	
-43452	-32674	-34075	
-43203	-34405	-32734	
-42673	-35432	-31298	
-43439	-33102	-34077	
-43460	-33018	-33843	
-43456	-33362	-33793	
-43364	-33994	-33234	
-43323	-34025	-33111	
-43442	-33204	-33915	
-43161	-34616	-32191	
-43133	-34738	-32257	
-43379	-33779	-33183	
-43433	-32832	-34090	
-43295	-34054	-32980	
-43408	-32644	-34326	
-43190	-34260	-32906	
-40540	-28605	-36918	
-38984	-37630	-30747	
-43385	-32669	-34228	
-43294	-34171	-33029	
-43394	-32486	-34448	
-43391	-32384	-34610	
-40468	-28558	-36980	
-43129	-34702	-32341	
-43367	-32855	-34300	
-42989	-34891	-31952	
-43170	-34405	-32871	
-43336	-33939	-33679	
-38893	-37644	-30000	
-43288	-34141	-33037	
-43152	-34603	-32457	
-43284	-34105	-33121	
-43341	-33484	-33734	
-43427	-32486	-34311	
-43123	-34862	-32925	
-43378	-33286	-34043	
-43333	-32466	-34684	
-43263	-34054	-33216	
-43416	-32572	-34374	
-43171	-34203	-33340	
-43167	-34303	-33033	
-43350	-32901	-34191	
-43319	-33377	-33795	
-43305	-33382	-34033	
-43226	-34025	-33323	
-42846	-35299	-31685	
-43195	-34082	-34091	
-38852	-37653	-30144	
-43301	-33522	-33739	
-43314	-32624	-34699	
-43267	-33728	-33853	
-43348	-32949	-34241	
-43150	-34372	-33056	
-43399	-32461	-34427	
-43159	-34454	-32790	
-43157	-31508	-35059	
-43314	-33180	-34081	
-43306	-32964	-34094	
-43143	-34442	-33176	
-43136	-31175	-35070	
-43301	-33102	-34140	
-43290	-33685	-33726	
-42971	-34980	-32560	
-43385	-32114	-34623	
-43140	-34506	-32812	
-43205	-33958	-33423	
-38824	-37666	-30215	
-43147	-34381	-33238	
-43330	-32780	-34324	
-43311	-32938	-34339	
-43131	-34555	-32821	
-43263	-32970	-34220	
-43370	-33179	-34072	
-43294	-32678	-34623	
-43266	-33572	-34015	
-43262	-33092	-34309	
-42804	-35269	-31831	
-42434	-35774	-30521	
-42736	-35305	-31837	
-42731	-35311	-31591	
-42711	-35357	-32058	
-43282	-32682	-34360	
-43245	-33113	-34171	
-43239	-32831	-34466	
-43235	-33182	-34284	
-43260	-33216	-34049	
-38795	-37682	-29978	
-43234	-33318	-34332	
-43271	-33745	-33712	
-42960	-35018	-32166	
-43106	-34487	-32999	
-42927	-35096	-32755	
-43163	-34122	-33799	
-42636	-35425	-32217	
-42803	-35203	-31955	
-43127	-34331	-33555	
-42763	-35271	-31883	
-43230	-33747	-33764	
-43221	-33796	-33773	
-42743	-35297	-32053	
-43069	-34617	-33106	
-42796	-35212	-32288	
-43233	-33736	-34271	
-43228	-32888	-34344	
-43083	-34457	-33000	
-42791	-35218	-32042	
-43220	-33160	-34454	
-42764	-35252	-31996	
-42668	-35385	-32509	
-42302	-35824	-31464	
-43211	-32788	-34629	
-38792	-37708	-30124	
-43201	-33776	-33979	
-42886	-35098	-32807	
-42854	-35138	-32515	
-43115	-34417	-33292	
-43022	-34493	-33293	
-42950	-34948	-32604	
-40228	-28987	-36992	
-43008	-34719	-33019	
-43210	-33206	-34568	
-43049	-34422	-33549	
-43115	-31903	-35113	
-43000	-34564	-33477	
-43083	-34385	-33320	
-43236	-32548	-34949	
-42715	-35246	-32801	
-42607	-35437	-31785	
-42597	-35460	-32057	
-43100	-34205	-33595	
-42712	-35257	-32294	
-42942	-34793	-33062	
-42683	-35286	-32509	
-42972	-34617	-33318	
-42570	-35597	-32259	
-42728	-35150	-32295	
-43124	-32090	-35035	
-43204	-32874	-34665	
-40188	-28937	-36997	
-42965	-34750	-32935	
-42716	-35145	-32814	
-43068	-34139	-33984	
-42935	-34703	-33068	
-42906	-34641	-33092	
-43037	-34190	-33600	
-43022	-34168	-33770	
-42890	-34669	-33375	
-43172	-33552	-34388	
-43073	-34295	-33570	
-43151	-32580	-34800	
-40173	-29310	-37018	
-43145	-32811	-34839	
-43017	-34337	-33707	
-42118	-36025	-30762	
-43021	-34241	-33578	
-38744	-37717	-30591	
-42854	-34880	-32863	
-42870	-34693	-33491	
-42920	-34799	-32970	
-42851	-34904	-32808	
-42844	-34913	-33141	
-42840	-30764	-35454	
-42886	-34845	-32996	
-43156	-33242	-34582	
-42858	-34709	-33083	
-42852	-34747	-33140	
-43135	-32895	-34641	
-42782	-35104	-32990	
-42753	-35116	-32558	
-42812	-34953	-32849	
-43109	-32928	-34613	
-42381	-35721	-31360	
-43086	-32018	-35135	
-43091	-33282	-34427	
-42074	-36053	-30783	
-42719	-35132	-32720	
-42360	-35703	-31757	
-42855	-34807	-33055	
-38634	-37723	-30743	
-43103	-32948	-34717	
-42846	-34794	-33321	
-41960	-36172	-30943	
-42847	-34695	-33322	
-42995	-34181	-33744	
-42334	-35764	-31459	
-43079	-33058	-34679	
-43041	-33431	-34396	
-43049	-32101	-35047	
-42922	-34343	-33659	
-42990	-34211	-33747	
-42893	-34393	-33552	
-43046	-32185	-34986	
-42878	-34380	-33635	
-42985	-33458	-34651	
-42061	-36062	-30484	
-42988	-32285	-35013	
-43059	-33767	-34159	
-42879	-34581	-33543	
-43071	-33274	-34433	
-42326	-35787	-32013	
-42008	-36085	-31044	
-42538	-35637	-31967	
-42999	-33278	-34440	
-42858	-34246	-33982	
-43063	-31783	-35159	
-42876	-34267	-33768	
-42917	-34235	-33723	
-42833	-31332	-35450	
-38623	-37743	-30373	
-43022	-33808	-34143	
-42847	-34617	-33597	
-42880	-34248	-33724	
-42957	-32140	-35108	
-43037	-33582	-34338	
-42943	-32552	-35078	
-42999	-33928	-34158	
-43133	-32712	-34879	
-43005	-33130	-34707	
-42875	-34642	-33481	
-42999	-33150	-34811	
-40094	-28949	-37028	
-42867	-34328	-33716	
-42838	-34412	-33649	
-43051	-33740	-34216	
-42993	-33823	-34330	
-43019	-33783	-34193	
-42857	-34291	-33851	
-42833	-34437	-34181	
-42584	-35409	-32268	
-42801	-34817	-33411	
-42761	-34923	-33000	
-42756	-34974	-33010	
-42734	-34934	-33051	
-42776	-34851	-33148	
-42618	-35298	-33112	
-43118	-32635	-34925	
-42077	-36019	-30803	
-42768	-34823	-33183	
-42967	-33476	-34527	
-42572	-35404	-32399	
-42767	-34833	-33573	
-42805	-34487	-33753	
-42930	-33541	-34486	
-42927	-33643	-34378	
-42923	-31974	-35236	
-42711	-34977	-33178	
-42893	-32131	-35199	
-42735	-34873	-33281	
-42065	-36040	-31049	
-42902	-33834	-34577	
-42554	-35406	-32309	
-42518	-35414	-32755	
-42502	-35535	-32266	
-42836	-33859	-34188	
-42486	-35454	-32463	
-42931	-32178	-35081	
-42388	-35650	-31916	
-42942	-33988	-34092	
-42712	-35101	-33010	
-42881	-32581	-35099	
-40078	-29219	-37034	
-43047	-32782	-34894	
-42261	-35826	-31516	
-42688	-35118	-32956	
-42795	-34780	-33732	
-42924	-33579	-34543	
-42339	-35676	-32003	
-42589	-35305	-32515	
-42707	-35091	-33259	
-43013	-34086	-34036	
-42586	-35338	-32820	
-42886	-33035	-34960	
-42830	-33879	-34224	
-42675	-35131	-32967	
-42877	-32372	-35126	
-42944	-32946	-34824	
-42040	-36045	-31336	
-42253	-35795	-31526	
-42241	-35860	-31574	
-42625	-35173	-33538	
-42420	-35610	-32208	
-42479	-35494	-32765	
-42647	-35184	-32808	
-42890	-32920	-34857	
-42558	-35391	-32661	
-38591	-37783	-30081	
-42968	-33195	-34666	
-42335	-35681	-31929	
-42810	-33907	-34478	
-42331	-35683	-32260	
-42342	-35624	-32070	
-40070	-28432	-37048	
-42875	-32342	-35153	
-42824	-33853	-34261	
-42871	-33277	-34931	
-42232	-35806	-32019	
-42798	-33914	-34272	
-42797	-34332	-34211	
-42924	-33219	-34659	
-42671	-34939	-33289	
-42792	-32278	-35286	
-42872	-32859	-34992	
-42667	-34903	-33373	
-42458	-35507	-32304	
-42224	-35824	-31741	
-42333	-35635	-32210	
-42818	-31579	-35422	
-42817	-32147	-35155	
-42673	-34883	-33269	
-42058	-36014	-31218	
-42801	-34477	-33889	
-42770	-34206	-34251	
-42373	-35571	-32396	
-42207	-35833	-31903	
-42783	-32594	-35082	
-42787	-34602	-33750	
-42849	-33540	-34712	
-42200	-35846	-31727	
-42734	-32877	-35008	
-42782	-34635	-33904	
-42720	-31118	-35567	
-42764	-34226	-34355	
-41903	-36201	-30777	
-42662	-34900	-33526	
-42196	-35877	-31582	
-42656	-34952	-33292	
-42773	-32436	-35301	
-42138	-35998	-31289	
-42731	-32711	-35098	
-42179	-35886	-31744	
-42640	-34940	-33678	
-42126	-35984	-31659	
-41997	-36050	-31328	
-42856	-33580	-34624	
-41989	-36068	-31808	
-42370	-35503	-32514	
-41951	-36118	-31388	
-42319	-35704	-32506	
-42639	-34985	-33547	
-42330	-35594	-32269	
-42358	-35511	-33443	
-39894	-28216	-37050	
-42747	-32469	-35273	
-42782	-32158	-35408	
-42101	-35991	-32208	
-42172	-35899	-31568	
-41953	-36070	-31338	
-42833	-33623	-34751	
-42153	-35894	-31983	
-39850	-28895	-37065	
-42263	-35755	-32068	
-42670	-32600	-35231	
-42097	-36000	-31341	
-42658	-31350	-35750	
-42674	-31386	-35585	
-42181	-35841	-32142	
-42713	-32761	-35012	
-42787	-34466	-33967	
-42468	-35311	-33061	
-42709	-32815	-35093	
-41933	-36119	-31370	
-42760	-31679	-35449	
-41929	-36124	-31296	
-42436	-35351	-32769	
-42017	-36015	-31967	
-42421	-35414	-32967	
-41894	-36188	-31043	
-42213	-35801	-32434	
-41926	-36148	-31335	
-42451	-35332	-33025	
-42723	-33940	-34360	
-42820	-33421	-34753	
-42724	-31854	-35522	
-42745	-33742	-34806	
-42698	-33959	-34474	
-42706	-33079	-35046	
-42759	-34678	-34031	
-42644	-34879	-33740	
-42778	-34520	-34016	
-42103	-35965	-31809	
-42311	-35516	-32596	
-41993	-36026	-31821	
-42304	-35604	-32704	
-42256	-35784	-32033	
-42643	-32671	-35367	
-42806	-33729	-34593	
-42690	-33996	-34394	
-42593	-35213	-33246	
-42727	-34718	-33739	
-42689	-34757	-33823	
-42649	-31628	-35643	
-42697	-33308	-34819	
-42627	-34037	-34396	
-42715	-33062	-34948	
-42640	-32725	-35142	
-42409	-35434	-32841	
-42802	-33880	-34535	
-42653	-33971	-34627	
-42762	-32227	-35302	
-42679	-32322	-35338	
-42621	-33415	-34831	
-41678	-36449	-30346	
-42679	-32972	-35056	
-42628	-31910	-35472	
-42615	-34317	-34447	
-42554	-35250	-33384	
-42693	-33130	-34934	
-42390	-35471	-33735	
-42621	-32934	-35148	
-42611	-33378	-34834	
-39822	-28169	-37112	
-42660	-32931	-35083	
-42574	-33274	-34971	
-42538	-33290	-34880	
-42709	-34390	-34217	
-42745	-34520	-34153	
-42706	-34273	-34239	
-42525	-33649	-34839	
-42654	-33894	-34693	
-42517	-33344	-34856	
-42604	-32623	-35441	
-42400	-35347	-33067	
-42149	-35858	-32067	
-41932	-36113	-31803	
-42654	-34745	-33984	
-42612	-34915	-33794	
-42267	-35644	-32811	
-42658	-32429	-35396	
-42497	-33479	-34870	
-42374	-35488	-32866	
-42621	-32883	-35157	
-42609	-34204	-34454	
-42574	-34946	-33637	
-42649	-34280	-34218	
-42295	-35591	-32970	
-42555	-33130	-34997	
-42145	-35863	-31993	
-42320	-30194	-35961	
-42566	-35115	-33608	
-42563	-34041	-34478	
-42485	-33380	-34910	
-42605	-33017	-35187	
-41835	-36165	-32114	
-42587	-33473	-34815	
-42177	-35805	-32226	
-38455	-37796	-29487	
-42574	-33524	-34820	
-42636	-31786	-35529	
-42136	-35807	-32278	
-42628	-32974	-35060	
-42562	-32090	-35453	
-42610	-32984	-35088	
-42545	-31830	-35737	
-42584	-34574	-34231	
-42604	-34838	-33977	
-42556	-34206	-34485	
-42535	-33226	-35045	
-41864	-36132	-31381	
-42235	-35684	-32519	
-41833	-36236	-31562	
-42582	-35030	-33542	
-42585	-34497	-34297	
-42549	-34054	-34591	
-42497	-32075	-35499	
-42190	-35707	-32609	
-42480	-33372	-34954	
-42562	-32760	-35319	
-41855	-36119	-31647	
-41600	-36415	-30790	
-42518	-34973	-33892	
-42554	-31552	-35844	
-42536	-33038	-35163	
-42079	-35852	-32273	
-41591	-36427	-31079	
-42469	-33473	-34885	
-42209	-35765	-32518	
-42466	-33043	-35103	
-42448	-33155	-35150	
-42556	-34627	-34072	
-42498	-35053	-33615	
-42546	-34920	-34051	
-42461	-33530	-34969	
-41562	-36443	-30842	
-42493	-34991	-33653	
-42452	-31962	-35518	
-42446	-33332	-34984	
-42471	-33978	-34841	
-42075	-35804	-32284	
-42496	-32787	-35233	
-42184	-35670	-32930	
-42060	-35835	-33037	
-42529	-34078	-34707	
-42563	-33746	-34751	
-42452	-34993	-33705	
-42558	-33776	-34698	
-42602	-34893	-33796	
-42531	-35231	-33534	
-42552	-34900	-33947	
-42444	-33270	-35253	
-42506	-32271	-35444	
-42421	-31952	-35612	
-42510	-34818	-34350	
-42458	-32962	-35413	
-42485	-32155	-35448	
-42488	-34238	-34557	
-42174	-35732	-33038	
-42051	-35904	-32811	
-42431	-32349	-35493	
-42474	-32077	-35470	
-42450	-33631	-34900	
-41928	-36077	-31887	
-42426	-33288	-35129	
-41601	-36388	-31526	
-42412	-32230	-35505	
-42088	-35782	-33196	
-38404	-37810	-30077	
-42386	-33317	-35137	
-41801	-36276	-31270	
-42399	-32046	-35554	
-42361	-33487	-34990	
-42442	-34406	-34395	
-42216	-35630	-33222	
-41915	-36026	-32098	
-42348	-33490	-34994	
-42519	-34212	-34463	
-42344	-33454	-35015	
-42291	-35543	-32981	
-42494	-34218	-34453	
-42373	-35208	-33750	
-41911	-36086	-32049	
-41797	-36240	-31354	
-42229	-35542	-32995	
-41748	-36242	-31290	
-42393	-32277	-35593	
-42049	-35975	-32259	
-42420	-34176	-34564	
-41721	-36268	-32113	
-42217	-35557	-33414	
-42387	-33711	-34883	
-42367	-35191	-33993	
-42288	-33544	-34903	
-42370	-34325	-34533	
-42357	-34141	-34582	
-42285	-33644	-34956	
-42334	-33361	-35030	
-41594	-36403	-31134	
-41660	-36322	-31241	
-42337	-34544	-34402	
-41829	-36200	-31646	
-42356	-34167	-34655	
-42322	-33424	-35061	
-42010	-35906	-32863	
-42309	-34509	-34499	
-41990	-35925	-32325	
-41736	-36237	-31360	
-41885	-36094	-32288	
-41648	-36310	-31873	
-41680	-36270	-32165	
-42436	-34588	-34389	
-42493	-30922	-35855	
-41844	-36096	-32340	
-42382	-32378	-35524	
-42285	-33736	-34898	
-42318	-33732	-34859	
-41978	-35946	-32571	
-42304	-33511	-34976	
-42404	-30917	-35899	
-42351	-32414	-35471	
-42334	-31864	-35664	
-42301	-33472	-35143	
-41811	-36202	-31692	
-42270	-33675	-34986	
-42263	-33936	-34851	
-42308	-34266	-34601	
-42363	-31369	-35867	
-42298	-33486	-35070	
-41749	-36216	-31575	
-42260	-33632	-34993	
-42284	-32047	-35639	
-42226	-33964	-34949	
-42321	-32562	-35490	
-41965	-35955	-32272	
-42367	-34057	-34780	
-38295	-37844	-29470	
-42224	-33527	-35023	
-41621	-36353	-31324	
-41623	-36315	-32160	
-41872	-36043	-32499	
-42337	-34126	-34682	
-41558	-36433	-30851	
-42373	-32994	-35264	
-42282	-34212	-34786	
-42478	-34858	-34058	
-42222	-33535	-35081	
-42307	-34343	-34535	
-42246	-34278	-34569	
-42350	-34907	-34154	
-42198	-33573	-35061	
-42306	-31289	-35908	
-42297	-33043	-35275	
-42213	-34306	-34540	
-42222	-31946	-35690	
-42190	-34441	-34607	
-42202	-32422	-35610	
-42238	-32437	-35539	
-42299	-34472	-34502	
-42271	-32996	-35305	
-42370	-32279	-35564	
-42277	-32321	-35557	
-42241	-34447	-34506	
-42194	-33747	-35145	
-42298	-34078	-34756	
-42194	-33688	-35164	
-42250	-30859	-35982	
-42218	-32726	-35420	
-42158	-34397	-34624	
-42256	-30821	-35925	
-42372	-31556	-35789	
-42302	-31832	-35692	
-42343	-31715	-35764	
-42367	-34941	-34032	
-42203	-33141	-35258	
-42212	-33709	-34950	
-42222	-33025	-35336	
-42210	-32699	-35477	
-42197	-33179	-35315	
-42258	-32331	-35560	
-42220	-32003	-35645	
-42199	-32202	-35645	
-42097	-35676	-33112	
-42286	-33979	-34796	
-42125	-34350	-34749	
-42163	-32454	-35539	
-42177	-33425	-35179	
-42331	-35089	-34292	
-41585	-36390	-31400	
-41549	-36413	-31221	
-42262	-34555	-34414	
-42197	-32054	-35736	
-42220	-33992	-34843	
-42101	-32469	-35523	
-42224	-31356	-35954	
-42258	-32995	-35349	
-42211	-34007	-34861	
-42094	-32818	-35497	
-42194	-34539	-34455	
-42269	-34689	-34355	
-42112	-33334	-35321	
-42151	-34595	-34447	
-42058	-34150	-34812	
-42076	-32522	-35553	
-42208	-31924	-35752	
-42146	-34674	-34434	
-42123	-32796	-35470	
-42297	-31567	-35801	
-42096	-33804	-34992	
-42133	-31851	-35900	
-42148	-35568	-33229	
-42339	-35244	-33834	
-42052	-35680	-33495	
-41713	-36113	-32571	
-41971	-35920	-32740	
-42121	-34462	-34583	
-42070	-32880	-35506	
-42025	-34126	-34909	
-41840	-35953	-32870	
-39542	-28548	-37129	
-42118	-32148	-35784	
-42142	-34610	-34465	
-42109	-33356	-35210	
-42172	-33232	-35345	
-41887	-35921	-32716	
-41839	-36054	-32857	
-41205	-36647	-31017	
-42106	-34585	-34566	
-42045	-32593	-35534	
-41708	-36217	-32324	
-42138	-32386	-35611	
-41594	-36322	-31563	
-42085	-33458	-35210	
-42137	-32214	-35613	
-42043	-33806	-35023	
-42098	-32978	-35372	
-42120	-32884	-35430	
-42037	-33826	-35127	
-42106	-32317	-35626	
-42044	-33968	-34894	
-42097	-33006	-35466	
-41591	-36355	-31868	
-42194	-35317	-33802	
-42182	-30797	-35989	
-42034	-33848	-35016	
-42045	-32501	-35592	
-42060	-33089	-35378	
-42120	-34743	-34444	
-42094	-32218	-35666	
-42146	-30693	-35990	
-42106	-31238	-35980	
-42068	-33416	-35225	
-42208	-35475	-33680	
-42079	-31004	-36041	
-41982	-33909	-34962	
-42021	-34429	-34688	
-42109	-35526	-33500	
-42001	-32764	-35510	
-42048	-32237	-35639	
-42226	-30469	-36061	
-42006	-35216	-33919	
-41836	-36065	-32350	
-41994	-32765	-35609	
-42035	-32550	-35541	
-42138	-30401	-36068	
-42037	-32401	-35644	
-41073	-36743	-30343	
-42070	-33472	-35192	
-41807	-36094	-32565	
-42203	-30614	-36044	
-41952	-33858	-34978	
-42058	-33373	-35232	
-42021	-33473	-35197	
-41894	-34028	-35017	
-42017	-33588	-35300	
-42122	-30671	-36155	
-42056	-34167	-34807	
-42005	-34732	-34653	
-42050	-33346	-35289	
-42070	-32324	-35618	
-42047	-34272	-34752	
-42003	-35880	-33032	
-42019	-32246	-35731	
-41949	-35303	-33910	
-42018	-34120	-34925	
-42032	-34278	-34803	
-41531	-36385	-31546	
-42031	-35248	-33832	
-41475	-36396	-31552	
-42005	-34152	-34843	
-42042	-33069	-35422	
-41956	-33291	-35472	
-42026	-35327	-33819	
-42120	-35105	-33996	
-42064	-35114	-34096	
-41994	-35501	-33547	
-41507	-36356	-31844	
-42001	-32296	-35674	
-41497	-36374	-31874	
-42085	-34858	-34400	
-41470	-36444	-31757	
-41937	-34308	-34889	
-42029	-35400	-33753	
-42090	-34960	-34297	
-42023	-35743	-33286	
-41989	-35182	-34041	
-41294	-36578	-31475	
-41908	-33830	-35029	
-41988	-32526	-35663	
-41946	-34621	-34691	
-41893	-33856	-35019	
-41887	-33894	-35076	
-41940	-34351	-34704	
-41915	-34352	-34702	
-41950	-35507	-33556	
-41874	-34364	-34751	
-41984	-35205	-34092	
-41950	-35785	-33046	
-41935	-35513	-33607	
-42001	-34303	-34785	
-41963	-35461	-33788	
-41831	-35899	-33315	
-41813	-34563	-34821	
-41692	-36120	-32553	
-41927	-35542	-33573	
-41931	-35244	-33984	
-41643	-36178	-32414	
-41988	-32776	-35512	
-41941	-33594	-35165	
-42083	-34808	-34403	
-42132	-31369	-35916	
-41906	-32257	-35702	
-41862	-34082	-35010	
-41918	-33637	-35292	
-42032	-34860	-34431	
-42086	-31891	-35819	
-42028	-35012	-34395	
-41957	-32873	-35533	
-42024	-31621	-35946	
-41857	-32365	-35686	
-41911	-32324	-35668	
-41880	-34336	-34857	
-42073	-31246	-36078	
-41884	-32978	-35606	
-41927	-35358	-34065	
-41237	-36607	-31309	
-41848	-34060	-35072	
-41811	-35551	-33500	
-41872	-32068	-35802	
-41799	-35939	-33023	
-41808	-35550	-33513	
-41863	-33340	-35364	
-41828	-32331	-35720	
-41809	-33407	-35338	
-41995	-35725	-33490	
-41859	-35521	-33613	
-41849	-34240	-34896	
-41807	-35665	-33581	
-41996	-34755	-34461	
-41900	-33736	-35190	
-42058	-35105	-34129	
-41812	-35506	-33631	
-41966	-32595	-35640	
-41392	-36450	-31645	
-41786	-34131	-35021	
-41977	-34785	-34494	
-41783	-34418	-35122	
-41840	-32517	-35673	
-41892	-35769	-33299	
-39470	-29728	-37203	
-41796	-33938	-35284	
-41720	-36067	-32712	
-41886	-35378	-33910	
-41382	-36455	-32065	
-41510	-36317	-32172	
-41784	-35481	-33747	
-41823	-35144	-34102	
-41633	-36129	-32500	
-41835	-32209	-35779	
-41555	-36253	-32167	
-41478	-36357	-31880	
-41754	-35494	-33659	
-41891	-35206	-34095	
-41542	-36245	-32324	
-41800	-35139	-34170	
-41842	-32087	-35886	
-41800	-33823	-35181	
-41471	-36339	-32373	
-42072	-30203	-36218	
-41806	-32509	-35709	
-42002	-31440	-36074	
-41760	-35792	-33616	
-41615	-36160	-32618	
-41868	-35101	-34199	
-41810	-33046	-35499	
-41886	-33714	-35252	
-41672	-36115	-32623	
-41885	-35385	-34038	
-41845	-34821	-34457	
-41873	-31863	-35959	
-41797	-33520	-35345	
-41742	-35622	-33736	
-41857	-32852	-35646	
-41870	-31885	-35848	
-41879	-35400	-33857	
-38035	-37855	-29680	
-41693	-35946	-32907	
-41812	-32304	-35739	
-41875	-34768	-34660	
-41583	-36200	-32326	
-41570	-36192	-32483	
-41685	-35952	-33046	
-41771	-35992	-32864	
-41739	-35230	-34308	
-41410	-36402	-32224	
-41756	-35140	-34184	
-41754	-33303	-35398	
-42042	-30895	-36084	
-41857	-35438	-33879	
-41671	-35988	-33119	
-41751	-33378	-35374	
-42014	-31578	-35953	
-41844	-34813	-34515	
-41453	-36346	-32006	
-41787	-32223	-35808	
-41774	-32697	-35654	
-41963	-34881	-34407	
-41538	-36250	-32250	
-41665	-36089	-32792	
-41783	-34997	-34481	
-41783	-32419	-35761	
-41906	-30730	-36093	
-41795	-35747	-33345	
-41809	-33220	-35563	
-41553	-36202	-32375	
-41501	-36263	-32617	
-41800	-34406	-34831	
-41724	-32533	-35814	
-41735	-33461	-35413	
-41711	-32704	-35658	
-41836	-32098	-35789	
-41936	-31687	-35914	
-41787	-34883	-34400	
-41685	-32599	-35680	
-41772	-32520	-35692	
-41512	-36204	-32427	
-41895	-30892	-36132	
-41777	-35464	-33869	
-41753	-35124	-34188	
-41771	-35778	-33498	
-41724	-35466	-33900	
-42047	-30445	-36276	
-41718	-35486	-34004	
-41583	-36094	-32866	
-41806	-35442	-33795	
-41669	-34811	-34582	
-41550	-36100	-32638	
-41782	-35441	-33818	
-41636	-35991	-32902	
-41755	-35050	-34322	
-41635	-36023	-32872	
-41714	-33530	-35317	
-41768	-32270	-35896	
-41720	-35038	-34483	
-41996	-31451	-35977	
-41718	-35494	-33794	
-41659	-35104	-34561	
-41921	-31693	-35934	
-41510	-36136	-32626	
-41682	-35384	-34303	
-41709	-33702	-35325	
-41808	-34627	-34704	
-41530	-36095	-32708	
-41946	-31516	-35960	
-41480	-36196	-32717	
-41616	-36018	-33287	
-41190	-36627	-31611	
-41776	-35404	-33930	
-41920	-31823	-36040	
-41505	-36178	-32596	
-41690	-35539	-33845	
-41679	-32635	-35673	
-41676	-32739	-35735	
-41671	-33296	-35419	
-41715	-34573	-34717	
-41344	-36505	-31645	
-41659	-33610	-35464	
-41731	-32283	-35830	
-41634	-34834	-34763	
-41747	-35060	-34352	
-41641	-34588	-34737	
-41337	-36463	-31678	
-41734	-33649	-35295	
-41748	-34477	-34841	
-41687	-33708	-35330	
-41892	-30605	-36222	
-41893	-31210	-36120	
-41671	-33960	-35208	
-41321	-36464	-32144	
-41289	-36504	-31852	
-41577	-36057	-33187	
-41726	-35816	-33337	
-41169	-36640	-31150	
-41712	-35489	-33872	
-41463	-36217	-32874	
-41649	-34054	-35150	
-41728	-34501	-34957	
-37988	-37860	-29784	
-41665	-35084	-34457	
-41817	-31987	-35970	
-41607	-35556	-33825	
-41703	-35797	-33487	
-41607	-35629	-33727	
-41021	-36749	-31206	
-41686	-32879	-35634	
-41558	-33290	-35501	
-41773	-33115	-35593	
-41598	-35801	-33491	
-41608	-32917	-35708	
-41830	-29700	-36288	
-41850	-30779	-36151	
-41598	-35735	-33811	
-41586	-35885	-33423	
-41672	-33130	-35626	
-41817	-29927	-36285	
-41591	-34680	-34797	
-41799	-30182	-36340	
-41610	-34144	-35174	
-41590	-35646	-33949	
-41555	-33812	-35558	
-41500	-36059	-32971	
-41555	-34590	-34905	
-41623	-33664	-35336	
-41831	-31031	-36196	
-41572	-34850	-34621	
-41631	-35157	-34402	
-41361	-36318	-32490	
-41458	-36103	-33077	
-41610	-33663	-35380	
-41285	-36524	-31920	
-41611	-32653	-35755	
-41712	-35477	-34037	
-40993	-36802	-31047	
-41467	-34935	-34729	
-37821	-37896	-30461	
-41621	-34094	-35123	
-41253	-36564	-31628	
-41572	-34009	-35200	
-41673	-32291	-35826	
-41649	-32307	-35935	
-41561	-32957	-35627	
-41541	-33078	-35661	
-41569	-35902	-33645	
-41760	-32170	-35948	
-41620	-32375	-35862	
-41341	-36352	-32421	
-41577	-35411	-34126	
-41445	-34627	-34882	
-41209	-36541	-31744	
-41592	-32564	-35778	
-41585	-33957	-35257	
-41905	-29995	-36278	
-41562	-33134	-35566	
-41499	-35193	-34365	
-41533	-33169	-35691	
-41419	-34274	-35206	
-41535	-34155	-35186	
-41796	-31015	-36382	
-41286	-36382	-32589	
-41581	-32801	-35774	
-41578	-35984	-33379	
-41390	-34076	-35219	
-41400	-33958	-35212	
-41443	-36104	-32966	
-41813	-31275	-36098	
-41430	-36156	-32918	
-41552	-33840	-35288	
-41522	-35473	-34107	
-41344	-36299	-32515	
-41440	-32519	-35816	
-41450	-34310	-35192	
-41500	-33895	-35393	
-41578	-35796	-33561	
-41412	-34656	-35012	
-41494	-33182	-35569	
-41415	-32419	-35900	
-41171	-36569	-31702	
-41421	-36262	-33002	
-41503	-35655	-34245	
-41363	-34074	-35233	
-41569	-34748	-34783	
-41747	-31549	-36092	
-41438	-33242	-35591	
-41203	-36529	-31994	
-41673	-31142	-36165	
-41452	-32641	-35810	
-41374	-35445	-34411	
-41601	-34422	-35067	
-41463	-35091	-34664	
-41485	-35139	-34421	
-41497	-34501	-35006	
-41536	-34549	-34932	
-41408	-32527	-35826	
-41277	-34036	-35244	
-41357	-34820	-34874	
-41254	-36422	-32297	
-41481	-35170	-34409	
-41486	-32924	-35753	
-41600	-31872	-36004	
-41288	-35206	-34671	
-41421	-33448	-35586	
-41162	-36680	-31452	
-41692	-31222	-36103	
-41170	-36535	-31766	
-41133	-36548	-32133	
-41246	-34000	-35258	
-41360	-32541	-35855	
-41672	-31560	-36104	
-41280	-33948	-35284	
-41125	-36613	-31724	
-41540	-35750	-33818	
-41346	-33433	-35640	
-41404	-33908	-35297	
-41672	-31244	-36184	
-41227	-34032	-35320	
-41200	-36481	-32822	
-41559	-32335	-35929	
-41291	-36315	-32510	
-41248	-36348	-32681	
-41587	-31896	-36000	
-41708	-31665	-36074	
-41541	-35955	-33486	
-41433	-36068	-33240	
-41114	-36655	-32370	
-41366	-32702	-35826	
-41539	-35757	-33946	
-41644	-31462	-36238	
-41518	-32255	-35970	
-41425	-32370	-35951	
-41512	-31907	-36012	
-41548	-35651	-33862	
-41459	-33102	-35766	
-41189	-34154	-35253	
-41484	-32109	-36050	
-41511	-35810	-33787	
-41361	-36105	-33196	
-41202	-36388	-32562	
-41291	-36128	-33179	
-41197	-36492	-32315	
-41178	-34513	-35131	
-41360	-32875	-35805	
-41305	-32740	-35876	
-41212	-33909	-35344	
-41409	-35991	-33449	
-41320	-34885	-34833	
-41092	-34279	-35269	
-41332	-32866	-35836	
-41682	-31701	-36051	
-41159	-33970	-35327	
-41239	-36266	-32947	
-41269	-36242	-33065	
-41161	-34666	-34941	
-41381	-36044	-33290	
-41281	-36092	-33453	
-41237	-36282	-32773	
-41152	-33985	-35367	
-41119	-34711	-35069	
-41321	-32657	-35837	
-41393	-34962	-34705	
-41578	-31709	-36078	
-41086	-34166	-35276	
-41226	-35259	-34471	
-41259	-33197	-35681	
-41082	-36695	-32078	
-40969	-34086	-35298	
-40935	-36756	-31293	
-41239	-34329	-35165	
-41304	-32601	-35877	
-41296	-35940	-33572	
-41273	-32453	-35907	
-41373	-35889	-33748	
-41209	-36342	-32703	
-41181	-33235	-35755	
-41571	-31575	-36137	
-41373	-33816	-35503	
-41109	-34904	-34806	
-41350	-35018	-34697	
-41467	-31846	-36065	
-41269	-33895	-35442	
-41199	-34389	-35182	
-41556	-31679	-36124	
-41351	-32708	-35821	
-41249	-36132	-33161	
-41223	-32475	-35882	
-41343	-32394	-36056	
-40938	-36732	-31254	
-41021	-34827	-34897	
-41240	-36193	-33139	
-41307	-33549	-35622	
-40919	-34005	-35321	
-40900	-34163	-35336	
-41172	-33513	-35648	
-41222	-32625	-35982	
-41099	-34947	-34748	
-41087	-33899	-35387	
-41417	-32270	-36003	
-40995	-33903	-35411	
-40918	-33955	-35474	
-41311	-33158	-35731	
-40950	-34103	-35286	
-41293	-32887	-35828	
-41134	-33275	-35674	
-41042	-34975	-34779	
-41221	-35282	-34522	
-41189	-33089	-35922	
-41350	-31745	-36078	
-41202	-35959	-33578	
-41288	-35785	-34030	
-40878	-34013	-35357	
-40979	-34757	-34900	
-40938	-34114	-35283	
-41201	-35966	-33706	
-40968	-34829	-34928	
-41209	-36121	-33248	
-41343	-35744	-34049	
-41043	-33897	-35425	
-40985	-35129	-34774	
-41337	-31687	-36102	
-41173	-36019	-33547	
-41336	-31794	-36100	
-41115	-34282	-35201	
-41052	-33342	-35720	
-41178	-35291	-34478	
-41151	-36291	-33030	
-40838	-34041	-35374	
-41025	-34350	-35242	
-41146	-34839	-34847	
-41275	-35049	-34681	
-41122	-34412	-35133	
-41201	-36187	-33161	
-40968	-34504	-35237	
-41041	-36697	-32130	
-41177	-35298	-34606	
-41376	-31973	-36057	
-40854	-33989	-35358	
-40929	-36719	-31520	
-41192	-35449	-34356	
-40819	-34199	-35389	
-41071	-36161	-33367	
-41149	-35351	-34447	
-41260	-35838	-33871	
-41040	-34925	-34782	
-41328	-31833	-36152	
-40962	-34849	-35032	
-41139	-35511	-34329	
-41076	-34234	-35275	
-41109	-34874	-34842	
-40897	-34976	-34897	
-41125	-33553	-35567	
-41181	-36107	-33296	
-41259	-31852	-36066	
-40978	-33583	-35570	
-41113	-34598	-35076	
-40881	-34268	-35278	
-41245	-31878	-36151	
-40880	-34301	-35294	
-40934	-34902	-34873	
-41462	-31466	-36183	
-41386	-31593	-36145	
-41060	-34600	-35107	
-41311	-31835	-36102	
-41053	-33551	-35570	
-40806	-34042	-35399	
-40979	-33552	-35577	
-41242	-31894	-36168	
-41015	-33494	-35655	
-41123	-36344	-32871	
-40971	-33783	-35618	
-41099	-36108	-33526	
-41225	-32016	-36076	
-41144	-36225	-33067	
-40910	-36715	-31664	
-41071	-36200	-33209	
-41463	-31625	-36137	
-41041	-35337	-34481	
-40969	-33344	-35673	
-40803	-33969	-35481	
-41359	-31467	-36185	
-41128	-35874	-33834	
-40875	-33754	-35671	
-41066	-36223	-33260	
-40790	-34035	-35401	
-40769	-34133	-35491	
-41145	-36005	-33595	
-40894	-34425	-35268	
-40828	-33921	-35496	
-41136	-36020	-33613	
-41307	-31581	-36154	
-41120	-36032	-33479	
-40619	-36935	-30504	
-40999	-35364	-34454	
-41054	-36373	-32872	
-40939	-34572	-35164	
-41245	-31562	-36231	
-41029	-36345	-32875	
-40930	-34850	-35057	
-40993	-36324	-32876	
-41717	-30249	-36386	
-40989	-36334	-32962	
-41230	-35671	-34082	
-40739	-34216	-35319	
-40803	-35034	-34812	
-40848	-33628	-35711	
-40561	-37004	-31036	
-40989	-33111	-35790	
-41283	-32284	-36057	
-40947	-35435	-34464	
-41010	-35301	-34495	
-41108	-35840	-33994	
-41186	-35916	-33744	
-41116	-36064	-33542	
-40930	-33298	-35766	
-41510	-31098	-36266	
-41689	-30054	-36405	
-40919	-35626	-34305	
-40834	-35395	-34489	
-41208	-32058	-36178	
-40961	-36492	-32481	
-40734	-34243	-35468	
-40600	-36941	-31014	
-41017	-36281	-33121	
-40806	-35400	-34716	
-40828	-34627	-35072	
-41052	-35705	-34184	
-40890	-35648	-34379	
-41016	-33237	-35750	
-41058	-35944	-33863	
-40995	-33342	-35736	
-41043	-36253	-33050	
-40811	-34737	-35157	
-40770	-33945	-35578	
-40858	-34928	-34971	
-40903	-33172	-35806	
-40937	-36511	-32416	
-40593	-36964	-31328	
-40715	-34401	-35483	
-40983	-35173	-34717	
-40993	-36029	-33808	
-41560	-30230	-36393	
-40853	-35209	-34724	
-40806	-34357	-35275	
-41471	-31188	-36290	
-40773	-35083	-34977	
-41187	-32350	-36073	
-41066	-35845	-33907	
-40868	-36783	-31809	
-41052	-32689	-35999	
-41091	-32573	-36017	
-41009	-36268	-33255	
-41029	-36131	-33509	
-40986	-36298	-33045	
-41001	-36184	-33350	
-40901	-36527	-32581	
-41548	-30752	-36446	
-40999	-35752	-34052	
-40757	-34523	-35210	
-40905	-35799	-34129	
-40842	-35502	-34417	
-40761	-33206	-35813	
-40911	-36592	-32415	
-40981	-36321	-33096	
-40953	-36337	-32939	
-40808	-33369	-35732	
-40973	-36166	-33554	
-40948	-36350	-32963	
-40475	-37006	-31204	
-40870	-35897	-33947	
-40599	-34535	-35187	
-40930	-35175	-34748	
-40932	-36358	-33569	
-41051	-35966	-33810	
-41415	-31221	-36245	
-41088	-32187	-36154	
-40721	-33363	-35799	
-40775	-33458	-35712	
-41048	-32705	-35990	
-40588	-34585	-35238	
-40702	-33480	-35723	
-40981	-36179	-33420	
-40817	-33091	-35839	
-40815	-33149	-35849	
-40832	-35465	-34420	
-40952	-36238	-33367	
-40914	-36188	-33689	
-41156	-35771	-34045	
-40826	-35456	-34453	
-41197	-31781	-36187	
-41394	-31447	-36312	
-40988	-32737	-35947	
-40588	-34459	-35285	
-40789	-33787	-35563	
-40790	-35416	-34471	
-40997	-36418	-32867	
-40675	-35199	-34805	
-40944	-36337	-33323	
-40724	-34123	-35590	
-40761	-35438	-34545	
-40890	-36383	-32939	
-40645	-33555	-35859	
-40910	-35843	-33936	
-40941	-32826	-35986	
-40646	-35489	-34520	
-41163	-31945	-36197	
-40859	-36701	-32075	
-40447	-34593	-35241	
-40766	-34836	-35135	
-40898	-35750	-34254	
-40871	-36551	-32463	
-40581	-34896	-34990	
-37745	-37918	-29162	
-40555	-34490	-35287	
-40976	-36297	-33122	
-40961	-36316	-33166	
-40402	-34692	-35219	
-40846	-36733	-32169	
-40789	-35521	-34412	
-41057	-32427	-36097	
-40868	-35803	-34051	
-40863	-35826	-34102	
-40862	-36690	-32582	
-40558	-35119	-34827	
-40861	-36486	-32936	
-40579	-34863	-35131	
-40704	-35177	-34731	
-41091	-31640	-36281	
-40864	-35888	-33980	
-40566	-34429	-35331	
-40892	-32429	-36092	
-40693	-33293	-35801	
-40806	-35979	-34075	
-40875	-32431	-36042	
-40841	-36623	-32682	
-40863	-32497	-36019	
-40637	-35545	-34625	
-40561	-34881	-35007	
-40871	-36379	-33083	
-40525	-34500	-35287	
-40666	-33819	-35704	
-40819	-32464	-36030	
-40536	-35251	-34784	
-40751	-32946	-36013	
-40368	-34517	-35283	
-40401	-35100	-34834	
-40480	-34919	-35019	
-40943	-36021	-33855	
-40815	-32512	-36119	
-40429	-34484	-35367	
-40753	-33127	-35854	
-40815	-35873	-33991	
-40395	-35091	-34867	
-40437	-35140	-34816	
-40607	-33901	-35679	
-40367	-34565	-35421	
-40487	-35551	-34419	
-41043	-31693	-36200	
-40734	-35685	-34274	
-40366	-35113	-34941	
-40646	-33137	-35920	
-40779	-33667	-35685	
-40477	-35634	-34429	
-41035	-31784	-36230	
-40464	-34997	-35113	
-40348	-35123	-35027	
-40845	-36442	-33080	
-40909	-36078	-33827	
-40665	-35762	-34186	
-40340	-35238	-34887	
-40768	-32552	-36038	
-41469	-29986	-36450	
-40382	-35233	-34814	
-40702	-36779	-32386	
-41449	-30083	-36449	
-40653	-35736	-34362	
-41328	-30233	-36560	
-40595	-35832	-34215	
-41410	-30209	-36455	
-41226	-31148	-36353	
-40591	-33593	-35825	
-40442	-35256	-34800	
-40817	-36495	-32921	
-40280	-34699	-35263	
-40686	-32619	-36084	
-40317	-34708	-35184	
-40371	-35403	-34769	
-41326	-29649	-36569	
-40600	-33315	-35932	
-41375	-30478	-36498	
-40578	-34794	-35152	
-40291	-34723	-35165	
-40813	-36500	-32790	
-40400	-35713	-34432	
-40881	-32716	-35987	
-40364	-35561	-34462	
-40511	-33610	-35755	
-40467	-34138	-35547	
-40603	-32997	-35962	
-40533	-33940	-35613	
-40405	-34219	-35601	
-40699	-36790	-31879	
-40542	-34127	-35535	
-40804	-36531	-32931	
-40216	-34734	-35177	
-40690	-35918	-34101	
-40655	-32859	-36027	
-40377	-33664	-35715	
-40434	-33627	-35731	
-40182	-34807	-35195	
-40955	-31934	-36201	
-40261	-34590	-35301	
-40803	-36389	-33121	
-40352	-35589	-34534	
-40673	-36819	-31848	
-40815	-32212	-36215	
-40778	-36032	-33916	
-40951	-31787	-36231	
-40925	-31823	-36208	
-40762	-36212	-33902	
-40179	-37145	-30869	
-40370	-35009	-35023	
-40359	-33638	-35743	
-40990	-31671	-36249	
-41221	-31173	-36364	
-40761	-32377	-36127	
-40305	-33676	-35709	
-41234	-29214	-36629	
-40296	-33673	-35727	
-40570	-35899	-34229	
-40093	-34736	-35316	
-40100	-34853	-35197	
-40651	-32650	-36054	
-40328	-35459	-34761	
-40098	-34703	-35208	
-40394	-33927	-35700	
-40291	-35277	-35022	
-41146	-31184	-36376	
-40291	-33725	-35731	
-40846	-31972	-36272	
-40300	-35171	-34938	
-40770	-36367	-33444	
-40967	-31765	-36359	
-41100	-31210	-36318	
-40360	-33979	-35674	
-40372	-35766	-34273	
-40536	-33009	-35985	
-40344	-35650	-34498	
-40734	-32251	-36167	
-40578	-32672	-36065	
-40471	-35740	-34307	
-41083	-31416	-36313	
-40432	-33211	-36079	
-40759	-36444	-33248	
-41062	-31386	-36352	
-40776	-36584	-32772	
-40222	-35371	-34776	
-40767	-36502	-33038	
-40351	-34257	-35567	
-40243	-33757	-35763	
-41314	-30864	-36411	
-40548	-32862	-36033	
-40308	-35822	-34361	
-40193	-35393	-34850	
-40626	-32304	-36148	
-40711	-35985	-34001	
-40064	-34758	-35390	
-39880	-34968	-35173	
-40304	-34094	-35648	
-40995	-31553	-36295	
-40264	-33599	-35771	
-40171	-37181	-30593	
-40512	-32705	-36088	
-40655	-36016	-33919	
-40606	-36001	-33930	
-40543	-36877	-31931	
-40285	-35164	-35029	
-40032	-34769	-35232	
-40118	-35003	-35074	
-40522	-36175	-33959	
-40131	-34372	-35543	
-40418	-33319	-35877	
-40164	-33653	-35768	
-40087	-33896	-35705	
-40779	-36195	-33680	
-40362	-33352	-35865	
-40458	-32714	-36107	
-40082	-33790	-35764	
-40043	-35014	-35086	
-40603	-32321	-36133	
-40155	-35739	-34670	
-39965	-34787	-35286	
-40667	-36782	-32169	
-40204	-35700	-34535	
-40168	-35548	-34565	
-40091	-33750	-35868	
-40526	-36092	-33926	
-40586	-32516	-36213	
-40164	-35633	-34586	
-39970	-35114	-35075	
-40358	-33400	-35954	
-40634	-36790	-31896	
-41212	-30986	-36442	
-40593	-36792	-31948	
-41229	-29296	-36618	
-39891	-34484	-35442	
-40569	-36796	-31932	
-39592	-34794	-35287	
-40517	-36198	-34010	
-40504	-32605	-36140	
-40766	-36548	-33046	
-40049	-33887	-35746	
-40605	-32274	-36187	
-40307	-35715	-34457	
-39571	-34813	-35256	
-40423	-35993	-34174	
-40483	-36970	-31480	
-40146	-33664	-35764	
-40285	-35743	-34388	
-40690	-36241	-33697	
-41197	-29796	-36644	
-40008	-34768	-35255	
-39516	-34824	-35257	
-40758	-36517	-33056	
-40240	-35842	-34366	
-39809	-34551	-35488	
-40511	-36917	-31639	
-39874	-34855	-35180	
-40503	-36953	-31363	
-39551	-34879	-35187	
-40537	-36798	-32071	
-40727	-32231	-36207	
-40690	-36455	-33063	
-40624	-32029	-36238	
-40594	-36567	-33329	
-40246	-35695	-34462	
-40281	-33411	-35943	
-39982	-35465	-34722	
-39392	-35049	-35225	
-40689	-36647	-32895	
-41293	-30545	-36544	
-40597	-36453	-33123	
-40140	-34094	-35650	
-41095	-31096	-36388	
-39903	-35283	-34888	
-39907	-35476	-34734	
-41056	-31212	-36370	
-39762	-34085	-35698	
-40275	-35727	-34410	
-40070	-34206	-35613	
-41141	-30992	-36400	
-39566	-35384	-34870	
-39940	-33950	-35732	
-40488	-36947	-31429	
-39467	-34892	-35195	
-39927	-35133	-35106	
-40183	-35956	-34231	
-39617	-35539	-34687	
-40177	-35843	-34238	
-40143	-35889	-34282	
-40088	-35754	-34406	
-39735	-35017	-35173	
-40007	-33564	-35885	
-40321	-36044	-34077	
-40221	-35734	-34413	
-40532	-36812	-32159	
-40559	-32149	-36235	
-41189	-30624	-36483	
-39816	-33971	-35685	
-39767	-34228	-35627	
-40602	-36301	-33706	
-41039	-31137	-36539	
-39464	-35303	-34896	
-40019	-35760	-34390	
-39944	-35411	-34775	
-39426	-35649	-34716	
-39761	-34266	-35684	
-39151	-34988	-35233	
-40965	-31326	-36414	
-39307	-34455	-35502	
-39995	-35828	-34474	
-39786	-35452	-34825	
-39810	-33898	-35760	
-39561	-34288	-35552	
-39053	-28250	-37237	
-40602	-36722	-32871	
-40799	-31801	-36281	
-40030	-33783	-35784	
-39729	-34592	-35400	
-38883	-34863	-35255	
-40181	-37109	-31561	
-40430	-32772	-36134	
-40521	-36843	-32061	
-40001	-33602	-35942	
-39405	-34821	-35283	
-39409	-35365	-34877	
-40594	-36459	-33351	
-40490	-32038	-36336	
-41094	-30747	-36462	
-39518	-34333	-35564	
-39268	-35290	-34999	
-39247	-34408	-35544	
-39480	-34729	-35450	
-40660	-31818	-36282	
-39202	-35423	-34885	
-39248	-34802	-35290	
-39986	-35870	-34289	
-39514	-33822	-35762	
-39230	-35636	-34819	
-37633	-37924	-29577	
-39720	-34065	-35708	
-39008	-34765	-35347	
-40427	-36981	-32122	
-40489	-36883	-31769	
-39465	-33858	-35806	
-40146	-33294	-35963	
-40524	-31874	-36326	
-40492	-36394	-33390	
-38994	-35298	-34939	
-40354	-37023	-31882	
-40620	-31808	-36310	
-38982	-35355	-34930	
-39813	-35850	-34372	
-39701	-35135	-35089	
-40630	-36669	-33030	
-38987	-34784	-35316	
-39228	-35223	-35050	
-39194	-34492	-35580	
-38505	-34854	-35303	
-40473	-32128	-36246	
-40143	-35907	-34235	
-40213	-36089	-34095	
-39692	-35853	-34408	
-40485	-32316	-36229	
-40022	-35910	-34271	
-39723	-33752	-35789	
-40474	-36895	-32233	
-39466	-33758	-35810	
-40259	-32937	-36131	
-39465	-33984	-35759	
-39660	-35908	-34294	
-40926	-31442	-36396	
-40234	-32592	-36296	
-40016	-33286	-35992	
-39386	-35085	-35135	
-39225	-34522	-35548	
-40494	-36228	-33800	
-39559	-35878	-34295	
-38821	-34792	-35343	
-39776	-33950	-35734	
-40610	-31813	-36310	
-39531	-35879	-34306	
-40229	-36179	-34046	
-41073	-30973	-36529	
-40208	-36112	-34146	
-38821	-34810	-35296	
-40386	-36983	-32174	
-40441	-36404	-33440	
-38798	-34280	-35593	
-39438	-35881	-34331	
-40350	-32243	-36250	
-39839	-35964	-34234	
-39441	-34074	-35730	
-39541	-36002	-34240	
-40515	-36806	-32382	
-40570	-36762	-32579	
-40471	-36906	-31726	
-38344	-34291	-35716	
-39454	-33893	-35784	
-40427	-36272	-33872	
-39486	-35978	-34284	
-38495	-34793	-35336	
-40125	-36031	-34180	
-40342	-32089	-36285	
-40430	-32472	-36230	
-39795	-33354	-35995	
-38942	-35306	-34934	
-40325	-32663	-36137	
-38288	-34301	-35581	
-39767	-35745	-34536	
-40012	-35958	-34213	
-38222	-34297	-35599	
-39207	-35106	-35116	
-38682	-34275	-35611	
-40750	-36362	-33514	
-40505	-36348	-33622	
-40510	-36818	-32067	
-39996	-35983	-34227	
-39069	-35073	-35232	
-39251	-35881	-34382	
-41112	-29904	-36688	
-40184	-32948	-36143	
-40507	-36842	-32106	
-38048	-34313	-35633	
-39813	-35832	-34419	
-39232	-35916	-34376	
-39432	-33889	-35808	
-39189	-35808	-34505	
-40374	-36417	-33553	
-38875	-35442	-34867	
-39446	-33754	-35844	
-39358	-33893	-35833	
-40163	-32696	-36145	
-40887	-31584	-36395	
-39412	-34068	-35795	
-40088	-32658	-36172	
-39575	-34112	-35694	
-40296	-32108	-36258	
-39507	-33721	-35928	
-39106	-35132	-35109	
-40526	-31780	-36318	
-39994	-33256	-36038	
-38791	-34771	-35419	
-40479	-36829	-32203	
-40292	-36598	-33432	
-39741	-33392	-35961	
-39157	-34098	-35784	
-39906	-36036	-34185	
-38822	-34149	-35697	
-38706	-35809	-34564	
-37564	-37935	-29649	
-39815	-33448	-35952	
-39875	-36004	-34216	
-38944	-35998	-34293	
-41080	-30013	-36565	
-40399	-36325	-33713	
-40753	-31220	-36423	
-39681	-33410	-35988	
-38781	-34246	-35715	
-38905	-35935	-34358	
-38902	-35840	-34414	
-40011	-32674	-36195	
-38635	-35912	-34429	
-39657	-36037	-34234	
-39164	-33805	-35859	
-39705	-33320	-36017	
-41045	-30282	-36608	
-39948	-32675	-36180	
-40111	-32983	-36081	
-39928	-32676	-36148	
-39901	-32745	-36149	
-38993	-35741	-34586	
-39637	-33458	-36026	
-39820	-32961	-36086	
-40179	-36407	-33770	
-40497	-31774	-36383	
-39846	-32743	-36194	
-40719	-31502	-36423	
-40714	-31310	-36447	
-39746	-32993	-36102	
-39601	-33522	-36111	
-40564	-36772	-32451	
-38575	-35968	-34326	
-40691	-31704	-36461	
-40319	-36351	-33703	
-39245	-33916	-35804	
-40072	-37192	-30480	
-40066	-32628	-36218	
-39629	-36060	-34155	
-40348	-36329	-33629	
-40565	-36630	-33120	
-40331	-36383	-33557	
-40429	-36808	-32550	
-39246	-36074	-34254	
-40280	-32058	-36343	
-39686	-33090	-36102	
-40414	-36930	-32333	
-39082	-33872	-35905	
-39624	-36083	-34206	
-40264	-36510	-33466	
-38666	-35760	-34568	
-39841	-32763	-36176	
-38086	-33967	-35813	
-40438	-36793	-32532	
-39159	-35997	-34266	
-39450	-33722	-35975	
-40405	-31787	-36345	
-40058	-32634	-36276	
-40139	-36189	-34058	
-40049	-36263	-33920	
-39766	-32866	-36173	
-40545	-36767	-32866	
-39638	-33277	-36040	
-40339	-31843	-36344	
-40335	-36202	-33955	
-37481	-35969	-34351	
-40026	-36116	-34091	
-37535	-33911	-35827	
-39664	-33060	-36148	
-40044	-36286	-33971	
-39981	-37210	-30512	
-39930	-36139	-34092	
-38605	-35779	-34565	
-40259	-36420	-33513	
-38522	-36037	-34300	
-40122	-36452	-33765	
-40987	-30324	-36565	
-40328	-31787	-36431	
-40121	-32172	-36313	
-38392	-35979	-34309	
-40306	-31964	-36476	
-38266	-33889	-35848	
-39886	-36372	-33919	
-39600	-36082	-34229	
-39501	-33608	-35935	
-40857	-30554	-36591	
-39645	-36150	-34106	
-40434	-36656	-33133	
-40264	-36823	-32653	
-39442	-36087	-34151	
-39068	-36090	-34201	
-40432	-36576	-33204	
-39555	-36160	-34118	
-39021	-36126	-34192	
-39755	-32827	-36245	
-40154	-37152	-31012	
-40299	-37067	-31685	
-39888	-36199	-33987	
-39465	-36234	-33980	
-40321	-36583	-33166	
-40097	-32192	-36373	
-38994	-33749	-35917	
-39633	-32892	-36157	
-39460	-36257	-34031	
-40492	-36672	-32880	
-40094	-36505	-33606	
-40253	-36866	-32400	
-38335	-36064	-34296	
-40097	-37153	-30667	
-39228	-36179	-34100	
-39315	-33605	-35995	
-40247	-36683	-33129	
-40390	-36802	-32572	
-40082	-37158	-31563	
-38781	-36176	-34132	
-39550	-32999	-36162	
-40637	-31569	-36469	
-38562	-33867	-35931	
-40015	-32283	-36304	
-40292	-36770	-32812	
-38919	-36093	-34236	
-38538	-36127	-34251	
-39522	-33094	-36155	
-40971	-30288	-36730	
-38329	-36233	-34199	
-40008	-37167	-31061	
-40436	-31734	-36450	
-39436	-36256	-34054	
-40269	-36800	-32602	
-39494	-32974	-36169	
-40206	-36772	-32980	
-40198	-32056	-36358	
-39360	-32936	-36205	
-40825	-30710	-36593	
-39082	-36248	-34079	
-40137	-36633	-33138	
-39986	-32329	-36360	
-40601	-31182	-36498	
-40130	-36607	-33307	
-40334	-31762	-36438	
-40998	-30037	-36670	
-39436	-33155	-36171	
-39951	-37231	-30686	
-40216	-36837	-32507	
-41110	-29708	-36696	
-37532	-37975	-29357	
-39120	-33526	-36085	
-38304	-33543	-36028	
-39968	-37194	-30928	
-38358	-36211	-34125	
-40097	-36636	-33174	
-40554	-31304	-36538	
-40139	-37127	-31622	
-40207	-36976	-32626	
-39353	-33259	-36175	
-40256	-36668	-33111	
-39302	-36343	-33979	
-40082	-36655	-33218	
-40174	-36812	-32688	
-40061	-36534	-33473	
-39904	-32396	-36406	
-38755	-36267	-34061	
-40819	-30735	-36586	
-39266	-33023	-36216	
-39563	-36418	-33868	
-40190	-36728	-33124	
-39960	-37198	-30895	
-40044	-36781	-32855	
-39962	-36541	-33569	
-40791	-30874	-36603	
-40291	-37103	-31409	
-39577	-32638	-36250	
-40443	-31441	-36525	
-39922	-36474	-33620	
-39493	-32750	-36288	
-39924	-37239	-30346	
-40036	-36626	-33313	
-39354	-32841	-36236	
-39824	-32413	-36336	
-39987	-32175	-36423	
-39762	-36613	-33693	
-39280	-32879	-36273	
-40037	-36857	-32721	
-39694	-32490	-36360	
-39981	-36560	-33463	
-40213	-37069	-31853	
-38171	-36238	-34121	
-39909	-37244	-31242	
-39237	-33378	-36195	
-40034	-36933	-32939	
-40241	-37016	-32012	
-40122	-36666	-33131	
-39967	-36680	-33145	
-39930	-36679	-33431	
-39879	-37263	-30470	
-39954	-36807	-33192	
-40110	-36602	-33377	
-40585	-31064	-36595	
-40772	-30291	-36653	
-39958	-36626	-33590	
-40761	-30467	-36605	
-39671	-32546	-36337	
-40361	-31508	-36571	
-39263	-32881	-36223	
-38995	-32884	-36220	
-40130	-36821	-32673	
-39317	-32803	-36257	
-40710	-30336	-36618	
-38989	-33115	-36259	
-38386	-36499	-33948	
-39166	-36541	-33785	
-39726	-36461	-33723	
-39015	-36429	-33910	
-40699	-30396	-36726	
-39911	-37223	-30762	
-39985	-32254	-36374	
-39122	-36466	-33791	
-39706	-36495	-33731	
-39477	-32714	-36453	
-40001	-36755	-33020	
-39966	-36781	-33132	
-39951	-37176	-31097	
-39590	-36460	-33737	
-40690	-30674	-36619	
-39279	-36614	-33752	
-40204	-36987	-32119	
-38970	-36528	-33888	
-39877	-37284	-30950	
-40281	-31525	-36501	
-40089	-37040	-32225	
-39178	-36584	-33753	
-39928	-37190	-31185	
-40169	-31564	-36553	
-40709	-30516	-36604	
-39985	-37159	-31082	
-39890	-36787	-33208	
-40455	-31108	-36599	
-40066	-37070	-32015	
-39191	-32797	-36337	
-40061	-37093	-32066	
-40105	-31612	-36501	
-39798	-36715	-33394	
-38916	-33150	-36197	
-39649	-36540	-33726	
-40398	-31328	-36544	
-39598	-37362	-29730	
-40652	-30436	-36645	
-39767	-31996	-36483	
-40064	-31749	-36594	
-39171	-32798	-36305	
-38840	-32857	-36369	
-39065	-36511	-33786	
-38586	-32954	-36307	
-40618	-30600	-36655	
-39731	-32122	-36458	
-39596	-37383	-30210	
-38869	-36498	-33889	
-39671	-36627	-33482	
-40383	-31331	-36526	
-39489	-36629	-33530	
-39447	-36680	-33490	
-40029	-37133	-31774	
-40521	-30861	-36759	
-40052	-37011	-32332	
-39593	-32365	-36407	
-39871	-37162	-31602	
-38438	-33059	-36273	
-39770	-36768	-33235	
-39934	-31826	-36618	
-39856	-37191	-31274	
-38858	-28024	-37241	
-39862	-36840	-33049	
-39656	-32133	-36470	
-39729	-36723	-33275	
-39840	-37165	-31382	
-39563	-37387	-29763	
-39346	-36650	-33491	
-39184	-36711	-33665	
-39839	-37202	-31310	
-40949	-29602	-36739	
-39624	-36750	-33329	
-39806	-31880	-36501	
-40188	-31234	-36623	
-39834	-37169	-31813	
-40047	-37065	-32430	
-40399	-30910	-36605	
-39336	-36687	-33452	
-39831	-37180	-31400	
-38222	-36673	-33773	
-39892	-37100	-32136	
-40271	-30986	-36608	
-38384	-32884	-36311	
-39769	-37297	-30531	
-39888	-37151	-31566	
-40596	-30560	-36656	
-40271	-30869	-36629	
-40266	-30913	-36629	
-39860	-37140	-31844	
-39357	-36754	-33352	
-39722	-31935	-36536	
-38818	-27974	-37246	
-39792	-36816	-33067	
-39725	-37308	-31163	
-40864	-29641	-36752	
-39810	-36986	-32947	
-39507	-36801	-33307	
-39803	-37186	-31375	
-40263	-30992	-36666	
-39794	-36896	-32996	
-40113	-31245	-36635	
-40224	-31108	-36648	
-39328	-36726	-33380	
-39605	-32045	-36482	
-39466	-36890	-33158	
-39793	-37171	-31865	
-39861	-36991	-32439	
-39761	-37211	-31573	
-39820	-36977	-32592	
-39780	-37250	-31314	
-39297	-31969	-36534	
-39248	-32247	-36470	
-39779	-37190	-31359	
-39962	-36962	-32734	
-40792	-29360	-36775	
-40739	-29824	-36738	
-39857	-37103	-31919	
-38974	-36768	-33451	
-39002	-36715	-33610	
-40758	-29484	-36770	
-39267	-36764	-33364	
-39528	-32056	-36471	
-39776	-37214	-31398	
-39229	-32451	-36517	
-39839	-37134	-31871	
-39730	-36876	-33012	
-39247	-31991	-36509	
-38806	-36702	-33713	
-39810	-37255	-31035	
-39807	-36997	-32440	
-39692	-37026	-32688	
-39243	-32007	-36500	
-39475	-36841	-33015	
-39828	-37132	-32134	
-40734	-29812	-36761	
-40265	-30872	-36641	
-38180	-32735	-36370	
-39792	-37030	-32433	
-39750	-37042	-32435	
-39256	-36811	-33236	
-39757	-37268	-31455	
-39249	-36833	-33183	
-39080	-36791	-33360	
-38390	-36739	-33511	
-39871	-37094	-32163	
-39898	-36942	-32750	
-40723	-30025	-36794	
-38773	-28629	-37254	
-39151	-36838	-33290	
-39852	-36937	-32884	
-39860	-37092	-32426	
-39719	-37186	-31815	
-39543	-36903	-33008	
-39578	-37369	-30284	
-38923	-36772	-33367	
-38049	-36759	-33452	
-37460	-36786	-33495	
-38842	-36804	-33414	
-39607	-36923	-32992	
-39682	-37203	-32053	
-39011	-36797	-33344	
-38998	-36896	-33212	
-39349	-31851	-36566	
-39047	-31990	-36647	
-39684	-37189	-31598	
-39656	-37061	-32441	
-39136	-36833	-33295	
-39637	-37044	-32447	
-39035	-36803	-33296	
-39634	-37027	-32571	
-39241	-31901	-36566	
-39683	-37302	-31625	
-38916	-32135	-36526	
-39620	-37055	-32483	
-38684	-36890	-33362	
-39460	-36924	-33154	
-40641	-30092	-36840	
-40783	-29168	-36850	
-38044	-36815	-33435	
-39771	-37105	-32162	
-39715	-37230	-31572	
-39646	-37101	-32352	
-38882	-36861	-33218	
-39560	-37151	-32510	
-39156	-32486	-36455	
-39106	-31911	-36548	
-37928	-36780	-33441	
-39844	-31304	-36655	
-38853	-36883	-33292	
-40559	-30263	-36793	
-38884	-32103	-36554	
-40053	-31135	-36636	
-39109	-31969	-36536	
-39933	-31059	-36675	
-39878	-31140	-36645	
-39628	-36990	-32892	
-39560	-37043	-32532	
-39632	-37119	-32237	
-39432	-36977	-32995	
-40656	-29719	-36819	
-39502	-36992	-32859	
-39754	-31375	-36627	
-39554	-37029	-32538	
-40236	-30866	-36706	
-39474	-37045	-32700	
-40184	-30980	-36675	
-39539	-37084	-32610	
-39400	-37017	-32703	
-39392	-37085	-32772	
-38826	-32290	-36565	
-39664	-37216	-31983	
-39694	-37252	-31482	
-39658	-37137	-32123	
-39350	-37016	-33072	
-39686	-31563	-36682	
-39619	-37129	-32375	
-39838	-31190	-36688	
-39569	-37233	-32244	
-40122	-30967	-36742	
-38762	-28071	-37255	
-39387	-37108	-32823	
-39632	-37256	-31691	
-38867	-37041	-33170	
-38701	-28582	-37316	
-38656	-36943	-33203	
-38972	-37007	-33120	
-39940	-30971	-36687	
-38353	-36901	-33299	
-39752	-31243	-36670	
-38792	-32342	-36539	
-39575	-37229	-31719	
-39468	-37079	-32696	
-39166	-31675	-36687	
-38072	-36914	-33263	
-38755	-32029	-36569	
-39751	-31250	-36668	
-38521	-32417	-36519	
-39482	-37413	-30966	
-38653	-32016	-36617	
-38462	-32146	-36649	
-39768	-31123	-36695	
-39399	-37087	-32577	
-39322	-37069	-32913	
-39566	-37244	-31737	
-38079	-36892	-33316	
-39690	-31172	-36791	
-40359	-30367	-36785	
-39512	-37234	-31899	
-39436	-37243	-31794	
-39400	-37240	-32314	
-39509	-37289	-31732	
-38166	-32168	-36566	
-40591	-29624	-36903	
-38504	-37013	-33174	
-37646	-32163	-36592	
-38388	-36978	-33180	
-37420	-37981	-29772	
-39665	-31311	-36684	
-40763	-29066	-36854	
-39431	-37244	-31848	
-39078	-37022	-32959	
-39421	-37305	-31750	
-39571	-31283	-36692	
-40348	-30587	-36811	
-39364	-37138	-32613	
-39412	-37251	-32195	
-38892	-37023	-33049	
-39349	-37158	-32403	
-39481	-31237	-36824	
-39473	-37359	-31411	
-39371	-37280	-31776	
-39302	-37206	-32659	
-39403	-31360	-36688	
-39357	-37313	-31945	
-39465	-37395	-31135	
-39260	-31275	-36715	
-39195	-31320	-36708	
-40425	-30225	-36829	
-38867	-31754	-36654	
-38854	-37075	-32967	
-39330	-37153	-32818	
-39088	-31408	-36704	
-39415	-37318	-31523	
-40004	-30589	-36762	
-39988	-30603	-36770	
-39222	-37080	-32912	
-39806	-30794	-36763	
-38606	-31771	-36679	
-38707	-37130	-32974	
-38937	-31434	-36727	
-38476	-37066	-33015	
-39364	-37334	-31584	
-39803	-30841	-36917	
-38333	-31824	-36663	
-39009	-37099	-32871	
-38898	-31550	-36709	
-37363	-38010	-29606	
-39353	-37494	-31547	
-37835	-37082	-33070	
-40509	-29658	-36849	
-39351	-37260	-32010	
-38995	-31365	-36827	
-38289	-31872	-36701	
-40500	-29850	-36864	
-38797	-37120	-32962	
-39433	-37435	-30843	
-39159	-37560	-30012	
-39045	-31275	-36756	
-39301	-37311	-32043	
-39344	-37412	-31813	
-38797	-31644	-36690	
-38952	-37144	-32866	
-38419	-37111	-33010	
-38701	-31648	-36700	
-39244	-37327	-32366	
-39441	-37399	-31119	
-40214	-30410	-36887	
-38366	-31510	-36719	
-39182	-37531	-30567	
-40271	-29938	-36875	
-39136	-37254	-32460	
-40436	-29200	-36933	
-38242	-31627	-36763	
-39062	-37169	-32716	
-39425	-37442	-30800	
-39180	-37552	-31047	
-38358	-31508	-36743	
-38918	-31412	-36751	
-38728	-37197	-32874	
-37969	-31680	-36747	
-38781	-37215	-32718	
-40468	-29818	-36892	
-39878	-30540	-36814	
-39120	-37210	-32604	
-38984	-37278	-32673	
-38722	-31418	-36811	
-38668	-31430	-36756	
-39252	-37340	-31999	
-38875	-37196	-32712	
-38992	-37362	-32578	
-38525	-37134	-32919	
-39296	-37495	-31202	
-40418	-29350	-36955	
-40393	-29829	-36904	
-39029	-31275	-36764	
-38337	-31504	-36784	
-38784	-31374	-36787	
-39020	-37380	-32374	
-39004	-37290	-32423	
-39184	-37420	-31915	
-40398	-29529	-36908	
-38400	-37249	-32733	
-38369	-37339	-32734	
-40326	-29482	-36970	
-39231	-37334	-32026	
-39172	-37356	-32161	
-40220	-29555	-36956	
-40053	-30079	-36937	
-40071	-29619	-36929	
-39184	-37501	-31617	
-39171	-37369	-32126	
-39326	-31028	-36875	
-37886	-31499	-36850	
-40029	-30171	-36895	
-39991	-30317	-36892	
-38534	-31145	-36854	
-39000	-37517	-32120	
-39966	-30147	-36951	
-39023	-37437	-31684	
-39019	-37522	-31705	
-38493	-31177	-36851	
-39003	-37432	-31754	
-38284	-31242	-36884	
-39002	-37424	-31860	
-40046	-29861	-36987	
-39089	-37540	-31150	
-38964	-37415	-32419	
-38462	-31098	-36916	
-39053	-37519	-31151	
-39048	-37542	-31202	
-39630	-30567	-36969	
-39028	-37576	-31260	
-39233	-30974	-36888	
-39011	-37587	-31296	
-38724	-37378	-32476	
-40058	-29357	-36992	
-39005	-37602	-30540	
-38380	-37386	-32479	
-38804	-37504	-32223	
-38740	-30884	-36941	
-38537	-37405	-32472	
-39743	-30054	-36956	
-39057	-37555	-30936	
-36860	-38031	-29063	
-38407	-37421	-32374	
-38742	-30730	-36918	
-38997	-37528	-31613	
-38377	-37494	-32276	
-38867	-37544	-31515	
-38881	-37637	-30381	
-39957	-29443	-37007	
-38220	-37475	-32283	
-39809	-29652	-37009	
-39456	-29909	-36984	
-38971	-37605	-31094	
-39335	-30059	-37095	
-38859	-37611	-31509	
-38129	-31033	-36935	
-39563	-29722	-36997	
-38827	-37642	-30270	
-38804	-37641	-31677	
-39310	-30375	-37015	
-38606	-30846	-36977	
-39396	-29791	-37019	
-38631	-37562	-31723	
-39798	-29598	-37051	
-38590	-37548	-31876	
-38783	-37654	-30569	
-38824	-37614	-31292	
-38036	-30979	-36948	
-38415	-37576	-31916	
-38751	-37694	-30277	
-39702	-29631	-37049	
-38383	-37531	-31955	
-39695	-28720	-37081	
-38037	-37567	-31964	
-37453	-37538	-32024	
-38433	-30572	-37029	
-38622	-37508	-32168	
-38426	-37632	-31725	
-38715	-37648	-30685	
-38420	-37553	-31865	
-38065	-37514	-32123	
-38703	-37683	-30893	
-38712	-37672	-30630	
-39640	-29043	-37107	
-39343	-29732	-37032	
-39561	-29389	-37073	
-39689	-28200	-37098	
-38673	-37659	-31211	
-39062	-30112	-37079	
-38233	-37580	-31861	
-38871	-30277	-37025	
-37842	-37603	-31785	
-38671	-37660	-30984	
-38666	-37683	-31035	
-38427	-30120	-37048	
-38639	-37700	-30692	
-38591	-37689	-31308	
-39529	-29357	-37101	
-38394	-37672	-31433	
-36828	-38071	-28771	
-38175	-27257	-37320	
-38497	-37690	-31105	
-38183	-37721	-31492	
-38465	-37730	-30813	
-38073	-37669	-31665	
-38378	-37715	-31114	
-38577	-37724	-30398	
-38493	-37741	-30535	
-38461	-37781	-30243	
-38039	-27616	-37364	
-38436	-37770	-30369	
-38370	-37735	-30964	
-38346	-37755	-30822	
-38138	-30064	-37155	
-37980	-30068	-37089	
-38126	-37750	-31326	
-38324	-37776	-30784	
-39275	-29949	-37096	
-38565	-29746	-37108	
-38360	-29780	-37136	
-38292	-37816	-30492	
-37897	-37766	-30837	
-37824	-37752	-31049	
-37759	-37789	-30975	
-38286	-37831	-29736	
-38049	-37780	-30614	
-37175	-37760	-31035	
-37871	-37783	-30560	
-37847	-37825	-30794	
-37783	-37814	-30821	
-38020	-37820	-30076	
-37936	-37848	-29824	
-37912	-37849	-30109	
-37959	-37819	-30379	
-37626	-37795	-30828	
-37616	-37801	-30830	
-37443	-37887	-30509	
-37414	-37883	-30698	
-39048	-28387	-37204	
-38961	-28902	-37211	
-38780	-28303	-37221	
-37657	-37907	-29249	
-38532	-28918	-37209	
-38190	-29026	-37239	
-38046	-29046	-37212	
-38710	-28774	-37241	
-38676	-28898	-37236	
-37558	-37904	-29690	
-37523	-37921	-29802	
-37852	-29036	-37234	
-37452	-37941	-30064	
-37411	-37927	-30217	
-38428	-28635	-37300	
-38284	-28655	-37273	
-38125	-28983	-37250	
-37366	-37966	-30087	
-35912	-38089	-27713	
-37395	-37970	-29898	
-37778	-27600	-37371	
-36687	-38018	-29303	
-37895	-27636	-37337	
-37548	-27884	-37329	
-37514	-27944	-37351	
-37234	-28323	-37368	
-36433	-38021	-29116	
-37472	-27363	-37381	
-35731	-38106	-28200	
-37634	-27620	-37344	
-36297	-26040	-37389	
