-29661	-21014	-21869	
-29601	-21092	-21735	
-29565	-21314	-21000	
-29627	-20163	-22111	
-29552	-21726	-22591	
-29618	-20360	-22346	
-29554	-20652	-22519	
-29522	-21880	-22309	
-29519	-22006	-22314	
-29537	-21290	-22651	
-29533	-21173	-22997	
-29513	-22171	-21995	
-29484	-22182	-21398	
-29447	-22363	-22867	
-29494	-20636	-23128	
-29434	-22466	-22352	
-29462	-21773	-23209	
-29404	-22525	-22449	
-29377	-22674	-22817	
-29430	-20759	-23240	
-29425	-20784	-23269	
-29423	-21505	-23362	
-29367	-22917	-23233	
-29419	-21119	-23686	
-29304	-22990	-22117	
-29301	-23033	-22820	
-29378	-21922	-23815	
-29288	-23104	-22666	
-29271	-23187	-22538	
-29319	-22522	-23995	
-29249	-23356	-23438	
-29258	-21626	-24022	
-29233	-21824	-24119	
-29229	-23473	-22675	
-29228	-22047	-24299	
-29183	-23474	-22072	
-29162	-23541	-22992	
-29124	-23579	-22764	
-29117	-23608	-23562	
-29190	-21963	-24441	
-29108	-23693	-23313	
-29074	-23732	-24028	
-29173	-22439	-24673	
-29054	-23811	-22218	
-29039	-23841	-23454	
-29036	-23866	-22298	
-29015	-23933	-23218	
-28999	-24047	-23767	
-29158	-22307	-24677	
-29124	-22688	-24691	
-29075	-22512	-24877	
-28983	-24071	-24008	
-28941	-24088	-22523	
-28936	-24321	-23587	
-29060	-22380	-24881	
-29032	-22054	-24894	
-29026	-23370	-24907	
-29021	-22362	-24915	
-29017	-22484	-24977	
-28995	-21451	-25042	
-28982	-22853	-25080	
-28907	-24336	-24560	
-28868	-24342	-24162	
-28842	-24408	-23883	
-28976	-22092	-25082	
-28974	-22813	-25175	
-28824	-24456	-24474	
-28919	-22557	-25181	
-28905	-23662	-25186	
-28903	-22445	-25206	
-28775	-24476	-24200	
-28897	-23674	-25221	
-28773	-24556	-24024	
-28897	-21524	-25246	
-28877	-21503	-25388	
-28729	-24667	-24148	
-28876	-23495	-25391	
-28854	-23767	-25477	
-28684	-24677	-24022	
-28667	-24817	-24590	
-28833	-21389	-25491	
-28823	-22720	-25585	
-28579	-24824	-23431	
-28576	-24828	-24027	
-28571	-24990	-23927	
-28808	-22588	-25589	
-28779	-23514	-25665	
-28761	-22450	-25678	
-28759	-22843	-25697	
-28748	-22311	-25753	
-28558	-25171	-25044	
-28746	-23032	-25846	
-28730	-22898	-25863	
-28728	-23619	-25956	
-28346	-25174	-23601	
-28319	-25245	-24942	
-28651	-22490	-25989	
-28630	-24301	-26172	
-28312	-25442	-24139	
-28576	-23542	-26198	
-28535	-23313	-26228	
-28216	-25463	-24477	
-28132	-25530	-25076	
-28523	-23244	-26424	
-28059	-25743	-24346	
-28470	-23074	-26436	
-28455	-22942	-26440	
-28440	-24171	-26501	
-28415	-23636	-26572	
-27901	-25838	-25232	
-28386	-23979	-26595	
-28371	-23167	-26666	
-27860	-25846	-23952	
-27832	-25870	-23922	
-27775	-25973	-24073	
-28330	-22938	-26696	
-28322	-22950	-26731	
-28288	-24205	-26753	
-27747	-25997	-24043	
-28280	-22944	-26765	
-28265	-22812	-26769	
-28263	-23559	-26814	
-27702	-26007	-24430	
-27660	-26031	-23037	
-27633	-26102	-24378	
-28254	-22893	-26868	
-28241	-22526	-26879	
-28150	-24488	-26984	
-27605	-26111	-23335	
-27559	-26130	-24665	
-27543	-26179	-25320	
-27525	-26228	-24050	
-28139	-24871	-27120	
-27505	-26319	-24502	
-27371	-26340	-24435	
-28083	-23830	-27221	
-27347	-26414	-25388	
-27290	-26469	-25294	
-27987	-24794	-27362	
-27203	-26503	-24288	
-27193	-26573	-24199	
-27979	-23644	-27384	
-27148	-26583	-24586	
-27118	-26630	-24409	
-27964	-23512	-27388	
-27946	-24565	-27392	
-27872	-23150	-27483	
-27079	-26678	-24534	
-26979	-26695	-24365	
-27857	-23018	-27487	
-27831	-24083	-27526	
-26952	-26711	-24015	
-26948	-26761	-24727	
-27791	-22793	-27620	
-26889	-26807	-24483	
-26844	-26854	-24088	
-27765	-22742	-27723	
-26828	-26886	-24261	
-26804	-26934	-24604	
-27626	-22507	-27761	
-26759	-26981	-24209	
-27606	-23944	-27776	
-27591	-23812	-27780	
-27587	-24382	-27841	
-29616	-20502	-22077	
-26667	-26984	-23238	
-26659	-26998	-24040	
-26646	-27029	-25490	
-29565	-21035	-22207	
-26636	-27097	-24457	
-27513	-23522	-27900	
-29601	-20370	-22081	
-29578	-20418	-22219	
-27472	-23900	-27975	
-26502	-27118	-24390	
-26478	-27192	-25343	
-27430	-24449	-27977	
-27363	-22888	-27982	
-27359	-23559	-27987	
-27359	-23458	-28043	
-26447	-27198	-24688	
-26382	-27213	-25681	
-26378	-27293	-24636	
-27343	-23959	-28097	
-27295	-23682	-28099	
-27220	-24680	-28152	
-26278	-27310	-24467	
-26254	-27384	-25420	
-27127	-23951	-28169	
-27102	-23146	-28242	
-26221	-27389	-25302	
-29490	-21876	-23033	
-26143	-27434	-25014	
-29475	-21440	-23093	
-29468	-20843	-23098	
-27085	-23617	-28262	
-29518	-21763	-22655	
-29502	-21567	-22896	
-26076	-27461	-25467	
-27081	-24187	-28323	
-25976	-27478	-25298	
-29487	-22157	-22554	
-25975	-27524	-24858	
-29492	-21935	-22523	
-27017	-24411	-28379	
-25931	-27525	-24903	
-25889	-27534	-24873	
-25817	-27558	-25384	
-26850	-23926	-28419	
-25787	-27567	-24721	
-25752	-27569	-24994	
-25744	-27607	-25233	
-29460	-22030	-22751	
-26787	-22517	-28452	
-25740	-27667	-25044	
-29408	-21373	-23366	
-29394	-22039	-23437	
-29458	-22110	-22575	
-26767	-24853	-28496	
-29383	-21298	-23481	
-29451	-22027	-22889	
-29419	-21841	-23340	
-29413	-22364	-22535	
-29405	-22419	-22373	
-29436	-21980	-23179	
-26733	-23911	-28590	
-25665	-27726	-24950	
-29395	-22419	-22615	
-29408	-22095	-23020	
-29404	-21709	-23344	
-29391	-22178	-22892	
-29385	-22330	-23123	
-25619	-27742	-25382	
-29387	-22086	-23031	
-25564	-27784	-24262	
-29301	-22939	-23369	
-26718	-23779	-28594	
-26632	-24086	-28618	
-29379	-22201	-23256	
-25550	-27837	-25330	
-26559	-24981	-28647	
-29363	-22512	-23473	
-29372	-22315	-23238	
-26534	-23982	-28670	
-29340	-22001	-23517	
-29325	-22187	-23578	
-26451	-25089	-28687	
-25406	-27879	-25148	
-26444	-24499	-28781	
-25306	-27896	-24979	
-29243	-22094	-24009	
-25273	-27901	-24861	
-25263	-27936	-25491	
-29344	-22871	-23238	
-29315	-22824	-23259	
-29304	-22621	-23334	
-29272	-22986	-22841	
-25230	-27941	-25373	
-29299	-22938	-23808	
-25200	-27958	-25527	
-26354	-24815	-28898	
-25194	-27970	-25037	
-25094	-27987	-24868	
-29225	-22116	-24055	
-25061	-27992	-24750	
-29183	-23378	-23574	
-25051	-28027	-25380	
-29179	-23458	-23120	
-29221	-22595	-24199	
-29047	-23799	-23696	
-25018	-28032	-25262	
-29201	-22961	-24200	
-29193	-22269	-24212	
-25005	-28067	-24914	
-29175	-22583	-24400	
-29250	-22762	-23994	
-29235	-23225	-23692	
-29122	-23576	-23286	
-26144	-24662	-28993	
-24905	-28084	-24745	
-29161	-23494	-23250	
-24880	-28095	-26048	
-29140	-23540	-23156	
-29211	-22913	-23850	
-24864	-28096	-23819	
-24857	-28105	-24225	
-29214	-22628	-24084	
-29208	-22705	-24152	
-29217	-23042	-23717	
-24852	-28140	-24572	
-29138	-23445	-24144	
-29194	-22996	-23722	
-29197	-23263	-23464	
-29186	-23008	-23757	
-28983	-22309	-25002	
-29138	-23539	-23595	
-29181	-23377	-24013	
-29206	-23178	-23713	
-24850	-28151	-25917	
-29158	-23029	-24331	
-28937	-24072	-23405	
-26055	-24549	-29013	
-24781	-28246	-25865	
-29153	-22855	-24486	
-25998	-25262	-29031	
-29088	-23617	-23918	
-29138	-22723	-24490	
-29078	-23690	-23598	
-25935	-23853	-29064	
-29149	-23063	-24292	
-28887	-22311	-25223	
-29121	-23528	-24016	
-29096	-23550	-23678	
-29094	-23562	-23567	
-29012	-23882	-24470	
-25916	-24049	-29095	
-29136	-22938	-24358	
-29132	-23201	-24199	
-29105	-22982	-24538	
-29082	-22924	-24603	
-29110	-23145	-24328	
-29055	-23537	-24702	
-29109	-23278	-24349	
-29027	-23292	-24812	
-24561	-28257	-25171	
-25782	-25050	-29115	
-29070	-23351	-24641	
-29103	-23034	-24404	
-24537	-28305	-25514	
-29102	-23157	-24363	
-25752	-24537	-29183	
-29087	-23001	-24421	
-29089	-23142	-24370	
-29072	-23731	-24467	
-29085	-23398	-24351	
-29025	-23785	-23871	
-29072	-23061	-24470	
-29093	-23455	-24018	
-29003	-22980	-24970	
-28988	-22848	-24974	
-24415	-28314	-24536	
-24411	-28319	-24953	
-24381	-28336	-25107	
-25653	-24430	-29316	
-24379	-28343	-23837	
-28917	-24093	-24144	
-28916	-24139	-24325	
-24372	-28354	-25048	
-24342	-28414	-24901	
-28921	-23122	-24973	
-28911	-23218	-25146	
-28948	-23945	-24047	
-28937	-23096	-24910	
-28929	-23284	-24919	
-28922	-23186	-24954	
-28946	-23946	-24500	
-28933	-24056	-24453	
-28921	-23282	-24963	
-28989	-23683	-24637	
-28996	-23528	-24870	
-24312	-28431	-25055	
-28966	-23721	-24695	
-28979	-23611	-24742	
-24279	-28436	-24937	
-28924	-23890	-24629	
-24269	-28471	-25567	
-28957	-23610	-24906	
-28839	-24357	-25135	
-28930	-23674	-24805	
-28816	-24117	-25517	
-28922	-23746	-24902	
-25543	-24400	-29347	
-28904	-23889	-24658	
-28797	-22927	-25555	
-28915	-24092	-24583	
-28893	-23856	-24669	
-24236	-28476	-25449	
-28891	-23756	-24841	
-28884	-24096	-24942	
-28791	-23471	-25578	
-24136	-28493	-25280	
-28913	-24026	-24625	
-25466	-25300	-29416	
-24130	-28505	-24790	
-28744	-24481	-24087	
-24067	-28529	-24324	
-28878	-23967	-25075	
-28871	-24206	-24895	
-28756	-23840	-25681	
-28711	-24526	-24423	
-28718	-24467	-24646	
-24021	-28548	-25654	
-28677	-24549	-24404	
-28863	-23697	-25202	
-28676	-24620	-24355	
-28855	-24243	-24586	
-28856	-23911	-25204	
-23978	-28588	-26166	
-28772	-24363	-24500	
-28744	-24426	-24743	
-25248	-23056	-29464	
-28567	-24834	-24421	
-28861	-24050	-24947	
-28710	-24479	-24681	
-28743	-24433	-24817	
-28708	-24497	-24546	
-28674	-24581	-24958	
-28848	-24160	-24900	
-23896	-28598	-24623	
-28787	-23714	-25532	
-28681	-24497	-24728	
-23853	-28614	-25789	
-28765	-23678	-25548	
-25242	-24106	-29486	
-28678	-24490	-24773	
-28741	-24430	-25339	
-23820	-28619	-25671	
-28666	-24593	-24993	
-23780	-28626	-24987	
-28645	-24687	-25194	
-28677	-24442	-25503	
-23766	-28631	-24289	
-25159	-24405	-29492	
-23760	-28658	-26274	
-25114	-24723	-29542	
-28616	-24698	-24597	
-28602	-24755	-25325	
-28702	-23690	-25719	
-28698	-24048	-25723	
-28579	-24792	-24632	
-28664	-24040	-25759	
-28572	-24812	-24909	
-28574	-24811	-24622	
-23738	-28693	-25509	
-28660	-24525	-25375	
-28716	-24134	-25348	
-28700	-24170	-25424	
-28687	-24280	-25377	
-28686	-24273	-25699	
-28261	-25281	-24485	
-25062	-24029	-29574	
-28254	-25323	-25295	
-23679	-28697	-25107	
-23624	-28732	-24504	
-28508	-23926	-26327	
-28627	-24571	-25239	
-27647	-26014	-23874	
-25047	-23897	-29578	
-28611	-24588	-25438	
-28616	-24640	-25215	
-28654	-24396	-25508	
-25029	-24066	-29588	
-28504	-24048	-26389	
-28625	-24349	-25529	
-28538	-25001	-25088	
-28617	-24466	-25469	
-28624	-24352	-25672	
-25014	-23934	-29592	
-28519	-24862	-25250	
-28536	-23946	-26196	
-28592	-24546	-25950	
-25013	-25459	-29650	
-23610	-28752	-24372	
-28478	-24224	-26414	
-28590	-24626	-25774	
-28201	-25435	-25128	
-28583	-24685	-25551	
-28214	-23342	-26879	
-28509	-24954	-25109	
-28486	-24908	-25114	
-23555	-28754	-24026	
-28442	-24883	-25825	
-23530	-28770	-24521	
-28303	-23754	-26696	
-28486	-24769	-25513	
-28549	-24708	-25532	
-28442	-25022	-25426	
-28484	-24808	-25286	
-28487	-24733	-25336	
-28460	-24857	-25379	
-28443	-25149	-25055	
-28352	-23971	-26631	
-28058	-25558	-25363	
-23497	-28775	-24403	
-28386	-25060	-25056	
-28380	-25047	-25230	
-28039	-25573	-24390	
-28318	-24190	-26636	
-23476	-28778	-25238	
-28311	-23742	-26661	
-28347	-25094	-25499	
-28024	-25656	-24748	
-28446	-24800	-25629	
-23439	-28783	-25378	
-27801	-25855	-25063	
-28234	-23902	-26837	
-28314	-25193	-25165	
-28515	-24706	-26126	
-23412	-28823	-24393	
-28317	-25106	-25151	
-28222	-23330	-26844	
-28285	-25244	-25941	
-24857	-23285	-29684	
-27942	-25659	-25025	
-27919	-25663	-24748	
-27905	-25741	-24468	
-28530	-24318	-26003	
-27768	-25860	-24945	
-27758	-25870	-24685	
-28308	-25121	-25234	
-28482	-24133	-26297	
-27757	-25927	-24132	
-28390	-24929	-25452	
-28289	-25147	-25177	
-28369	-24923	-25522	
-27755	-25895	-24597	
-28345	-24971	-25865	
-24777	-24366	-29710	
-23392	-28830	-24824	
-28478	-24255	-26359	
-28001	-25613	-25269	
-28474	-24477	-26156	
-28327	-25007	-25995	
-23339	-28870	-25289	
-28470	-24267	-26394	
-28440	-24469	-26192	
-28152	-25414	-25391	
-28288	-25020	-25548	
-28414	-24353	-26274	
-28182	-24582	-26840	
-28153	-23570	-26843	
-28390	-24790	-25851	
-24766	-24447	-29809	
-28342	-24773	-26091	
-28248	-25245	-25316	
-28185	-25261	-25772	
-28247	-23865	-26773	
-28086	-25486	-25148	
-28371	-24569	-26253	
-28152	-25266	-25654	
-28340	-24299	-26342	
-27700	-25899	-25451	
-28239	-23877	-26808	
-27689	-25949	-24999	
-28336	-24052	-26509	
-28326	-24178	-26601	
-28062	-25461	-25482	
-28337	-24561	-26289	
-28322	-24400	-26398	
-27653	-25986	-24693	
-28142	-25276	-25394	
-28131	-25300	-25417	
-28316	-24426	-26478	
-28123	-25286	-25576	
-27731	-25878	-25451	
-27617	-26068	-24959	
-28297	-24776	-26234	
-27724	-25893	-24666	
-28100	-25321	-25417	
-28090	-25291	-25458	
-23264	-28871	-24625	
-28086	-25347	-25547	
-23239	-28887	-25120	
-28268	-24436	-26638	
-28226	-24624	-26473	
-28230	-24879	-26206	
-27563	-26088	-24868	
-23121	-28940	-24992	
-28074	-25297	-25969	
-28061	-25357	-25659	
-28115	-25284	-26160	
-28191	-24293	-26793	
-28067	-25314	-26049	
-28049	-25358	-25751	
-28031	-25459	-25551	
-28001	-25474	-25668	
-28223	-24924	-26085	
-28218	-24872	-26308	
-27627	-25962	-25245	
-27990	-25507	-25486	
-27943	-25601	-25286	
-27622	-25984	-24762	
-27927	-25585	-26029	
-28175	-24930	-26237	
-28169	-25095	-26323	
-27943	-25536	-25374	
-27899	-25704	-25365	
-28026	-25407	-25774	
-28192	-25124	-25984	
-28215	-24636	-26580	
-28217	-24915	-26159	
-28230	-24402	-26676	
-28211	-24858	-26377	
-28219	-24514	-26518	
-28050	-25357	-25750	
-27940	-25489	-25569	
-27888	-25598	-25582	
-27866	-25696	-25550	
-27838	-25708	-25643	
-27502	-26185	-24571	
-27808	-25718	-25275	
-27447	-26189	-25425	
-27443	-26196	-25151	
-28197	-24682	-26399	
-27786	-25816	-25243	
-27414	-26221	-25039	
-27776	-25726	-25557	
-28133	-25167	-26183	
-27760	-25769	-25321	
-27667	-25931	-25065	
-28177	-24751	-26464	
-27400	-26276	-24667	
-28186	-24818	-26395	
-27942	-25409	-25745	
-27990	-25368	-25885	
-28208	-24460	-26604	
-28131	-25242	-26063	
-27772	-23597	-27585	
-27642	-25943	-25711	
-27611	-26022	-25065	
-28173	-24873	-26526	
-27747	-25836	-25354	
-27749	-25761	-25474	
-27857	-24134	-27423	
-27367	-26323	-24936	
-27598	-26026	-25013	
-27547	-26028	-25115	
-27724	-23647	-27670	
-27942	-25351	-26125	
-27554	-26018	-25462	
-23082	-28949	-25515	
-27731	-25820	-26097	
-24751	-24315	-29813	
-28162	-24900	-26781	
-28166	-24778	-26719	
-27398	-26243	-24756	
-27607	-23311	-27726	
-28117	-25002	-26349	
-24537	-24657	-29865	
-27935	-25362	-25925	
-27190	-26521	-24301	
-28108	-24950	-26474	
-27827	-25602	-25860	
-23021	-28957	-25228	
-28071	-23920	-27148	
-27201	-26471	-24753	
-28066	-25187	-26420	
-27190	-26486	-25125	
-27793	-25670	-25655	
-27372	-26229	-25251	
-27187	-26535	-24461	
-27771	-25674	-25780	
-27698	-24712	-27709	
-28064	-24634	-27186	
-28073	-25023	-26395	
-23017	-28961	-25972	
-27736	-25725	-25561	
-27609	-25948	-25593	
-28063	-25191	-26186	
-22982	-28966	-25346	
-28004	-25211	-26293	
-28070	-25065	-26358	
-27694	-25821	-25472	
-27677	-25870	-25790	
-27971	-25216	-26175	
-27961	-25282	-26282	
-27904	-25556	-26368	
-22975	-28997	-24357	
-28017	-25018	-26565	
-28062	-24917	-26612	
-27759	-25620	-25804	
-28044	-24940	-26728	
-27674	-25875	-26003	
-27159	-26488	-25045	
-27756	-25635	-25960	
-27960	-25283	-26283	
-28015	-25093	-26445	
-27375	-26214	-25095	
-28014	-25094	-26446	
-27964	-25023	-26708	
-27508	-26037	-25638	
-27934	-25096	-26695	
-27915	-25237	-26291	
-27447	-26050	-25824	
-27143	-26515	-25013	
-27951	-25165	-26431	
-28000	-24950	-26760	
-27914	-25110	-26662	
-27912	-25185	-26542	
-27135	-26525	-25155	
-27903	-25221	-26420	
-27748	-25607	-26012	
-27125	-26559	-24715	
-27829	-25319	-26434	
-27804	-25573	-26199	
-24522	-24525	-29869	
-22855	-29003	-25607	
-27439	-26051	-25557	
-27733	-25606	-26299	
-27420	-26167	-25490	
-27851	-25189	-26820	
-27773	-25583	-26151	
-27055	-26645	-24848	
-27840	-25207	-26592	
-27090	-26583	-24993	
-24473	-24780	-29977	
-26831	-26837	-24925	
-27365	-26200	-25302	
-27815	-25214	-26614	
-27364	-26201	-25303	
-22807	-29063	-24492	
-27574	-25892	-25834	
-27780	-25309	-26586	
-27746	-23804	-27555	
-27405	-26128	-25670	
-27474	-25989	-25702	
-27902	-25122	-26609	
-27543	-25894	-25754	
-27507	-25933	-25815	
-27898	-25169	-26643	
-27811	-25436	-26411	
-27724	-24013	-27570	
-27009	-26664	-25024	
-27917	-25043	-26885	
-27709	-25655	-26137	
-28039	-24888	-26951	
-27472	-25983	-25930	
-26986	-26667	-24787	
-28006	-24893	-26833	
-27786	-25396	-26429	
-27776	-25431	-26648	
-27330	-26265	-25623	
-27333	-26174	-25674	
-27692	-25647	-26257	
-27709	-23881	-27574	
-27350	-26132	-26524	
-27513	-25890	-26205	
-27705	-24451	-27635	
-27350	-26138	-25864	
-27495	-25933	-25842	
-27615	-25671	-26479	
-27471	-25984	-25931	
-27337	-26142	-25653	
-27336	-26143	-25654	
-27614	-25672	-26480	
-27609	-25680	-26312	
-27579	-25743	-26339	
-27622	-25648	-26460	
-27818	-25194	-26702	
-27752	-25479	-26610	
-27396	-26113	-26348	
-26860	-26797	-25195	
-27032	-26616	-25187	
-27284	-26284	-25799	
-27717	-25580	-26383	
-27846	-25075	-27054	
-27702	-24142	-27648	
-27552	-25842	-26080	
-27575	-25813	-26149	
-27763	-25367	-26768	
-27708	-25528	-26508	
-27746	-24559	-27465	
-27232	-26392	-25399	
-27458	-25951	-26348	
-26913	-26685	-25362	
-27195	-26337	-25630	
-27416	-26022	-25896	
-27520	-25873	-26125	
-27673	-25601	-26429	
-27396	-26119	-25688	
-26897	-26691	-24990	
-27374	-26126	-25739	
-26890	-26695	-25303	
-27573	-25753	-26260	
-26959	-26666	-25186	
-26877	-26721	-25334	
-26713	-26937	-24281	
-27848	-24873	-27002	
-26674	-26957	-25275	
-27061	-26518	-25290	
-27522	-25798	-26245	
-27715	-24236	-27477	
-27307	-26236	-25962	
-27451	-25960	-26041	
-27191	-26407	-25440	
-27805	-25130	-26822	
-27799	-25095	-27231	
-26868	-26732	-24967	
-27175	-26447	-25305	
-26866	-26743	-25646	
-27792	-25185	-26953	
-27168	-26436	-25371	
-27189	-26347	-25551	
-26866	-26749	-24986	
-27138	-26392	-25536	
-27739	-25449	-27154	
-27644	-25518	-26762	
-27136	-26467	-25416	
-26977	-26571	-25297	
-27512	-25763	-26576	
-27581	-25529	-26541	
-27567	-25557	-26533	
-27552	-25696	-26353	
-27503	-25799	-26454	
-27471	-25844	-26356	
-27030	-26493	-25553	
-26791	-26892	-25143	
-27532	-25683	-26357	
-27844	-24995	-27064	
-27564	-25601	-26742	
-27087	-26438	-25647	
-27119	-26393	-25745	
-27801	-24894	-27267	
-27021	-26510	-25404	
-27470	-25845	-26357	
-27498	-23951	-27872	
-26962	-26580	-25562	
-26975	-26529	-25580	
-27084	-26443	-25860	
-27517	-25621	-26919	
-26946	-26626	-25386	
-22723	-29067	-24419	
-27516	-25641	-26514	
-26731	-26902	-25369	
-27741	-25097	-26984	
-26699	-26918	-24747	
-22658	-29079	-24876	
-26995	-26505	-25429	
-27274	-26241	-25844	
-26936	-26637	-25525	
-27170	-26269	-26048	
-27731	-24793	-27369	
-26992	-26510	-25642	
-27115	-26308	-26078	
-27438	-25876	-26402	
-27721	-24741	-27370	
-27278	-26171	-26034	
-27137	-26274	-25930	
-27114	-26341	-25968	
-27128	-26277	-25851	
-26808	-26808	-25264	
-27016	-26467	-25827	
-27504	-25625	-26708	
-27498	-25747	-26677	
-27393	-25830	-26410	
-27194	-26183	-26168	
-27369	-25814	-26879	
-26556	-27068	-24697	
-27451	-25767	-26854	
-27750	-24806	-27298	
-22565	-29101	-24291	
-27639	-25466	-26985	
-27192	-26214	-25973	
-27418	-25772	-26736	
-27112	-26343	-26075	
-27263	-26135	-26061	
-27706	-24975	-27274	
-27250	-26149	-26355	
-27180	-26195	-26033	
-27375	-25947	-26387	
-27683	-24946	-27613	
-26943	-26583	-25470	
-27606	-25471	-26867	
-27598	-25479	-26794	
-27217	-26154	-26237	
-27522	-25533	-26847	
-26532	-27071	-24567	
-26501	-27093	-24926	
-26897	-26685	-25650	
-26941	-26509	-25998	
-27162	-26206	-26181	
-26935	-26520	-25603	
-27452	-25688	-26679	
-26932	-26597	-25711	
-26857	-26757	-25282	
-27058	-26363	-25984	
-27138	-26223	-26413	
-27636	-25010	-27237	
-26832	-26758	-25240	
-26821	-26790	-25251	
-27517	-25481	-27070	
-27629	-25135	-27450	
-27687	-25356	-27180	
-27336	-25819	-26761	
-27313	-25848	-26692	
-27035	-26365	-26026	
-27034	-26366	-26027	
-27030	-26435	-26199	
-27631	-24957	-27292	
-27494	-24326	-27865	
-26775	-26813	-25146	
-27664	-25212	-27220	
-27440	-24370	-27874	
-27114	-26245	-26269	
-26810	-26777	-25459	
-26546	-27046	-25321	
-27306	-25874	-26590	
-26833	-26748	-25528	
-27155	-26159	-26204	
-22516	-29180	-25091	
-27093	-26301	-26129	
-26513	-27051	-25203	
-27275	-25895	-26590	
-26917	-26559	-26022	
-26742	-26795	-25403	
-27484	-25486	-26952	
-24205	-24482	-30002	
-27264	-25911	-26893	
-27459	-25519	-27019	
-27171	-26154	-26507	
-27035	-26346	-26120	
-26966	-26441	-26249	
-26767	-24954	-28440	
-27091	-26274	-26200	
-27264	-25989	-26548	
-27587	-25372	-27396	
-27446	-25653	-27088	
-27058	-26317	-26189	
-27244	-26036	-26590	
-26890	-26656	-25701	
-26886	-26561	-25942	
-26884	-26564	-25904	
-26880	-26583	-25839	
-27074	-26279	-26153	
-27509	-24762	-27805	
-26862	-26609	-26285	
-27062	-26247	-26379	
-27241	-25960	-26887	
-27027	-26280	-26250	
-26690	-26873	-25444	
-26728	-26779	-25504	
-27442	-25723	-26898	
-26851	-26704	-25826	
-27068	-26224	-26616	
-27065	-26227	-26278	
-27019	-26329	-26416	
-26662	-26798	-25459	
-26671	-26749	-25817	
-26654	-26834	-25535	
-27222	-26007	-26804	
-27485	-25464	-27107	
-26930	-26452	-26030	
-27435	-25668	-26944	
-26678	-26747	-25590	
-27329	-24040	-28006	
-27513	-25009	-27638	
-27198	-26057	-26828	
-26639	-26795	-25715	
-27399	-25673	-27265	
-27280	-25817	-26785	
-27395	-25743	-27075	
-27546	-25385	-27205	
-26928	-26445	-26118	
-26897	-26536	-26197	
-27401	-25472	-27301	
-27465	-25387	-27481	
-27632	-24858	-27644	
-27167	-26059	-26748	
-27118	-26175	-26459	
-27165	-26062	-26710	
-26971	-26371	-26250	
-27129	-26063	-26617	
-27122	-26111	-26881	
-26751	-26721	-25657	
-27468	-24533	-27835	
-27324	-24763	-28062	
-26740	-26737	-25781	
-26345	-27214	-25056	
-24160	-23914	-30071	
-26332	-27260	-24774	
-27494	-25050	-27452	
-26817	-26656	-25890	
-27492	-25158	-27499	
-27297	-25765	-26976	
-27579	-24863	-27703	
-26639	-26803	-25707	
-26962	-26384	-26322	
-26686	-26739	-26083	
-26635	-26923	-25707	
-27098	-26154	-26696	
-27546	-25143	-27426	
-27224	-25793	-27006	
-27535	-25279	-27422	
-26815	-26650	-26118	
-27011	-26279	-26522	
-26727	-26707	-25944	
-27480	-25014	-27520	
-27471	-25037	-27502	
-27442	-25146	-27535	
-27209	-25943	-26924	
-27224	-24110	-28091	
-27382	-24865	-27962	
-26916	-26421	-26513	
-26320	-27238	-25485	
-26638	-26790	-26129	
-27183	-25913	-27169	
-26814	-26651	-26119	
-26782	-26655	-26000	
-26865	-26465	-26433	
-27434	-25056	-27599	
-27238	-25761	-27109	
-26781	-26656	-26001	
-26992	-26282	-26430	
-26921	-26300	-26512	
-27437	-24965	-27757	
-26895	-26425	-26303	
-26921	-26314	-26419	
-26920	-26301	-26513	
-27365	-25404	-27312	
-27392	-25141	-27548	
-26627	-26873	-25813	
-27299	-25690	-27096	
-26967	-26237	-26889	
-27357	-25426	-27633	
-26719	-26683	-26014	
-26578	-26978	-25613	
-27208	-25767	-27090	
-27388	-25070	-27557	
-27027	-26155	-26726	
-26990	-26208	-26958	
-26943	-26272	-26582	
-27146	-25963	-27239	
-27283	-25524	-27647	
-26487	-27044	-25394	
-27235	-25706	-27116	
-27401	-25038	-27705	
-27228	-25723	-27196	
-26914	-26286	-26581	
-26938	-26279	-26656	
-26700	-26658	-26277	
-27092	-24207	-28168	
-26860	-26475	-26418	
-26913	-26287	-26582	
-26901	-26331	-26572	
-26476	-27069	-25709	
-27243	-25666	-27317	
-26859	-26476	-26419	
-26620	-26834	-25831	
-26812	-26505	-26307	
-26999	-26117	-26790	
-27117	-26059	-27104	
-27188	-25726	-27293	
-26531	-27007	-25501	
-27187	-25764	-27154	
-26609	-26899	-26259	
-26766	-26619	-26390	
-26799	-26507	-26460	
-26517	-26925	-25863	
-26494	-26952	-25732	
-26704	-26644	-26194	
-27340	-25053	-27797	
-26450	-27149	-25352	
-26890	-26373	-26526	
-26434	-27120	-25379	
-27340	-25081	-27741	
-26888	-26299	-27054	
-26677	-26687	-26208	
-26839	-26406	-26566	
-26887	-26300	-27055	
-27378	-24935	-27772	
-26398	-27108	-25499	
-27205	-25533	-27357	
-26865	-26328	-26985	
-26520	-26901	-25718	
-26494	-26973	-25700	
-27337	-25262	-27761	
-27188	-25593	-27339	
-26919	-26277	-26661	
-26905	-26261	-26762	
-26663	-26711	-26487	
-26838	-26341	-26608	
-27183	-25541	-27478	
-26782	-26461	-26472	
-26811	-26378	-26678	
-27181	-25616	-27358	
-27084	-26064	-26986	
-26746	-26460	-26667	
-27061	-26093	-26917	
-27324	-25198	-27881	
-26384	-27136	-25491	
-26471	-26944	-26039	
-27150	-25546	-27360	
-27136	-25575	-27374	
-26757	-26566	-26450	
-26436	-26968	-26317	
-26725	-26549	-26487	
-27135	-25598	-27398	
-26770	-26397	-26593	
-27086	-25684	-27351	
-27104	-25798	-27297	
-27066	-24421	-28227	
-26424	-26976	-25735	
-26711	-26463	-26555	
-26705	-26474	-26541	
-27130	-25546	-27621	
-26417	-26993	-25815	
-27129	-25589	-27472	
-27071	-25615	-27536	
-26679	-26486	-26949	
-27065	-25965	-27515	
-27069	-25744	-27333	
-26481	-26922	-26276	
-26968	-26109	-27003	
-26795	-26355	-26867	
-26662	-26593	-26500	
-26383	-27001	-25865	
-26708	-26607	-26407	
-26656	-26515	-26880	
-26361	-27047	-25720	
-27038	-26064	-27256	
-26360	-27048	-25721	
-26323	-27053	-26008	
-27298	-25290	-27743	
-26667	-26589	-26425	
-22298	-29250	-25199	
-26770	-26357	-26740	
-26769	-26358	-26741	
-26748	-26375	-27044	
-27316	-25011	-27897	
-26949	-26138	-27055	
-26707	-26459	-26717	
-26647	-26535	-26541	
-27065	-25966	-27130	
-26391	-26969	-26367	
-26386	-26991	-25884	
-27283	-24969	-27911	
-27232	-25436	-27678	
-27116	-25567	-27760	
-26643	-26552	-26764	
-26905	-26150	-26993	
-26560	-26821	-26425	
-27226	-24858	-28014	
-27205	-24914	-28056	
-26309	-27114	-25777	
-26686	-26388	-27006	
-26603	-26564	-26572	
-26938	-26081	-27087	
-26336	-26985	-26148	
-27205	-25349	-27875	
-26602	-26565	-26573	
-26600	-26617	-26754	
-26121	-27406	-25133	
-27043	-24698	-28195	
-26905	-26095	-27175	
-27177	-24974	-27927	
-26325	-26997	-25979	
-26886	-26185	-27067	
-26087	-27410	-25235	
-26282	-27065	-26110	
-27160	-25004	-27949	
-26849	-26168	-27095	
-27164	-25120	-27905	
-26243	-27260	-25712	
-26831	-24730	-28384	
-26278	-27187	-25791	
-27182	-25421	-27825	
-26586	-26696	-26540	
-25963	-27501	-26019	
-27154	-24826	-28087	
-26777	-24774	-28393	
-27042	-25724	-27569	
-26277	-27072	-26184	
-23943	-24221	-30074	
-26838	-26131	-27200	
-27126	-25036	-28047	
-26258	-27115	-26134	
-27129	-25155	-27936	
-26978	-25079	-28210	
-26210	-27265	-25594	
-26120	-27405	-25353	
-27129	-25522	-27769	
-26209	-27282	-25739	
-23911	-22812	-30131	
-27073	-25011	-28133	
-26977	-24608	-28211	
-26951	-24557	-28314	
-26559	-26685	-26597	
-26826	-26155	-27145	
-27034	-25634	-27633	
-26537	-26850	-26356	
-26986	-25971	-27282	
-26836	-26206	-27080	
-26174	-27355	-25660	
-26490	-26780	-26545	
-26965	-25982	-27346	
-26851	-26088	-27271	
-26316	-26986	-26082	
-25925	-27512	-25466	
-26305	-27051	-26510	
-26822	-26274	-27093	
-26886	-25987	-27498	
-26815	-26160	-27131	
-26854	-26025	-27438	
-26807	-26190	-27127	
-26240	-27124	-26100	
-25832	-27520	-25116	
-27078	-25452	-28032	
-25825	-27529	-25297	
-26505	-26873	-26369	
-26216	-27211	-26045	
-26543	-26672	-26660	
-26795	-26136	-27177	
-26267	-27191	-25692	
-26788	-26171	-27373	
-26736	-26222	-27296	
-27028	-25638	-27637	
-27024	-25760	-27699	
-26853	-26056	-27404	
-26981	-24898	-28190	
-26767	-26180	-27301	
-26240	-27209	-25725	
-26743	-26188	-27200	
-26462	-26771	-26641	
-26642	-26521	-26843	
-26455	-26897	-26381	
-26940	-24669	-28220	
-26735	-26223	-27297	
-26627	-26522	-26883	
-26733	-26298	-27177	
-26605	-26550	-26813	
-26437	-26838	-26515	
-26932	-24681	-28255	
-26521	-26622	-26906	
-26772	-26278	-27066	
-27013	-25872	-27541	
-26741	-26336	-27062	
-26797	-26061	-27297	
-26484	-26640	-27412	
-26793	-26076	-27288	
-26587	-26553	-26874	
-26554	-26558	-26756	
-26525	-26578	-26775	
-26141	-27360	-25542	
-26617	-26483	-26954	
-26604	-26551	-26814	
-26590	-26427	-27254	
-26078	-27365	-25932	
-26381	-26843	-26408	
-26164	-27283	-25789	
-26451	-26649	-26788	
-26359	-26863	-26738	
-26972	-25802	-27638	
-26524	-26573	-27189	
-26703	-24309	-28510	
-26631	-26307	-27091	
-26428	-26678	-26719	
-26627	-26350	-27231	
-27074	-25522	-27842	
-26922	-24531	-28338	
-26905	-25077	-28268	
-27017	-25650	-27744	
-26426	-26732	-26732	
-26351	-26871	-26491	
-26667	-24057	-28525	
-26586	-26549	-27316	
-26159	-27266	-25951	
-25997	-27373	-25628	
-26347	-26907	-26728	
-27020	-25350	-28132	
-26929	-25121	-28244	
-26609	-26362	-27166	
-26937	-25840	-27795	
-26871	-24922	-28296	
-26713	-26251	-27227	
-26102	-27307	-25662	
-25994	-27417	-25518	
-26385	-26773	-26598	
-26594	-26373	-27166	
-26383	-26774	-26592	
-27012	-25598	-27967	
-26645	-26275	-27194	
-26421	-26701	-26738	
-26873	-25956	-27595	
-26926	-25855	-27651	
-26413	-26761	-26793	
-25978	-27382	-25763	
-26857	-24638	-28323	
-26736	-26077	-27784	
-26748	-26030	-27454	
-27008	-25668	-27777	
-26689	-26242	-27473	
-26747	-26052	-27454	
-26203	-27142	-26606	
-26732	-26147	-27594	
-26227	-27060	-26220	
-26666	-24444	-28525	
-26613	-26298	-27588	
-26389	-26709	-27020	
-26205	-27068	-26341	
-26202	-27143	-26607	
-26170	-27152	-26047	
-26153	-27159	-26081	
-26764	-25982	-27527	
-26852	-24640	-28298	
-26979	-25603	-27849	
-26491	-26578	-27071	
-26140	-27167	-26480	
-25684	-27641	-25457	
-26137	-27216	-26197	
-26837	-25857	-27626	
-26822	-25868	-27626	
-26107	-27225	-26098	
-26620	-24350	-28563	
-26795	-25942	-27649	
-26084	-27254	-26029	
-26924	-25776	-27915	
-26601	-26315	-27412	
-25731	-27574	-25675	
-26278	-26913	-26517	
-26254	-26963	-26541	
-25660	-27689	-25800	
-26388	-26723	-26904	
-26764	-25940	-27718	
-26818	-24791	-28376	
-25770	-27526	-25550	
-26353	-26796	-26992	
-26967	-25122	-28164	
-26072	-27287	-25953	
-25729	-27594	-25852	
-26042	-27326	-26023	
-26218	-26908	-26702	
-26217	-26909	-26703	
-26206	-27021	-26545	
-26602	-24668	-28581	
-26029	-27355	-26084	
-25759	-27538	-25983	
-25969	-27379	-26050	
-26918	-25164	-28198	
-25904	-27505	-25617	
-26805	-24937	-28354	
-25713	-27603	-25355	
-26332	-26800	-26782	
-25758	-27556	-25750	
-26306	-26837	-26825	
-26561	-24514	-28610	
-26011	-27226	-26219	
-26966	-25539	-27969	
-25991	-27233	-26495	
-26901	-25501	-28126	
-26916	-25267	-28222	
-26177	-26926	-26790	
-26108	-27211	-26214	
-26922	-25445	-28084	
-26559	-26411	-27323	
-25990	-27234	-26496	
-25976	-27308	-26291	
-26759	-25888	-27941	
-26634	-26169	-27495	
-26535	-26461	-27347	
-26107	-27172	-26362	
-26153	-26974	-26752	
-26823	-25238	-28274	
-26041	-27184	-26241	
-26244	-26841	-26749	
-26202	-26869	-26952	
-26040	-27185	-26242	
-26856	-25591	-28019	
-26518	-26342	-27433	
-26804	-24947	-28284	
-26814	-25796	-27922	
-26872	-25683	-27941	
-25696	-27597	-25467	
-26762	-25008	-28297	
-26295	-26813	-27139	
-26384	-26657	-27243	
-26661	-24858	-28512	
-26783	-25838	-27917	
-22106	-29284	-25025	
-26914	-25355	-28148	
-26351	-26662	-27125	
-26674	-26100	-27876	
-26152	-27054	-26637	
-26825	-25742	-28006	
-26326	-26771	-27144	
-26719	-25269	-28481	
-26752	-25073	-28290	
-26850	-25413	-28157	
-26608	-26246	-27811	
-23828	-23739	-30208	
-26769	-25598	-28203	
-26151	-27055	-26638	
-26129	-26977	-26836	
-26327	-26748	-27005	
-26141	-26887	-26881	
-26100	-27086	-26966	
-26810	-25272	-28238	
-25942	-27365	-26435	
-26483	-26367	-27758	
-26808	-25472	-28178	
-26726	-25893	-27823	
-26770	-25339	-28218	
-26434	-26472	-27558	
-26767	-25678	-28027	
-25967	-27256	-26416	
-25911	-27407	-26430	
-26129	-26931	-26848	
-26104	-26964	-26904	
-26195	-26830	-26970	
-26124	-26879	-27071	
-26025	-27145	-26491	
-26669	-25615	-28034	
-26285	-26701	-27241	
-26717	-25813	-27956	
-26715	-25339	-28291	
-26662	-25719	-28164	
-26123	-26880	-27072	
-25985	-27212	-26714	
-26175	-26844	-27138	
-25860	-27435	-26040	
-26658	-25789	-27974	
-26087	-27121	-26618	
-25811	-27424	-26261	
-25616	-27691	-25395	
-26142	-26849	-27020	
-25516	-27709	-25454	
-26563	-25262	-28533	
-26757	-25384	-28209	
-26048	-27141	-26729	
-26677	-25485	-28260	
-26620	-25928	-28166	
-26272	-26731	-27301	
-26622	-26007	-27902	
-25811	-27425	-26192	
-25848	-27479	-26030	
-25790	-27445	-26062	
-25828	-27443	-26035	
-25504	-27720	-25393	
-25944	-27253	-26672	
-25498	-27743	-25741	
-26432	-26547	-27438	
-25772	-27471	-26508	
-25512	-27693	-26336	
-26306	-26643	-27297	
-26275	-26654	-27416	
-26248	-26753	-27157	
-26077	-26883	-27247	
-26062	-26953	-27006	
-25448	-27780	-25689	
-26172	-26769	-27266	
-25726	-27543	-25865	
-26332	-26563	-27654	
-25703	-27566	-26456	
-25721	-27540	-26010	
-25874	-27254	-26875	
-26668	-25374	-28292	
-25844	-27270	-26503	
-26653	-25415	-28416	
-26537	-25949	-27937	
-25727	-27518	-26113	
-26153	-26780	-27207	
-26383	-26384	-27589	
-25287	-27888	-25148	
-26050	-26903	-27066	
-25933	-27119	-26740	
-26108	-26841	-27252	
-25840	-27308	-26794	
-26522	-26023	-28118	
-26348	-26468	-27639	
-25613	-27622	-26216	
-25927	-27155	-27024	
-26089	-26872	-27232	
-25374	-27843	-25549	
-26613	-25502	-28229	
-26007	-27020	-27070	
-26252	-26683	-27347	
-26561	-26086	-27896	
-25447	-27804	-25402	
-25723	-27527	-26091	
-26556	-26153	-27837	
-25319	-27845	-25203	
-26609	-25509	-28227	
-25299	-27846	-25425	
-25291	-27857	-25159	
-26601	-25664	-28338	
-25269	-27863	-25579	
-26224	-26566	-27447	
-26032	-26963	-26994	
-26198	-26646	-27424	
-26084	-26875	-27155	
-26620	-25420	-28298	
-26604	-25457	-28450	
-26174	-26694	-27386	
-26185	-26582	-27544	
-26611	-25631	-28195	
-25996	-27060	-27076	
-25827	-27343	-26446	
-26456	-26169	-28053	
-25992	-26905	-27175	
-26520	-26098	-27998	
-25600	-27657	-25868	
-26133	-26708	-27550	
-25808	-27348	-26558	
-25435	-27815	-25341	
-26144	-26594	-27646	
-26096	-26737	-27520	
-25443	-27788	-26284	
-25401	-27812	-25490	
-26461	-26221	-27830	
-25897	-27225	-26944	
-26094	-26751	-27279	
-25958	-26927	-27116	
-21929	-29292	-25577	
-26078	-26740	-27581	
-26034	-26773	-27302	
-26063	-26745	-27305	
-26407	-24551	-28697	
-26313	-26461	-27800	
-26003	-26793	-27333	
-25074	-27972	-24966	
-26568	-25835	-28192	
-25567	-27648	-26174	
-25796	-27385	-26441	
-25957	-26948	-27092	
-26403	-24825	-28746	
-26454	-26244	-27933	
-25788	-27363	-26557	
-26026	-26764	-27402	
-25953	-26958	-27348	
-25998	-26860	-27274	
-25467	-27740	-25941	
-26016	-26765	-27482	
-26529	-25699	-28278	
-25985	-26846	-27342	
-26555	-25172	-28597	
-26280	-26299	-27851	
-25946	-27084	-27088	
-25755	-27353	-26617	
-25928	-27025	-27222	
-25055	-27971	-24969	
-26519	-25825	-28344	
-21888	-29354	-25133	
-25351	-27814	-25888	
-25088	-27966	-25087	
-25954	-26839	-27374	
-26504	-26059	-28248	
-26567	-25509	-28366	
-25689	-27499	-26552	
-26280	-26470	-27680	
-26275	-26328	-27840	
-26136	-26504	-27710	
-25713	-27311	-26835	
-25694	-27329	-27313	
-26262	-26245	-27946	
-26258	-26367	-28008	
-26081	-26614	-27961	
-25651	-27457	-26606	
-25946	-26766	-27685	
-25938	-26855	-27459	
-26542	-25318	-28575	
-25662	-27345	-26764	
-26466	-25559	-28455	
-26132	-26540	-27696	
-26309	-26206	-28157	
-26500	-25534	-28354	
-25248	-27897	-25671	
-25842	-27058	-27198	
-26514	-25933	-28182	
-25644	-27406	-26783	
-26134	-26465	-27816	
-24897	-28066	-25855	
-26497	-25408	-28468	
-25800	-27116	-27155	
-26103	-26486	-27816	
-26217	-26380	-27817	
-26015	-26760	-27896	
-26307	-26219	-27952	
-25768	-27259	-26891	
-25833	-27185	-26985	
-26455	-25613	-28371	
-26196	-26391	-27881	
-26082	-26497	-27806	
-25750	-27301	-26840	
-26444	-25413	-28527	
-25874	-26961	-27299	
-26173	-26420	-27812	
-26404	-26076	-28079	
-25932	-26955	-27412	
-25862	-26982	-27294	
-25796	-27238	-27217	
-25231	-27879	-26173	
-26365	-25100	-28699	
-25916	-26794	-27522	
-26122	-26415	-27876	
-25844	-26983	-27318	
-26400	-25705	-28390	
-25839	-27006	-27276	
-26451	-25793	-28359	
-25749	-27302	-26841	
-25956	-26764	-27494	
-25736	-27282	-26904	
-26339	-25049	-28802	
-26410	-25415	-28652	
-25636	-27421	-26633	
-26085	-26434	-27973	
-26408	-25495	-28476	
-25884	-26816	-27474	
-26448	-25660	-28360	
-26424	-25655	-28366	
-25788	-27074	-27318	
-26383	-25586	-28476	
-25569	-27552	-26639	
-25734	-27262	-27090	
-26436	-25323	-28591	
-25821	-26836	-27789	
-25614	-27476	-26703	
-26466	-25926	-28288	
-25917	-26919	-27439	
-25508	-27592	-26372	
-25156	-27921	-26001	
-25866	-26831	-27470	
-26161	-26384	-28042	
-26244	-26281	-28076	
-26375	-25697	-28400	
-26373	-25637	-28511	
-25632	-27353	-27186	
-25850	-26776	-27790	
-25811	-27004	-27313	
-26145	-26390	-27905	
-25818	-26962	-27409	
-25817	-26958	-27851	
-25041	-28024	-26037	
-25507	-27576	-26512	
-25795	-26991	-27340	
-25916	-24314	-29051	
-25491	-27657	-26345	
-25477	-27590	-26441	
-25249	-27810	-26049	
-25631	-27354	-27187	
-25599	-27398	-26921	
-25144	-27932	-25940	
-25429	-27597	-26524	
-25785	-27024	-27483	
-25573	-27407	-26813	
-26360	-25931	-28304	
-25542	-27449	-26808	
-25401	-27618	-26774	
-26309	-25861	-28567	
-25207	-27887	-25833	
-26357	-25445	-28582	
-25775	-27078	-27266	
-25085	-27936	-25538	
-26302	-26167	-28175	
-26255	-25568	-28717	
-25758	-27105	-27257	
-25056	-27938	-25832	
-26315	-25917	-28325	
-26453	-25971	-28279	
-26323	-25527	-28539	
-25389	-27662	-26764	
-24982	-28028	-25635	
-24927	-28031	-26424	
-26255	-26169	-28234	
-26142	-26220	-28102	
-25533	-27513	-26730	
-25723	-27048	-27356	
-25745	-27150	-27248	
-26123	-26251	-28082	
-25709	-27095	-27409	
-25536	-27460	-27045	
-25448	-27566	-26534	
-26108	-26245	-28130	
-26302	-25996	-28279	
-26106	-26285	-28112	
-26104	-26365	-28130	
-26205	-25968	-28323	
-26111	-26218	-28171	
-25402	-27567	-26592	
-25722	-27066	-27348	
-26043	-26481	-28001	
-25711	-27180	-27252	
-26294	-25906	-28343	
-26249	-26063	-28260	
-26288	-24961	-28833	
-26242	-25481	-28787	
-25353	-27672	-26392	
-26210	-25926	-28319	
-25468	-27487	-26768	
-25504	-27526	-26677	
-26232	-26025	-28274	
-26197	-25970	-28286	
-26209	-25878	-28398	
-26167	-26087	-28400	
-25309	-27774	-26467	
-25991	-26388	-28027	
-26221	-26199	-28238	
-25985	-26417	-28022	
-26202	-25903	-28345	
-25454	-27530	-26650	
-26303	-25536	-28613	
-26038	-26340	-28169	
-25434	-27551	-27141	
-25456	-27498	-26783	
-25644	-27161	-27459	
-25897	-24853	-29060	
-25455	-27516	-26829	
-25755	-26982	-27724	
-25315	-27663	-26564	
-25693	-27056	-27659	
-25962	-26404	-28072	
-25698	-27207	-27251	
-25960	-26508	-28022	
-26140	-25086	-28851	
-26105	-26161	-28389	
-25840	-25249	-29063	
-25808	-24422	-29091	
-25433	-27552	-27142	
-25940	-26412	-28193	
-26049	-26204	-28173	
-26026	-26351	-28184	
-25930	-26420	-28048	
-25927	-26612	-28083	
-26006	-26266	-28258	
-25697	-27208	-27252	
-25659	-27086	-27663	
-26107	-24714	-28909	
-25436	-27477	-26876	
-23673	-22208	-30234	
-26129	-24896	-28897	
-25209	-27791	-26298	
-26145	-25876	-28697	
-25187	-27809	-26596	
-25273	-27735	-26558	
-26062	-25139	-28919	
-26132	-25910	-28661	
-25642	-27236	-27339	
-25977	-26627	-27936	
-26251	-25759	-28667	
-25485	-27372	-27076	
-26029	-24756	-28983	
-25141	-27840	-26602	
-25110	-27929	-26089	
-25871	-26632	-27952	
-26120	-25927	-28485	
-25861	-26758	-28018	
-25628	-27304	-27352	
-25990	-26297	-28476	
-25482	-27420	-27202	
-25238	-27780	-26535	
-25907	-26482	-28119	
-26136	-25486	-28803	
-26115	-25994	-28426	
-25557	-27178	-27374	
-25559	-27103	-27494	
-25987	-26337	-28198	
-25256	-27714	-26648	
-25334	-27568	-26972	
-25542	-27252	-27555	
-26089	-25477	-28809	
-25140	-27873	-26220	
-26008	-25183	-28928	
-26114	-25956	-28480	
-25941	-26312	-28213	
-25045	-27903	-26127	
-25903	-26431	-28290	
-25333	-27569	-26973	
-25286	-27596	-26785	
-25933	-26357	-28215	
-26103	-26092	-28476	
-25281	-27657	-27191	
-25867	-26503	-28150	
-25921	-26303	-28265	
-25097	-27865	-26356	
-25026	-27919	-26322	
-25516	-27332	-27198	
-25250	-27764	-26489	
-25921	-26312	-28237	
-25779	-26825	-27891	
-26036	-25346	-28889	
-25422	-27338	-27408	
-25857	-26536	-28293	
-25250	-27725	-26690	
-25416	-27395	-27241	
-24996	-27936	-26476	
-25615	-27066	-27778	
-25029	-27868	-26448	
-24989	-27965	-26285	
-26097	-25986	-28502	
-25830	-26617	-28067	
-25682	-26842	-27925	
-25522	-27122	-27591	
-26148	-25823	-28572	
-25806	-26574	-28163	
-25755	-26627	-28389	
-25194	-27738	-26902	
-25474	-27302	-27474	
-26069	-26122	-28480	
-25384	-27383	-27287	
-25729	-26657	-28037	
-26147	-25676	-28757	
-26056	-26151	-28541	
-25766	-26870	-27882	
-25382	-27458	-27167	
-25680	-26647	-28189	
-25665	-26881	-28093	
-25487	-27090	-27715	
-25483	-27092	-27882	
-25678	-26722	-28069	
-25491	-27164	-27586	
-24976	-27998	-26075	
-25476	-27227	-27594	
-25091	-27844	-26575	
-25472	-27107	-27738	
-25872	-26302	-28389	
-25088	-27852	-26566	
-25303	-27465	-27455	
-25157	-27757	-26618	
-25369	-27350	-27372	
-25368	-27526	-27180	
-25851	-26337	-28701	
-25471	-27117	-27655	
-25055	-27857	-26448	
-25365	-27441	-27201	
-25003	-27880	-27043	
-24960	-28001	-26120	
-25090	-27752	-26633	
-25299	-27561	-27133	
-25403	-27157	-27667	
-25998	-25952	-28593	
-24546	-28250	-25648	
-25075	-27740	-26747	
-25663	-26956	-27973	
-25039	-27783	-26961	
-25601	-26980	-27846	
-25851	-26338	-28316	
-25505	-27084	-27785	
-25819	-26403	-28333	
-25091	-27830	-26618	
-25088	-27779	-26631	
-24957	-28014	-26270	
-25993	-25417	-28832	
-25935	-25723	-28792	
-25570	-27012	-27786	
-25960	-25954	-28602	
-25947	-26060	-28561	
-25518	-27019	-27794	
-25399	-27308	-27491	
-25433	-27278	-27487	
-25662	-26683	-28202	
-25353	-27169	-28001	
-25419	-27116	-27696	
-25282	-27474	-27383	
-25369	-27319	-27520	
-23661	-23354	-30266	
-25330	-27343	-27444	
-25405	-27263	-27590	
-21412	-29364	-25145	
-25332	-27183	-27717	
-25978	-25349	-28917	
-25281	-27475	-27384	
-25801	-26351	-28490	
-25912	-25495	-28852	
-25011	-27815	-26815	
-25933	-25967	-28586	
-26049	-25696	-28698	
-26001	-25748	-28753	
-25806	-26448	-28324	
-25539	-27054	-27781	
-25986	-25481	-28818	
-25368	-27120	-27713	
-25279	-27550	-27264	
-25864	-25993	-28627	
-25328	-27250	-27630	
-25629	-26690	-28184	
-24934	-27975	-26991	
-25242	-24371	-29442	
-25628	-26713	-28323	
-25181	-27674	-27022	
-25383	-27109	-27713	
-25378	-27111	-27741	
-24880	-28033	-26054	
-25894	-25929	-28641	
-25904	-25504	-28934	
-24827	-28048	-26255	
-24379	-28323	-26037	
-25318	-27530	-27153	
-25896	-25849	-28817	
-25293	-27362	-27541	
-24338	-28376	-25619	
-25744	-24571	-29136	
-25296	-27536	-27149	
-25772	-26478	-28328	
-25627	-26748	-28133	
-25322	-27225	-27716	
-25175	-27723	-26916	
-25885	-25038	-29038	
-24958	-27927	-26648	
-25898	-25775	-28708	
-25470	-27028	-28002	
-25281	-27312	-27601	
-25705	-24696	-29170	
-24824	-28123	-26521	
-25075	-27679	-27038	
-24847	-28100	-25930	
-25867	-25019	-29049	
-25041	-27683	-26995	
-25164	-27528	-27275	
-24343	-28327	-25279	
-25510	-26889	-28132	
-25851	-25534	-28864	
-25614	-26793	-28124	
-25145	-27485	-27418	
-25751	-26354	-28532	
-24325	-28396	-25403	
-25749	-26429	-28412	
-25546	-26814	-28284	
-25655	-26644	-28220	
-25142	-27644	-27313	
-25270	-27261	-27650	
-25262	-27396	-27565	
-25279	-27276	-27609	
-25850	-25695	-28847	
-25036	-27758	-26977	
-25251	-27261	-27712	
-25428	-26893	-28029	
-21124	-29367	-24452	
-24735	-28129	-25928	
-25289	-27225	-27741	
-25735	-26497	-28425	
-25221	-27314	-27651	
-25105	-27663	-27410	
-25418	-26935	-28028	
-25035	-27710	-26987	
-25840	-25728	-28990	
-25634	-25234	-29281	
-24724	-28140	-26352	
-25129	-27580	-27433	
-25700	-24698	-29145	
-25676	-25055	-29131	
-25005	-27680	-27241	
-24522	-28266	-25694	
-25832	-26073	-28873	
-25683	-26404	-28451	
-25227	-27337	-27580	
-25240	-27401	-27460	
-24666	-28224	-25876	
-25271	-27183	-27771	
-25215	-27458	-27536	
-25511	-26879	-28215	
-24629	-28169	-26107	
-25402	-26905	-28030	
-25349	-26946	-28092	
-24691	-28145	-26234	
-25690	-24564	-29174	
-25215	-27348	-27595	
-21076	-29376	-24691	
-25253	-27186	-27832	
-25187	-27316	-27837	
-25020	-27731	-26982	
-25225	-27197	-27760	
-25660	-25285	-29178	
-25363	-26965	-28028	
-24518	-28297	-25683	
-25192	-27368	-27614	
-24995	-27713	-27384	
-25639	-26428	-28590	
-25265	-27182	-27837	
-25214	-27235	-28063	
-24893	-28028	-26573	
-25652	-26446	-28446	
-24548	-28211	-26258	
-25189	-27336	-27651	
-25206	-27245	-27897	
-25329	-27090	-28004	
-25326	-26984	-28125	
-24529	-28249	-25739	
-25175	-27463	-27586	
-25127	-27473	-27506	
-25703	-26534	-28415	
-25104	-27361	-27695	
-25618	-26476	-28450	
-25280	-27089	-28128	
-24935	-27757	-27071	
-25064	-27594	-27520	
-25347	-26892	-28143	
-25334	-26905	-28173	
-25789	-25640	-29021	
-25128	-27404	-27599	
-25773	-25727	-29110	
-25596	-26484	-28547	
-24397	-28300	-25828	
-24412	-28288	-26243	
-25091	-27423	-27696	
-25253	-27170	-27902	
-24933	-27737	-27257	
-25508	-26681	-28324	
-25567	-26567	-28428	
-25458	-26638	-28434	
-25506	-26486	-28588	
-25502	-26575	-28467	
-25431	-26888	-28139	
-25454	-26644	-28401	
-25420	-26674	-28405	
-24542	-28214	-26087	
-25662	-26338	-28612	
-25088	-27324	-27702	
-24448	-28228	-26089	
-25120	-27431	-27599	
-21043	-29406	-25523	
-25310	-26945	-28375	
-25070	-27420	-27760	
-24893	-27754	-27299	
-25458	-26775	-28300	
-24778	-28006	-26584	
-25489	-26609	-28431	
-24882	-27866	-27141	
-25026	-27495	-27695	
-24722	-28066	-26880	
-25495	-26849	-28217	
-25402	-26686	-28340	
-25494	-26850	-28218	
-25379	-26828	-28229	
-25376	-26799	-28440	
-25799	-26244	-28727	
-25348	-26826	-28298	
-25315	-26850	-28290	
-25456	-26569	-28521	
-24058	-28495	-25422	
-25260	-26959	-28164	
-24025	-28500	-25304	
-24989	-27514	-27792	
-25124	-27252	-27842	
-25774	-25874	-28925	
-25229	-27001	-28159	
-25121	-27291	-27876	
-25063	-27381	-27778	
-24790	-28058	-26554	
-25492	-25351	-29313	
-25440	-26632	-28523	
-25714	-26186	-28762	
-24305	-28381	-25501	
-24335	-28325	-25632	
-24962	-27520	-27522	
-25055	-27384	-27787	
-24281	-28326	-25826	
-25597	-26352	-28654	
-24953	-27586	-27652	
-24258	-28347	-25859	
-24869	-27802	-27261	
-24959	-27674	-27475	
-25213	-27088	-28248	
-25026	-27373	-27797	
-24527	-28175	-26267	
-25583	-26420	-28667	
-25099	-27309	-27918	
-24504	-28212	-26303	
-25023	-27386	-27828	
-25422	-26599	-28525	
-25413	-26565	-28550	
-24491	-28148	-26423	
-24647	-28125	-26405	
-23522	-23119	-30304	
-24418	-28218	-27131	
-24511	-28137	-26426	
-25149	-27124	-28233	
-25016	-27433	-28018	
-25697	-26335	-28823	
-24238	-28366	-26338	
-25085	-27236	-28037	
-25354	-26660	-28617	
-24709	-28101	-26532	
-25033	-27284	-27957	
-25019	-27382	-27972	
-25020	-27311	-27956	
-25473	-25890	-29322	
-24474	-28190	-26658	
-24582	-28082	-26746	
-25008	-27443	-27852	
-24947	-27641	-27564	
-25678	-25771	-28955	
-25485	-26426	-28712	
-25409	-26628	-28586	
-25442	-26482	-28669	
-25343	-26774	-28521	
-24830	-27829	-27354	
-24735	-27935	-27212	
-25682	-26202	-28894	
-25118	-27132	-28093	
-24217	-28377	-25978	
-24212	-28382	-25568	
-24167	-28414	-25926	
-24554	-28096	-26730	
-25049	-27141	-28064	
-25047	-27215	-28329	
-24896	-27683	-27419	
-25591	-25838	-28976	
-24859	-27713	-27887	
-25208	-27036	-28471	
-24525	-28100	-26573	
-25498	-26353	-28742	
-24487	-28123	-27183	
-25575	-25911	-28974	
-25594	-25431	-29113	
-25357	-26535	-28612	
-25279	-26811	-28381	
-25571	-25664	-29141	
-24942	-27589	-27787	
-24766	-27717	-27523	
-25274	-26890	-28536	
-24765	-27718	-27524	
-24759	-27730	-27718	
-24239	-28332	-25873	
-24910	-27592	-27642	
-25525	-25984	-28911	
-24715	-27807	-27365	
-24632	-28027	-27309	
-24371	-28282	-26755	
-25561	-25818	-28999	
-24965	-27345	-28049	
-24714	-27798	-27390	
-25302	-26567	-28643	
-25508	-26336	-28734	
-24336	-28302	-26147	
-24648	-27944	-27325	
-24954	-27457	-27891	
-24090	-28453	-25706	
-25494	-26096	-29020	
-24685	-27925	-27228	
-25530	-25435	-29171	
-24676	-27739	-27667	
-25584	-25728	-29021	
-24635	-27952	-27043	
-24999	-27223	-28366	
-25306	-26698	-28542	
-24923	-27489	-27831	
-24684	-27847	-27243	
-25396	-26444	-28838	
-24954	-27271	-28142	
-24997	-27229	-28118	
-24663	-27809	-27620	
-25484	-26386	-28758	
-24275	-28313	-26106	
-25515	-25771	-29043	
-25293	-26514	-28703	
-24650	-27877	-27247	
-25065	-27077	-28431	
-25301	-26451	-28737	
-24649	-27878	-27248	
-24536	-28090	-26834	
-25291	-26681	-28547	
-25223	-24910	-29451	
-24682	-27874	-27241	
-25222	-26797	-28562	
-25419	-26401	-28751	
-25492	-25452	-29257	
-24892	-27531	-27826	
-25269	-26530	-28772	
-24244	-28295	-26216	
-24931	-27375	-28053	
-25268	-26597	-28647	
-24879	-27282	-28079	
-24047	-28493	-26218	
-24579	-28039	-27273	
-25208	-26865	-28575	
-25631	-26310	-28862	
-24084	-28440	-25986	
-25255	-26626	-28708	
-24467	-28185	-26782	
-24864	-27356	-28260	
-24854	-27441	-27974	
-24570	-28051	-27182	
-24676	-27925	-27234	
-25189	-26772	-28643	
-24596	-27850	-27736	
-25482	-25882	-29026	
-24821	-27580	-27927	
-24645	-27893	-27338	
-24524	-28070	-26951	
-25488	-25771	-29066	
-25435	-26101	-28905	
-24947	-27232	-28160	
-25428	-26242	-28955	
-24115	-28396	-26249	
-24913	-27251	-28460	
-24790	-27512	-28029	
-24051	-28445	-25868	
-24583	-27858	-27454	
-24838	-27402	-28224	
-24581	-27939	-27340	
-25174	-26665	-28697	
-24527	-27945	-27684	
-24455	-28165	-26899	
-25166	-26961	-28486	
-24856	-27366	-28094	
-25184	-26535	-28727	
-24234	-28287	-26548	
-25344	-26351	-28864	
-25152	-26721	-28772	
-21034	-29414	-25107	
-24837	-27437	-28034	
-25237	-26301	-28996	
-25443	-26008	-29051	
-24196	-28297	-26812	
-25156	-26943	-28497	
-25178	-26469	-29096	
-24440	-28187	-26807	
-25125	-26892	-28596	
-25142	-27011	-28510	
-24173	-28340	-26376	
-24771	-27412	-28073	
-24738	-27419	-28055	
-25133	-26517	-28872	
-23587	-28723	-24711	
-25335	-26108	-28980	
-25135	-25913	-29469	
-25208	-26416	-28942	
-24988	-27009	-28632	
-24981	-27190	-28368	
-24707	-27636	-28129	
-25054	-26863	-28697	
-24930	-27102	-28399	
-24736	-27527	-27999	
-25325	-26147	-28964	
-24150	-28301	-27097	
-25175	-26872	-28557	
-24647	-27804	-27776	
-23982	-28540	-25816	
-24139	-28337	-26525	
-25424	-25995	-29122	
-25303	-26155	-29061	
-25069	-26741	-28928	
-24425	-28147	-27056	
-25081	-26595	-28794	
-23591	-28737	-24386	
-24517	-28005	-27320	
-24788	-27587	-27909	
-24819	-24285	-29680	
-24480	-27950	-27551	
-24813	-27268	-28291	
-25052	-24788	-29552	
-24427	-27962	-27515	
-24955	-27014	-28514	
-24077	-28375	-26355	
-24893	-27092	-28737	
-24123	-28344	-26349	
-20665	-29456	-25485	
-24106	-28342	-26407	
-24800	-27269	-28264	
-24779	-27298	-28295	
-23525	-28745	-24889	
-24423	-27983	-27390	
-24053	-28354	-26371	
-24669	-27503	-28169	
-24037	-28437	-26355	
-23997	-28346	-26595	
-24420	-28118	-27198	
-24668	-27327	-28335	
-24356	-28242	-27004	
-23995	-28399	-26629	
-25021	-24784	-29565	
-24055	-28341	-26452	
-24138	-28312	-27112	
-25293	-26137	-29072	
-25185	-26208	-29022	
-24412	-28083	-27557	
-24044	-28442	-26231	
-25050	-26812	-28868	
-24637	-27740	-27810	
-24552	-27644	-28168	
-24617	-27410	-28195	
-25251	-26062	-29087	
-24087	-28315	-26719	
-24495	-27727	-28018	
-24827	-27188	-28490	
-24630	-27363	-28306	
-24548	-27421	-28259	
-24953	-26881	-28648	
-24583	-27406	-28236	
-24640	-27337	-28349	
-24256	-28260	-26766	
-25373	-25907	-29153	
-24537	-27511	-28239	
-24605	-27728	-27840	
-24463	-27767	-27782	
-24924	-26875	-28663	
-25190	-25935	-29219	
-24437	-27829	-27792	
-24633	-27273	-28371	
-23513	-28725	-25006	
-24410	-27772	-27841	
-24793	-27109	-28568	
-25166	-26004	-29122	
-25149	-26153	-29183	
-25261	-25312	-29333	
-24950	-26829	-28699	
-24546	-27367	-28310	
-24319	-28189	-27318	
-24512	-27405	-28281	
-24632	-27288	-28426	
-24681	-27183	-28626	
-24443	-27782	-27781	
-23476	-23970	-30318	
-24396	-27760	-27902	
-24367	-28130	-27162	
-23986	-28436	-26400	
-23982	-28335	-27130	
-24636	-27510	-28151	
-24609	-27322	-28464	
-25096	-24837	-29483	
-23406	-28788	-25260	
-23926	-28494	-26577	
-24528	-27349	-28602	
-24509	-27420	-28542	
-23932	-28471	-26229	
-24309	-27827	-27923	
-23502	-28706	-25610	
-24461	-27871	-27732	
-24501	-27430	-28376	
-23957	-28414	-26772	
-24657	-27250	-28467	
-24418	-27554	-28476	
-24841	-26999	-28763	
-25035	-26679	-28939	
-24575	-27274	-28607	
-24344	-27918	-27776	
-23966	-28342	-26717	
-24344	-27960	-27585	
-24479	-27516	-28207	
-25017	-26648	-28954	
-24368	-27739	-28161	
-23963	-28343	-26744	
-24470	-27648	-28065	
-25048	-24869	-29477	
-24405	-27720	-28064	
-24319	-27760	-27998	
-24756	-26941	-28798	
-24266	-28141	-27373	
-24315	-28036	-27573	
-24267	-27947	-27625	
-24294	-27851	-27998	
-24984	-26591	-28970	
-24265	-27965	-27737	
-25126	-26204	-29155	
-25133	-25993	-29293	
-24263	-28069	-27687	
-23863	-28566	-26177	
-23829	-28563	-26326	
-24352	-27700	-28411	
-24979	-26515	-28994	
-24292	-27866	-27996	
-24219	-28206	-27149	
-23803	-28618	-25762	
-24201	-28093	-27560	
-25083	-26299	-29118	
-24739	-27090	-28859	
-24207	-28217	-27164	
-24290	-27898	-27863	
-25125	-26203	-29207	
-25165	-25892	-29240	
-23932	-28339	-26866	
-24167	-28112	-27560	
-24144	-28203	-27223	
-24966	-26560	-28985	
-23930	-28373	-27048	
-24947	-26547	-29056	
-24639	-27107	-28690	
-23677	-28676	-26014	
-23447	-28709	-26399	
-24071	-28229	-27185	
-25042	-26230	-29228	
-24539	-27235	-28698	
-24098	-28207	-27508	
-23779	-28618	-25763	
-24242	-27758	-28024	
-24146	-28116	-27731	
-24951	-26794	-28889	
-24243	-27973	-27858	
-23894	-28438	-26692	
-24016	-28287	-27280	
-24881	-26677	-29061	
-25108	-26084	-29293	
-24908	-26238	-29262	
-24896	-26443	-29157	
-23826	-28511	-26408	
-24228	-27826	-28037	
-23549	-28682	-26129	
-24669	-26768	-28950	
-24191	-27879	-28269	
-23388	-28814	-25706	
-24212	-27981	-27718	
-24269	-27895	-27927	
-23863	-28434	-26814	
-23461	-23838	-30322	
-23520	-28684	-25941	
-24634	-26918	-28870	
-24582	-26879	-28876	
-24161	-27995	-27689	
-23823	-28439	-26722	
-23811	-28472	-26588	
-24582	-26825	-28896	
-23425	-28713	-25696	
-23826	-28512	-26339	
-23789	-28458	-26722	
-23764	-28537	-26364	
-24549	-26773	-28920	
-23404	-28749	-26911	
-23830	-28390	-26879	
-24500	-26926	-28904	
-23749	-28534	-26566	
-25067	-26139	-29228	
-24593	-26765	-28972	
-24527	-27181	-28748	
-24141	-28064	-27954	
-24207	-27918	-28019	
-24485	-26793	-28975	
-24770	-26262	-29180	
-23901	-28265	-27291	
-24830	-26589	-29092	
-24407	-27243	-28663	
-23881	-28227	-27510	
-24483	-26903	-28925	
-23487	-28689	-25823	
-23777	-28469	-26737	
-23748	-28412	-26825	
-24760	-26293	-29166	
-24374	-27347	-28724	
-24559	-26726	-29004	
-23125	-22624	-30328	
-24156	-27943	-27912	
-24221	-27714	-28180	
-23733	-28432	-27135	
-24982	-26171	-29291	
-24051	-28160	-27576	
-23811	-28375	-26893	
-23483	-28698	-25779	
-24803	-24581	-29667	
-23720	-28553	-26670	
-24658	-26465	-29403	
-23917	-28309	-27168	
-23730	-28519	-26580	
-23736	-28470	-26686	
-25069	-26059	-29404	
-24749	-26250	-29222	
-24815	-26482	-29146	
-24347	-27428	-28498	
-24468	-27005	-28939	
-23850	-28247	-27375	
-24306	-27358	-28693	
-24297	-27448	-28537	
-24343	-27206	-28773	
-24264	-27552	-28598	
-23712	-28443	-26775	
-24549	-26757	-28990	
-23827	-28339	-27190	
-23708	-28564	-26685	
-23695	-28632	-26312	
-24646	-26614	-29117	
-24465	-26872	-28940	
-24431	-26810	-28951	
-24450	-26739	-29011	
-23811	-28340	-27225	
-23706	-28486	-26766	
-23867	-28313	-27141	
-23771	-28345	-27133	
-23831	-28275	-27313	
-23964	-28193	-27691	
-23697	-28440	-26977	
-24430	-26825	-29006	
-24405	-26724	-29126	
-24972	-26202	-29277	
-23609	-28630	-26544	
-23764	-28357	-27342	
-24309	-27144	-28784	
-23664	-28527	-27083	
-24335	-26892	-29108	
-24710	-26599	-29080	
-23780	-28255	-27733	
-23778	-28296	-27290	
-24291	-27113	-28799	
-24610	-26575	-29208	
-23762	-28370	-27261	
-24089	-27970	-28365	
-24449	-26621	-29148	
-24198	-27698	-28533	
-24091	-27896	-28100	
-23047	-23591	-30414	
-24686	-26245	-29266	
-24423	-26640	-29082	
-24379	-26763	-29047	
-24273	-27105	-28875	
-24204	-27449	-28789	
-24287	-27154	-28793	
-23941	-28076	-27875	
-23743	-28271	-27790	
-24225	-27259	-28734	
-24153	-27746	-28309	
-24189	-27204	-28895	
-24372	-26775	-29033	
-23899	-28083	-27818	
-24937	-25695	-29488	
-24857	-26150	-29293	
-24758	-25170	-29675	
-24313	-26909	-28982	
-23911	-28205	-27655	
-24231	-27010	-28990	
-23873	-28084	-27895	
-23812	-28176	-27842	
-24221	-27012	-28901	
-23718	-28279	-27606	
-24265	-26937	-29032	
-24749	-24625	-29676	
-23864	-28210	-27522	
-23711	-28316	-27527	
-23849	-28171	-27702	
-24709	-24771	-29690	
-24592	-26611	-29338	
-24089	-27971	-27980	
-24221	-27300	-28728	
-23994	-28039	-27973	
-24178	-27049	-28919	
-24852	-25638	-29508	
-23730	-28381	-27148	
-24140	-27791	-28300	
-23663	-28380	-27268	
-23989	-27987	-28196	
-24492	-26612	-29239	
-23622	-28458	-27557	
-24700	-24593	-29744	
-23503	-28573	-26672	
-24152	-27356	-28815	
-23643	-28538	-26723	
-24104	-27466	-28620	
-24174	-27071	-28966	
-23473	-28654	-26963	
-23816	-28054	-28161	
-23308	-28844	-25373	
-24374	-26695	-29130	
-24277	-27352	-28708	
-23344	-28801	-26496	
-24271	-26642	-29317	
-24819	-25773	-29569	
-24037	-27877	-28391	
-23992	-27540	-28678	
-23681	-28338	-27546	
-24169	-27166	-29051	
-23557	-28536	-26955	
-23533	-28551	-26817	
-24257	-26758	-29314	
-23809	-28125	-27855	
-24123	-27350	-28830	
-23839	-27580	-28557	
-23726	-28152	-27876	
-23222	-28842	-25605	
-24196	-26956	-29026	
-23986	-27789	-28422	
-24712	-26051	-29474	
-23675	-28139	-27954	
-24108	-27217	-28901	
-23649	-28340	-27400	
-24676	-25150	-29694	
-23644	-28357	-27643	
-23832	-27696	-28718	
-24280	-26703	-29128	
-23989	-27416	-28849	
-24661	-25018	-29698	
-23848	-27735	-28468	
-24657	-24761	-29704	
-24162	-26914	-29149	
-23756	-28056	-28211	
-20362	-29484	-24455	
-23664	-28062	-28049	
-23688	-28312	-27622	
-23986	-27265	-28958	
-23224	-28848	-25300	
-23639	-28103	-28255	
-23902	-27528	-28736	
-24552	-25093	-29805	
-23170	-28884	-25814	
-23494	-28476	-27192	
-24671	-25822	-29504	
-24143	-26985	-29089	
-23802	-27814	-28447	
-23413	-28706	-26548	
-23732	-27713	-28549	
-23628	-28178	-27975	
-22930	-28970	-26085	
-23606	-28234	-27902	
-24585	-26359	-29436	
-23920	-27288	-28981	
-23710	-28276	-27672	
-23421	-28560	-27374	
-23634	-28140	-27912	
-24566	-26063	-29543	
-22917	-28978	-25803	
-23730	-27787	-28814	
-23186	-28819	-27019	
-24114	-26914	-29177	
-23647	-28329	-27658	
-24565	-24992	-29703	
-23739	-27290	-28892	
-23691	-27298	-28929	
-24667	-25575	-29671	
-23479	-28532	-26994	
-23632	-27408	-28919	
-23609	-28114	-27993	
-23475	-28469	-27422	
-24096	-27060	-29084	
-24077	-27008	-29112	
-23470	-28603	-26976	
-23782	-27881	-28403	
-23570	-28364	-27968	
-23775	-27985	-28271	
-23595	-28235	-28069	
-23700	-27905	-28543	
-23934	-27172	-28984	
-24062	-26875	-29183	
-23410	-28655	-26561	
-24519	-26173	-29440	
-24062	-26821	-29203	
-24462	-26167	-29598	
-24015	-27164	-29173	
-24601	-25721	-29606	
-23839	-27247	-29007	
-23678	-27694	-28840	
-24055	-26853	-29206	
-23385	-28625	-27018	
-23575	-28452	-27591	
-24011	-26787	-29214	
-24048	-27060	-29112	
-23086	-28866	-26024	
-23544	-28147	-28100	
-23973	-26868	-29246	
-23553	-27994	-28362	
-23620	-27354	-28969	
-23622	-27295	-28952	
-23832	-27263	-29080	
-23602	-27470	-28851	
-23436	-28041	-28406	
-24542	-25926	-29584	
-23352	-28655	-27322	
-24289	-26550	-29390	
-24278	-26270	-29474	
-24529	-25380	-29731	
-23584	-27462	-28927	
-23470	-28381	-27799	
-23334	-28133	-28117	
-23793	-26905	-29289	
-23273	-28242	-28257	
-24549	-24754	-29812	
-22799	-29031	-26080	
-23431	-27989	-28629	
-23760	-26978	-29200	
-24457	-25876	-29634	
-23054	-28908	-25740	
-23648	-27812	-28569	
-23442	-28382	-27603	
-23921	-26775	-29272	
-23211	-28466	-27722	
-23470	-27332	-28994	
-23363	-28543	-27480	
-23411	-28247	-28082	
-23573	-27522	-28851	
-24216	-26390	-29443	
-23532	-27369	-28953	
-23859	-26824	-29281	
-23288	-28146	-28107	
-23370	-27525	-28929	
-24033	-26583	-29422	
-24223	-26696	-29325	
-23445	-27313	-28995	
-23384	-27286	-29020	
-23436	-27379	-28994	
-23351	-28102	-28289	
-23630	-27804	-28645	
-23497	-27843	-28694	
-24146	-26428	-29446	
-23987	-26629	-29337	
-24212	-26282	-29511	
-24226	-26176	-29885	
-23645	-26956	-29211	
-23370	-27460	-29002	
-23908	-26655	-29367	
-23011	-28826	-26398	
-24196	-26294	-29614	
-23646	-26981	-29185	
-24160	-26312	-29449	
-23819	-26866	-29368	
-23523	-26998	-29227	
-23353	-27379	-29038	
-23616	-26950	-29226	
-24099	-26437	-29487	
-22997	-28833	-26125	
-23366	-27278	-29096	
-23339	-28096	-28322	
-23419	-27233	-29103	
-24380	-25608	-29755	
-23304	-27606	-28937	
-23406	-27082	-29203	
-23885	-26720	-29433	
-24135	-26403	-29449	
-23263	-28275	-28006	
-23156	-28533	-27557	
-23033	-28878	-25988	
-22975	-28843	-26874	
-23586	-26922	-29248	
-24321	-25726	-29643	
-24499	-25168	-29737	
-23576	-26953	-29234	
-23229	-28779	-26507	
-23236	-28052	-28518	
-23324	-27183	-29211	
-23119	-28397	-27731	
-23255	-28724	-27071	
-23282	-27377	-29116	
-22737	-29055	-25953	
-23107	-28440	-27832	
-23204	-28303	-28051	
-23399	-27992	-28484	
-24395	-25322	-29942	
-23472	-26936	-29268	
-23217	-28110	-28323	
-22971	-28844	-26035	
-23187	-28083	-28373	
-24314	-25754	-29690	
-22960	-28852	-26222	
-23282	-28039	-28528	
-23314	-27185	-29122	
-23391	-26999	-29257	
-23583	-26906	-29276	
-23399	-26971	-29277	
-24201	-26257	-29514	
-23784	-26534	-29563	
-23122	-28165	-28429	
-23423	-28375	-27833	
-23232	-27511	-28948	
-23112	-28499	-27606	
-23289	-27129	-29247	
-23244	-27277	-29137	
-24511	-24864	-29835	
-23216	-27458	-29124	
-24075	-26344	-29512	
-23190	-28281	-28147	
-24269	-25887	-29605	
-23216	-27523	-29051	
-22878	-27653	-28853	
-24228	-26086	-29690	
-23100	-28596	-27326	
-23087	-28628	-27505	
-23443	-26930	-29283	
-23074	-28378	-27846	
-22966	-28873	-26003	
-23409	-26868	-29294	
-23355	-26983	-29312	
-22868	-28936	-26132	
-23379	-27896	-28655	
-23056	-28311	-28364	
-24292	-25782	-29730	
-23242	-27251	-29146	
-23094	-28471	-27679	
-22976	-28523	-28025	
-22850	-27607	-28931	
-22829	-27611	-28866	
-23343	-27841	-28816	
-22816	-27621	-28906	
-23028	-28617	-27614	
-24065	-26375	-29498	
-23017	-28348	-28112	
-23212	-27276	-29218	
-23025	-28566	-27627	
-22781	-27627	-28891	
-22865	-28884	-26214	
-22775	-27639	-28924	
-23751	-26638	-29624	
-22993	-28472	-27771	
-23207	-27087	-29398	
-23277	-27987	-28751	
-23150	-27604	-29059	
-23703	-26748	-29429	
-23309	-26996	-29302	
-23252	-28672	-27153	
-22721	-29061	-24724	
-23942	-26406	-29612	
-23950	-26323	-29514	
-23181	-28299	-28146	
-23350	-26931	-29535	
-22759	-27741	-28865	
-22669	-29064	-24983	
-22946	-28845	-26686	
-23013	-28470	-27793	
-23070	-28180	-28408	
-24407	-24926	-29912	
-22913	-28850	-26568	
-23052	-28064	-28531	
-22881	-27704	-28840	
-23685	-26784	-29559	
-22711	-27795	-28873	
-22851	-28874	-26441	
-22547	-29101	-25737	
-22855	-27714	-28830	
-22703	-27668	-28910	
-23081	-27309	-29156	
-22916	-28178	-28530	
-23252	-28673	-27084	
-23192	-28710	-27130	
-22831	-28098	-28596	
-23243	-27142	-29237	
-23604	-26793	-29409	
-23034	-28742	-27261	
-23542	-26794	-29369	
-23373	-26829	-29385	
-23013	-27461	-29202	
-22690	-27876	-28911	
-23170	-27181	-29333	
-22638	-27783	-28937	
-24295	-25339	-29773	
-22646	-27607	-28946	
-23077	-28688	-27141	
-24287	-25411	-29791	
-22788	-28907	-26372	
-22557	-27793	-28995	
-22952	-28373	-28113	
-22944	-28565	-27741	
-23141	-27233	-29333	
-23040	-28633	-27372	
-23039	-27503	-29061	
-22912	-28383	-28232	
-23016	-28667	-27396	
-22770	-27587	-29147	
-20190	-29490	-24637	
-22779	-28005	-28622	
-23139	-28722	-27094	
-22749	-28010	-28628	
-22901	-28199	-28494	
-22763	-28854	-26507	
-22699	-28247	-28637	
-22998	-27274	-29293	
-22959	-28712	-27562	
-22692	-28871	-26536	
-22376	-27891	-28817	
-22840	-28397	-28206	
-22752	-28934	-26155	
-22179	-27995	-28724	
-22932	-27420	-29228	
-22452	-27621	-29006	
-24162	-26232	-29625	
-22726	-28931	-26245	
-22853	-28249	-28515	
-22163	-28097	-28665	
-22328	-27945	-28825	
-22929	-28587	-27649	
-22717	-28908	-26402	
-22898	-28754	-27282	
-22740	-28414	-28037	
-22327	-27624	-29049	
-22559	-29057	-25747	
-22417	-27817	-29002	
-22907	-28618	-27973	
-22605	-28399	-28042	
-22629	-28879	-26457	
-22642	-28868	-26776	
-22540	-28472	-28194	
-24126	-26193	-29716	
-22264	-27695	-29034	
-22927	-27307	-29278	
-22115	-28151	-28673	
-23630	-26532	-29685	
-22614	-29000	-26499	
-22875	-28764	-27148	
-22560	-28629	-28027	
-22628	-28875	-26503	
-22063	-28058	-28699	
-22648	-29003	-26350	
-22835	-28345	-28429	
-23155	-26994	-29424	
-23089	-27140	-29359	
-22815	-28948	-26096	
-22748	-28943	-26111	
-22496	-27329	-29295	
-22823	-28766	-27116	
-22572	-28924	-26623	
-22773	-28772	-27099	
-22110	-27693	-29156	
-21874	-27946	-28819	
-21853	-27950	-28754	
-21879	-28070	-28712	
-21821	-27951	-28767	
-22174	-27943	-28947	
-22493	-27543	-29204	
-20052	-29497	-24534	
-22860	-28682	-27597	
-21808	-28027	-28827	
-22246	-27405	-29322	
-22651	-28801	-27096	
-21813	-28134	-28726	
-22993	-27161	-29343	
-22823	-28752	-27508	
-22886	-27078	-29510	
-22709	-27123	-29447	
-22807	-28635	-27804	
-22240	-27797	-29012	
-22758	-28381	-28354	
-22754	-27287	-29335	
-22723	-28769	-27339	
-22804	-28758	-27285	
-22286	-27156	-29423	
-21656	-27697	-29061	
-21517	-27882	-29092	
-22507	-28874	-26724	
-22194	-27164	-29337	
-22591	-28849	-27059	
-22189	-27205	-29449	
-22605	-28811	-27145	
-22836	-27441	-29212	
-22507	-28901	-26645	
-22745	-28660	-27608	
-22783	-28252	-28455	
-22176	-27547	-29221	
-22474	-28536	-28208	
-22599	-28264	-28468	
-22257	-28605	-28315	
-21706	-28050	-28769	
-22685	-28697	-27654	
-22462	-28923	-26741	
-22533	-28853	-27442	
-22113	-27479	-29247	
-22139	-27207	-29342	
-22122	-27241	-29392	
-22484	-28870	-26819	
-21351	-27963	-28937	
-22298	-28309	-28465	
-21671	-27884	-28970	
-22959	-26696	-29619	
-23902	-23237	-30108	
-21502	-27695	-29183	
-21408	-28146	-28753	
-22171	-28270	-28514	
-22671	-28675	-27750	
-22444	-28858	-26869	
-22080	-27435	-29297	
-20627	-27974	-28883	
-23555	-26340	-29819	
-22042	-27266	-29428	
-22441	-28910	-27331	
-24033	-24057	-30051	
-21590	-27843	-28996	
-21356	-28053	-28779	
-21910	-27417	-29398	
-22007	-28342	-28483	
-21023	-28147	-28796	
-22932	-26697	-29643	
-22880	-26712	-29622	
-21659	-27523	-29267	
-21075	-28240	-28770	
-21791	-28187	-28693	
-21069	-27616	-29205	
-21935	-28410	-28519	
-22866	-26843	-29578	
-22512	-28926	-26501	
-22503	-28954	-26502	
-22499	-28978	-26510	
-22001	-28264	-28584	
-21950	-28304	-28579	
-22496	-28926	-26592	
-20985	-28047	-28817	
-21436	-27841	-29118	
-22409	-28935	-26705	
-19508	-29544	-24429	
-22472	-29102	-25478	
-21443	-27904	-28975	
-22445	-29112	-26278	
-21544	-27501	-29278	
-24028	-24500	-30045	
-23239	-26601	-29667	
-22491	-28724	-27975	
-21640	-28196	-28704	
-20473	-27972	-29005	
-22393	-29018	-26689	
-22676	-27079	-29497	
-22576	-26893	-29616	
-22833	-26799	-29628	
-21390	-27499	-29400	
-22382	-28593	-28097	
-21318	-27919	-28987	
-22188	-27095	-29457	
-20631	-27769	-29181	
-22775	-26977	-29512	
-23305	-26455	-29732	
-22564	-29020	-26090	
-22355	-28817	-27512	
-21173	-28261	-28638	
-22316	-28739	-28032	
-22255	-27059	-29514	
-22067	-27137	-29529	
-22561	-29012	-26463	
-21287	-28148	-28727	
-20648	-27957	-28948	
-24036	-25336	-29945	
-22401	-29158	-25102	
-21437	-28428	-28390	
-22323	-29121	-25300	
-21289	-27902	-29097	
-21176	-28312	-28625	
-23864	-24911	-29994	
-22034	-27093	-29579	
-23894	-23822	-30089	
-22407	-28911	-27101	
-22339	-28919	-27121	
-22548	-29020	-26181	
-21968	-27239	-29514	
-22305	-28758	-27575	
-21883	-28317	-28545	
-22497	-29081	-26001	
-21386	-28437	-28331	
-22322	-29002	-26726	
-21854	-27352	-29425	
-23859	-25354	-29988	
-22247	-29000	-26952	
-23845	-25436	-29978	
-20884	-28450	-28514	
-21655	-28337	-28550	
-22663	-26781	-29729	
-20998	-28276	-28695	
-23106	-26497	-29728	
-22892	-26571	-29673	
-22514	-29017	-26330	
-22207	-28791	-27671	
-20800	-28524	-28368	
-20112	-28163	-28784	
-20129	-28351	-28551	
-22265	-28768	-27549	
-22246	-29156	-25610	
-22248	-29115	-25766	
-22730	-26597	-29775	
-20832	-28357	-28540	
-23779	-25582	-29913	
-23859	-24620	-30030	
-23892	-23616	-30096	
-20221	-28294	-28662	
-22236	-28853	-27523	
-21223	-26972	-29620	
-23054	-26404	-29754	
-22200	-28613	-28053	
-20164	-28256	-28758	
-20556	-28634	-28373	
-22564	-26883	-29714	
-22430	-29073	-26458	
-22157	-28622	-28146	
-22163	-28757	-27720	
-23839	-24621	-30004	
-23774	-25075	-30017	
-21157	-27118	-29555	
-21779	-28703	-28068	
-23495	-25813	-29911	
-22203	-28966	-27001	
-22138	-28886	-27619	
-22133	-28764	-27757	
-23670	-25475	-29947	
-21705	-28676	-28154	
-22247	-26887	-29731	
-22190	-28980	-27208	
-22064	-28859	-27705	
-22222	-28891	-27437	
-21841	-28764	-27908	
-23473	-25781	-29976	
-20731	-28619	-28316	
-23776	-24546	-30107	
-23851	-24480	-30055	
-22209	-29124	-25884	
-22195	-29062	-26468	
-21482	-28658	-28187	
-21776	-28820	-27773	
-22185	-29024	-26825	
-22630	-26737	-29779	
-22198	-29159	-26092	
-23725	-24676	-30032	
-22202	-26419	-29823	
-22178	-29095	-26900	
-21441	-28675	-28223	
-22186	-29213	-25351	
-22208	-29152	-26139	
-23649	-24689	-30087	
-23160	-26322	-29820	
-23642	-24927	-30033	
-22933	-26219	-29834	
-21749	-28821	-27797	
-23407	-25927	-29911	
-23659	-24593	-30151	
-20734	-28670	-28303	
-21687	-28919	-27382	
-21416	-28804	-28122	
-22810	-26243	-29824	
-22154	-26469	-29844	
-22608	-26221	-29862	
-22038	-28903	-27450	
-23682	-25334	-29998	
-22220	-26314	-29876	
-22147	-29222	-25469	
-22876	-26178	-29860	
-21593	-28936	-27377	
-22744	-26219	-29860	
-21933	-26503	-29909	
-23099	-25933	-29895	
-23622	-24690	-30111	
-22368	-29097	-26331	
-23556	-24836	-30046	
-22999	-26073	-29899	
-21689	-28906	-27463	
-20882	-28696	-28144	
-21233	-26510	-29842	
-23475	-25252	-30066	
-22895	-25803	-30013	
-20867	-26649	-29844	
-22107	-28987	-27023	
-22130	-29167	-26112	
-22831	-26107	-29973	
-21554	-28961	-27214	
-20665	-28765	-28251	
-21288	-28822	-27757	
-21494	-28950	-27345	
-20889	-28874	-27762	
-22038	-29082	-26971	
-21421	-28956	-27467	
-21322	-28956	-27527	
-22026	-29018	-27142	
-21042	-28816	-27877	
-23453	-25544	-30054	
-22106	-29216	-25981	
-22732	-26209	-29958	
-20904	-28948	-27556	
-22415	-26213	-29975	
-20179	-28818	-27855	
-21379	-28976	-27271	
-22153	-29152	-26357	
-20660	-29058	-27561	
-20615	-28951	-27607	
-21677	-29021	-27155	
-22128	-29123	-26379	
-21352	-28981	-27330	
-21587	-29005	-27164	
-22078	-29112	-26731	
-23387	-25690	-29989	
-21310	-29071	-27219	
-21923	-29060	-26982	
-23468	-24693	-30184	
-23386	-24845	-30080	
-21085	-29018	-27347	
-21577	-29038	-26986	
-21055	-29025	-27384	
-21560	-29176	-26988	
-21277	-29023	-27316	
-21488	-29107	-27149	
-23183	-25637	-30034	
-21052	-28974	-27397	
-20877	-28989	-27454	
-22054	-29122	-26392	
-22013	-29139	-26428	
-23358	-25299	-30110	
-21995	-29120	-26625	
-22004	-29225	-25771	
-20835	-29043	-27504	
-20806	-26260	-29919	
-21988	-29268	-26327	
-22798	-26063	-30023	
-22091	-29176	-26230	
-21929	-29134	-26610	
-23527	-24445	-30167	
-21991	-29194	-25992	
-21829	-29201	-26470	
-21777	-29107	-26881	
-21129	-29052	-27298	
-21895	-29137	-26456	
-21991	-29262	-25036	
-21729	-29115	-26744	
-21685	-29164	-26770	
-21761	-29209	-26490	
-21660	-29101	-26967	
-21873	-29246	-26338	
-23167	-25399	-30143	
-20986	-29120	-27332	
-23492	-24208	-30209	
-22554	-25649	-30031	
-21646	-29139	-26881	
-23101	-25545	-30078	
-22926	-25584	-30047	
-23293	-24732	-30153	
-22302	-25839	-30029	
-23179	-25003	-30113	
-21848	-25611	-30091	
-21671	-25820	-30033	
-21402	-25904	-30119	
-21060	-29147	-27246	
-21986	-25576	-30103	
-21260	-29127	-27154	
-21171	-29111	-27166	
-20832	-29052	-27379	
-21959	-25577	-30127	
-21651	-29165	-26540	
-20735	-29060	-27335	
-21619	-29310	-26705	
-20560	-29075	-27392	
-20088	-25918	-30024	
-22992	-25438	-30112	
-21827	-24165	-30428	
-22775	-25507	-30219	
-23487	-23889	-30219	
-19871	-29097	-27342	
-19309	-29117	-27367	
-21144	-29152	-27064	
-23076	-24801	-30260	
-22960	-24891	-30167	
-21776	-29317	-25285	
-21737	-29258	-26359	
-23419	-24294	-30199	
-22923	-24985	-30151	
-21460	-29193	-26819	
-23275	-24515	-30212	
-21737	-29326	-25403	
-20960	-29164	-27077	
-20220	-29216	-27251	
-20120	-29139	-27302	
-21112	-29241	-26835	
-20927	-29221	-27171	
-21044	-29249	-26855	
-19240	-29212	-27315	
-23410	-24116	-30253	
-23367	-24284	-30213	
-20894	-29177	-27221	
-21161	-25537	-30134	
-21551	-29319	-25735	
-21300	-29327	-25297	
-21272	-29344	-25326	
-21261	-29336	-25415	
-21154	-29328	-26628	
-20744	-29246	-26896	
-21409	-29317	-25738	
-21367	-29319	-25753	
-21086	-29337	-25658	
-21075	-29352	-25551	
-20843	-29273	-26757	
-20639	-29306	-26769	
-19833	-29262	-26884	
-20944	-29335	-25661	
-20942	-29329	-25966	
-20907	-29330	-25921	
-21627	-22214	-30438	
-23277	-23986	-30302	
-20766	-29394	-25819	
-20823	-29366	-25648	
-22355	-24912	-30223	
-19319	-29296	-26881	
-22328	-24913	-30247	
-20735	-29332	-26239	
-22944	-24653	-30276	
-21537	-25069	-30269	
-20706	-29350	-25959	
-19336	-29550	-24611	
-20564	-29348	-25962	
-20534	-29356	-26141	
-20392	-29354	-26144	
-20174	-29341	-26400	
-22808	-24503	-30285	
-20681	-29354	-25876	
-20613	-29362	-25896	
-20651	-29372	-25830	
-19994	-29369	-26165	
-19890	-29367	-26327	
-19698	-29351	-26412	
-20433	-29371	-26081	
-19194	-29337	-26464	
-22421	-24766	-30288	
-22794	-24172	-30348	
-18718	-29347	-26476	
-18011	-29342	-26556	
-22283	-24801	-30276	
-19822	-29375	-26347	
-22680	-24443	-30308	
-20291	-29369	-26084	
-22442	-24642	-30287	
-20290	-29404	-25831	
-20214	-29409	-26040	
-19004	-29551	-24013	
-21521	-24831	-30378	
-19346	-29385	-26359	
-21455	-24977	-30313	
-18456	-29582	-24790	
-22059	-24600	-30312	
-20462	-29398	-25649	
-21420	-23135	-30447	
-19815	-29379	-26096	
-20451	-29404	-25531	
-20301	-29412	-25742	
-19518	-29379	-26177	
-21742	-24604	-30329	
-19414	-29377	-26339	
-22981	-23737	-30349	
-21906	-24405	-30389	
-20294	-29416	-25491	
-20189	-29466	-25497	
-20156	-29422	-25547	
-20037	-29418	-25602	
-19969	-29426	-25622	
-19925	-29458	-25869	
-19410	-29436	-26010	
-18295	-29413	-26020	
-22695	-24061	-30353	
-22502	-23883	-30381	
-20152	-29480	-24703	
-18991	-29443	-25883	
-19857	-29467	-24899	
-22543	-24112	-30351	
-19361	-29493	-25154	
-22453	-24092	-30413	
-21366	-22789	-30469	
-19645	-29467	-25227	
-19209	-29462	-25561	
-19246	-29471	-25165	
-18866	-29484	-25466	
-18593	-29505	-25588	
-19221	-29528	-24622	
-18765	-29499	-25406	
-19122	-29498	-24657	
-19072	-29542	-24983	
-19393	-29522	-24440	
-21854	-24164	-30404	
-21476	-22819	-30438	
-21215	-23654	-30463	
