-32877	-28683	-21979	
-32870	-28812	-22051	
-32805	-28114	-22726	
-32798	-28243	-22798	
-32775	-28111	-22806	
-32722	-28285	-22906	
-32703	-27542	-23553	
-32696	-27671	-23625	
-32620	-27713	-23733	
-32595	-27642	-23785	
-32591	-28282	-23956	
-32584	-28411	-24028	
-32583	-28036	-24335	
-32509	-28112	-24375	
-32506	-28270	-24411	
-32502	-28241	-24447	
-32489	-27710	-24783	
-32482	-27839	-24855	
-32431	-28271	-24860	
-32428	-28429	-24896	
-32424	-28400	-24932	
-32421	-28558	-24968	
-32407	-26951	-24999	
-32394	-28699	-25033	
-32385	-28943	-25114	
-32382	-29101	-25150	
-32324	-29662	-25227	
-32308	-26892	-25247	
-32276	-27308	-25725	
-32267	-27552	-25806	
-32264	-27710	-25842	
-32206	-28271	-25919	
-32198	-29330	-25955	
-32184	-27723	-25986	
-32181	-27881	-26022	
-32136	-27861	-26061	
-32760	-28869	-21911	
-32131	-28680	-26153	
-32750	-28979	-21890	
-32128	-28838	-26189	
-32743	-29108	-21962	
-32119	-29082	-26270	
-32082	-28433	-26275	
-32046	-28668	-26608	
-32728	-29145	-21189	
-32687	-29844	-22106	
-32027	-28168	-26617	
-32021	-28597	-26660	
-31972	-28352	-26668	
-31964	-29321	-26682	
-31960	-28754	-26785	
-31944	-28339	-26797	
-31938	-28768	-26840	
-31896	-27804	-26898	
-31891	-29296	-26964	
-32560	-30140	-22017	
-31869	-28832	-27185	
-31821	-28408	-27272	
-32511	-30208	-22695	
-31814	-28537	-27344	
-32508	-30366	-22731	
-31786	-29003	-27365	
-31755	-29477	-27387	
-31687	-28460	-27459	
-32501	-30495	-22803	
-31683	-28925	-27799	
-32430	-30800	-22197	
-31607	-29728	-27973	
-32416	-31093	-22971	
-31498	-29856	-28078	
-31401	-29086	-28104	
-32322	-31220	-23411	
-31368	-28990	-28178	
-31352	-28575	-28190	
-31279	-29714	-28632	
-32280	-31368	-23566	
-32275	-31417	-24259	
-32200	-31527	-23657	
-32085	-31678	-24186	
-32076	-31754	-23528	
-31044	-30367	-28739	
-31959	-31762	-23668	
-31932	-31815	-23248	
-31025	-29795	-28809	
-31917	-31910	-23823	
-30916	-30256	-28889	
-31912	-31959	-24516	
-31852	-31974	-23339	
-31837	-32069	-23914	
-30895	-28929	-28909	
-30879	-28514	-28921	
-30832	-29284	-28970	
-30804	-29750	-28991	
-31796	-32075	-23354	
-31773	-32078	-23620	
-31741	-32087	-25011	
-31725	-32167	-24455	
-30785	-29178	-29061	
-31722	-32220	-24443	
-30761	-28333	-29092	
-30706	-28676	-29222	
-31658	-32241	-24606	
-31622	-32265	-24189	
-31609	-32283	-24608	
-31607	-32284	-24295	
-31542	-32424	-24280	
-30507	-29293	-29289	
-30436	-28735	-29314	
-31498	-32588	-23232	
-30422	-29720	-29318	
-30412	-27890	-29345	
-30391	-29837	-29407	
-30330	-28321	-29480	
-31379	-32737	-23966	
-30212	-28140	-29651	
-32731	-28466	-22538	
-32681	-28945	-23465	
-32725	-28918	-22504	
-31244	-32826	-24552	
-32722	-28710	-22619	
-32607	-29021	-23505	
-32597	-27743	-23561	
-30042	-29394	-29660	
-31170	-32847	-23672	
-30013	-28757	-29718	
-32718	-29047	-22576	
-31123	-32896	-24227	
-32649	-29685	-22814	
-29880	-28811	-29792	
-31120	-32949	-24215	
-31020	-32994	-23961	
-32589	-28802	-23597	
-29872	-29236	-29804	
-29664	-27647	-29853	
-32620	-29045	-23005	
-31016	-33040	-25246	
-32579	-28373	-24292	
-32582	-28886	-23713	
-32615	-29275	-22853	
-32557	-28714	-23969	
-32614	-29168	-23205	
-32278	-29272	-25246	
-30989	-33063	-24048	
-32480	-28314	-24540	
-29626	-28892	-29969	
-32607	-29297	-23277	
-32441	-28960	-24560	
-30940	-33153	-24052	
-32440	-28027	-24779	
-32535	-28728	-24024	
-32533	-28843	-24033	
-32530	-29001	-24069	
-32636	-29700	-22650	
-32526	-28972	-24105	
-32613	-29768	-22142	
-32605	-29412	-23286	
-32587	-29741	-22874	
-32523	-29130	-24141	
-32602	-29570	-23322	
-32505	-28449	-24332	
-32577	-29116	-23561	
-32598	-29541	-23358	
-32562	-29776	-22690	
-32595	-29699	-23394	
-32540	-29798	-22161	
-32433	-28156	-24851	
-32574	-29274	-23597	
-32536	-29900	-22710	
-32500	-28998	-24149	
-32547	-29113	-23641	
-32496	-28969	-24185	
-32475	-28544	-24388	
-32493	-29127	-24221	
-32535	-30079	-22631	
-32481	-28689	-24233	
-32457	-28587	-24407	
-32453	-28558	-24443	
-32450	-28716	-24479	
-32529	-29180	-23990	
-32448	-28831	-24488	
-30909	-33222	-24139	
-32456	-28766	-24328	
-32546	-29740	-23618	
-29471	-28533	-30003	
-32558	-29338	-23501	
-32513	-30093	-22686	
-32532	-29871	-22746	
-32261	-28712	-25618	
-32522	-29285	-23732	
-32549	-29582	-23582	
-32524	-30004	-22788	
-32521	-29775	-23434	
-32520	-29400	-23741	
-32513	-29529	-23813	
-32497	-29920	-23339	
-29306	-28039	-30059	
-32447	-29172	-24249	
-32447	-29010	-24409	
-32469	-29229	-23831	
-30765	-33283	-23859	
-32467	-29203	-23931	
-32455	-29256	-24030	
-32449	-29803	-24152	
-32392	-28715	-24568	
-32453	-29159	-24159	
-32444	-29168	-24445	
-32494	-30078	-23375	
-32504	-30337	-22767	
-32243	-28755	-25637	
-32449	-29206	-24181	
-29248	-28387	-30101	
-32239	-28726	-25673	
-32481	-29891	-23780	
-32236	-28884	-25709	
-32444	-29403	-24240	
-30717	-33318	-24053	
-32234	-28999	-25718	
-32227	-29128	-25790	
-32483	-30213	-23112	
-32441	-29561	-24276	
-32423	-29250	-24310	
-32420	-29408	-24346	
-32218	-27869	-25802	
-32215	-28027	-25838	
-32382	-29241	-24486	
-30712	-33367	-24746	
-29225	-28189	-30168	
-32363	-29284	-24791	
-32475	-29934	-23394	
-32428	-30525	-22822	
-32374	-29419	-24402	
-32463	-30336	-23511	
-32472	-30092	-23430	
-32470	-30207	-23439	
-32421	-30654	-22894	
-32365	-29663	-24483	
-32441	-29934	-23525	
-32429	-29926	-23550	
-32424	-29901	-23556	
-32405	-29483	-24293	
-32399	-29923	-23630	
-32380	-29412	-24345	
-32419	-30036	-23529	
-32367	-29637	-24316	
-32394	-29975	-24143	
-32362	-29821	-24519	
-32210	-28928	-25838	
-32424	-30496	-22858	
-32435	-29853	-24044	
-32344	-29506	-24731	
-32398	-29638	-24186	
-30605	-33416	-24594	
-32392	-30047	-23840	
-32135	-28040	-25982	
-32391	-29767	-24258	
-32336	-29260	-25110	
-32132	-28198	-26018	
-32250	-29738	-25267	
-32373	-29845	-24260	
-32368	-29635	-24266	
-32415	-30573	-23413	
-32392	-30251	-23521	
-32390	-30366	-23530	
-32386	-30170	-24040	
-32242	-28934	-25558	
-29095	-28068	-30271	
-32132	-28347	-25959	
-32335	-29750	-24812	
-32397	-29817	-24107	
-32333	-29418	-25146	
-32205	-29201	-25883	
-32374	-30572	-24157	
-32383	-30328	-24076	
-30537	-33497	-24553	
-32234	-29359	-25394	
-32358	-30157	-24169	
-32345	-29932	-24348	
-32332	-29908	-24848	
-32412	-30731	-23449	
-32340	-30162	-24196	
-32341	-29903	-24384	
-32383	-30495	-23602	
-32338	-30061	-24420	
-32233	-29178	-25639	
-32303	-30523	-24462	
-32323	-30136	-24367	
-32338	-30807	-23489	
-32302	-30003	-24904	
-32230	-29336	-25675	
-32307	-29773	-25056	
-30437	-33542	-24299	
-32312	-30628	-24217	
-32315	-30470	-24181	
-32200	-29431	-25731	
-32310	-30159	-24276	
-32341	-30649	-23453	
-32334	-30818	-23294	
-28847	-27684	-30300	
-32309	-30198	-24393	
-32301	-30158	-24495	
-32325	-31062	-23375	
-32335	-30732	-23504	
-32286	-30067	-24808	
-32191	-29651	-25523	
-32300	-30648	-24197	
-32300	-29902	-25128	
-32283	-30225	-24844	
-32124	-29406	-25995	
-32222	-29164	-25741	
-32296	-30659	-24002	
-32293	-30817	-24038	
-28838	-29024	-30362	
-30401	-33547	-24808	
-30327	-33568	-23928	
-32274	-30469	-24925	
-32226	-29978	-25168	
-32272	-30000	-24984	
-32184	-29495	-25635	
-32181	-29653	-25671	
-32172	-29897	-25752	
-32201	-30055	-25263	
-32020	-29527	-26624	
-32292	-30966	-23449	
-32250	-30014	-25039	
-32289	-31124	-23485	
-30325	-33640	-24840	
-32284	-31061	-24119	
-32178	-29445	-25786	
-32070	-29399	-26266	
-32228	-30079	-24944	
-32226	-30045	-25012	
-32145	-29559	-25925	
-32219	-30174	-25084	
-32220	-30807	-24288	
-32213	-30569	-24465	
-32142	-29968	-25519	
-28816	-27801	-30389	
-32199	-30281	-25109	
-32208	-30799	-24313	
-32212	-30492	-24866	
-32203	-30848	-25006	
-32206	-30698	-24537	
-32177	-30295	-25164	
-32117	-29602	-25911	
-32125	-30279	-25294	
-32119	-29442	-25946	
-32104	-30122	-25542	
-32075	-29723	-25991	
-32101	-30276	-25833	
-32049	-29930	-25997	
-32042	-30059	-26069	
-32096	-29876	-25921	
-28593	-27966	-30390	
-28578	-28792	-30396	
-30173	-33761	-25502	
-32110	-29920	-25693	
-32149	-30393	-25020	
-28565	-28432	-30411	
-32129	-30663	-25046	
-32129	-30532	-25066	
-31911	-29071	-26781	
-32104	-30126	-25364	
-32127	-30890	-25114	
-32120	-31019	-25186	
-32015	-29757	-26472	
-28426	-27486	-30558	
-32095	-30366	-25623	
-32180	-31265	-24334	
-32151	-30862	-24961	
-32088	-30531	-25810	
-32125	-30970	-24493	
-32044	-30160	-25845	
-31993	-29794	-26450	
-31987	-30223	-26493	
-31830	-28956	-26986	
-32101	-31315	-24443	
-31812	-29556	-27207	
-32067	-30618	-25318	
-31821	-29200	-27067	
-32027	-30091	-25873	
-31793	-28874	-27293	
-31932	-29928	-26652	
-32025	-30318	-25941	
-31913	-29428	-26661	
-32077	-31210	-24512	
-31867	-29451	-26883	
-31912	-30035	-26677	
-31939	-29799	-26580	
-32015	-30362	-26010	
-32046	-30683	-25619	
-32075	-31086	-24992	
-31993	-30376	-26065	
-32043	-31010	-25223	
-32068	-31566	-24652	
-31998	-30714	-25410	
-31821	-29560	-26743	
-31997	-30815	-25687	
-32016	-30626	-25866	
-30094	-33763	-22531	
-32027	-31423	-25145	
-31800	-30331	-26742	
-30052	-33858	-23564	
-32028	-30573	-25767	
-31934	-30013	-26549	
-31996	-30997	-25399	
-31784	-29880	-26760	
-31952	-30615	-25875	
-31941	-30438	-26050	
-31925	-30246	-26434	
-31760	-29570	-27162	
-31762	-29348	-27315	
-31757	-29578	-27163	
-31919	-30452	-26105	
-31756	-29699	-27137	
-31885	-30330	-26545	
-31985	-31723	-23932	
-31925	-30851	-25972	
-32067	-31046	-25094	
-31967	-30943	-25862	
-31972	-31741	-24351	
-31755	-29800	-26895	
-31881	-30680	-26203	
-31626	-29169	-27487	
-31912	-30648	-26021	
-31994	-31327	-25219	
-31892	-30755	-26046	
-31944	-31011	-25354	
-31920	-31039	-25507	
-31741	-29991	-27085	
-31843	-30563	-26258	
-31857	-30049	-26560	
-31842	-30417	-26614	
-31917	-31292	-25728	
-32052	-31582	-24260	
-28417	-28826	-30620	
-31610	-29582	-27409	
-31831	-30616	-26357	
-31977	-31535	-25056	
-31961	-31642	-24520	
-31739	-30213	-26817	
-31681	-29620	-27271	
-31729	-30044	-27184	
-31848	-31968	-24222	
-31815	-30720	-26555	
-31674	-29749	-27343	
-31838	-30724	-26061	
-31829	-30734	-26115	
-31946	-31695	-25101	
-31871	-30820	-25987	
-31839	-30832	-26012	
-31727	-30162	-26942	
-31893	-31019	-25902	
-31905	-30966	-25803	
-31808	-30949	-26101	
-31636	-30131	-27346	
-31844	-31123	-25928	
-29766	-33874	-23993	
-31822	-31137	-25983	
-31807	-30756	-26243	
-31897	-31694	-25147	
-31840	-31390	-25263	
-31740	-30416	-26647	
-31709	-30300	-27146	
-31788	-30840	-26560	
-31665	-30033	-27193	
-31837	-31352	-25474	
-31645	-29887	-27265	
-31730	-30460	-26716	
-31790	-30649	-26607	
-31820	-31572	-25538	
-29730	-33879	-24502	
-31878	-31827	-24579	
-31678	-30479	-26938	
-31682	-30426	-26726	
-31780	-31051	-26111	
-29667	-33911	-23768	
-31740	-30841	-26463	
-31734	-31025	-26141	
-31845	-31731	-24653	
-31716	-30725	-26647	
-31726	-30863	-26501	
-31746	-32038	-24318	
-31815	-31224	-25917	
-31724	-30954	-26178	
-31681	-30777	-26712	
-31821	-31928	-24920	
-31603	-30035	-27420	
-31822	-31888	-24640	
-31719	-30962	-26216	
-27954	-27943	-30693	
-31811	-31336	-25726	
-31712	-30898	-26327	
-31659	-30209	-27152	
-31624	-30765	-26750	
-31572	-30509	-27442	
-31745	-31128	-26020	
-31702	-31018	-26420	
-31769	-31244	-25836	
-31787	-31476	-25612	
-31549	-29848	-27530	
-31706	-31127	-26151	
-31604	-30555	-26978	
-31623	-30501	-26894	
-31725	-31073	-26067	
-31737	-31412	-25766	
-31607	-30853	-26752	
-31767	-31159	-25939	
-31710	-31441	-26121	
-31790	-31713	-25181	
-31600	-30428	-27251	
-31761	-31340	-25622	
-31616	-30246	-27177	
-31749	-31359	-25667	
-29662	-33960	-24461	
-31748	-31600	-25413	
-31689	-31020	-26515	
-31674	-31081	-26615	
-31585	-30720	-27199	
-31790	-31743	-24995	
-31502	-30449	-27539	
-31745	-31628	-25421	
-31543	-29924	-27443	
-31508	-30020	-27496	
-31751	-31742	-25126	
-31739	-31844	-25494	
-31659	-31449	-26669	
-31587	-30448	-27342	
-31757	-31937	-24626	
-31699	-31682	-25585	
-31696	-31445	-26016	
-31688	-31516	-25792	
-31475	-29924	-27570	
-31352	-29403	-28100	
-31474	-29999	-27649	
-31560	-30754	-26759	
-31553	-30883	-26831	
-31666	-31530	-25847	
-31714	-31745	-25510	
-31654	-31597	-25825	
-31591	-31266	-26674	
-31474	-32483	-23300	
-31533	-30734	-27154	
-31456	-30089	-27791	
-31533	-30990	-26856	
-31709	-31985	-25137	
-31468	-32502	-24533	
-31539	-30887	-26726	
-31531	-30852	-26912	
-31635	-31562	-26029	
-31642	-31825	-25618	
-31689	-32124	-24517	
-31618	-31681	-25760	
-31530	-30818	-27261	
-31451	-30121	-27837	
-31674	-31859	-25148	
-29562	-34005	-24207	
-31664	-31965	-25402	
-31660	-31711	-25530	
-31408	-30345	-28040	
-31634	-32136	-24859	
-31459	-32578	-23875	
-31517	-31342	-26714	
-31510	-30917	-27213	
-31452	-29893	-27847	
-31577	-31766	-26493	
-31609	-31566	-26168	
-31601	-31569	-26226	
-31584	-31570	-26577	
-31486	-31060	-26784	
-31680	-31750	-25502	
-31513	-30524	-27382	
-27681	-27351	-30742	
-31509	-30762	-27307	
-31598	-32142	-24783	
-31615	-32037	-25033	
-31482	-30998	-27404	
-31583	-32237	-25358	
-31443	-29878	-28034	
-31614	-32077	-25313	
-31482	-31169	-26908	
-31631	-31869	-25476	
-31509	-32328	-24354	
-31598	-32093	-24921	
-31618	-31954	-25541	
-31568	-31776	-26006	
-31566	-31854	-25628	
-31393	-30577	-27644	
-31562	-31957	-25689	
-31467	-31230	-27008	
-31557	-31811	-25749	
-31519	-32246	-25064	
-31275	-30021	-28079	
-31244	-30270	-28230	
-31376	-31199	-27412	
-31554	-31834	-25985	
-31518	-32252	-25012	
-31371	-30667	-27490	
-31501	-32278	-25088	
-31558	-32138	-25374	
-31459	-32430	-24897	
-31534	-32236	-25404	
-31359	-30417	-27663	
-31524	-32006	-25437	
-31540	-31838	-25880	
-29555	-34009	-24309	
-31437	-31035	-27027	
-31308	-30390	-27786	
-31527	-31853	-25759	
-31452	-31262	-26812	
-31498	-31990	-25689	
-31302	-30546	-28048	
-31401	-31270	-27360	
-31474	-31894	-25731	
-29481	-34030	-23429	
-31343	-30769	-27500	
-31437	-31329	-26718	
-31425	-31382	-26817	
-31360	-30784	-27424	
-31338	-30599	-27600	
-31503	-31842	-26533	
-31473	-31899	-25895	
-31462	-32029	-25455	
-31349	-30674	-27443	
-31368	-32547	-24279	
-31436	-32179	-26096	
-31303	-31066	-27606	
-31453	-31959	-26032	
-31408	-31245	-26948	
-31179	-29759	-28378	
-31394	-31499	-26906	
-31367	-32554	-24087	
-31510	-31538	-26630	
-31278	-30689	-27619	
-31363	-32596	-24972	
-31272	-30639	-27952	
-31135	-30398	-28335	
-31445	-31962	-26090	
-31451	-32390	-24999	
-27388	-28191	-30752	
-29455	-34054	-24055	
-31377	-31719	-26970	
-31470	-32245	-25110	
-31252	-30738	-27904	
-31443	-32489	-25283	
-31314	-32638	-24974	
-31435	-31659	-26538	
-31334	-31351	-27221	
-27333	-28043	-30795	
-31439	-31851	-26239	
-31124	-29879	-28506	
-31383	-31863	-26135	
-31238	-30893	-27753	
-31370	-31915	-26886	
-31410	-32247	-25492	
-31310	-32688	-24288	
-31406	-32350	-25553	
-31305	-31404	-27034	
-31174	-30435	-28198	
-31354	-31931	-26494	
-31123	-30107	-28496	
-29450	-34103	-24748	
-31266	-31388	-27056	
-31333	-31987	-26273	
-31355	-32451	-26052	
-31258	-31409	-26988	
-31288	-32706	-24370	
-31231	-31480	-27074	
-31252	-31359	-27321	
-31248	-31088	-27562	
-31221	-31364	-27286	
-31196	-31136	-27764	
-31185	-31440	-27182	
-31146	-30939	-27912	
-31296	-31991	-26926	
-31247	-30568	-28004	
-31260	-32256	-26171	
-31149	-30546	-28081	
-31184	-31485	-27028	
-31175	-31828	-27192	
-31079	-30711	-28049	
-31175	-31357	-27460	
-31368	-32399	-25301	
-31147	-30711	-27922	
-31261	-32651	-24926	
-31360	-32359	-25403	
-31227	-31288	-27373	
-31045	-30887	-28297	
-31246	-32108	-26425	
-31167	-31360	-27518	
-31147	-31459	-27470	
-31280	-32518	-25494	
-31048	-31185	-28071	
-31154	-31155	-27567	
-30675	-29348	-29068	
-31236	-32638	-25676	
-31153	-31230	-27646	
-30591	-29587	-29101	
-30400	-28497	-29345	
-31153	-31364	-27413	
-31231	-32792	-24569	
-31219	-32657	-24692	
-31128	-30953	-27769	
-31054	-31029	-27809	
-31207	-32687	-24822	
-31133	-31614	-27319	
-27305	-28509	-30816	
-30578	-29365	-29147	
-31123	-31272	-27656	
-31229	-32213	-26175	
-31182	-32461	-26186	
-31188	-32726	-24779	
-31172	-32184	-26465	
-31232	-32000	-26632	
-31192	-32074	-26445	
-31079	-31306	-27686	
-31228	-31808	-26931	
-31031	-30403	-28322	
-30990	-30552	-28320	
-30550	-29831	-29168	
-31157	-32121	-26540	
-31049	-31348	-27696	
-30980	-30376	-28445	
-31091	-31857	-27330	
-30933	-30381	-28399	
-31179	-32654	-25143	
-30920	-30516	-28375	
-31066	-31485	-27565	
-30925	-30398	-28401	
-31156	-32745	-25365	
-30518	-28678	-29174	
-31255	-32496	-25798	
-30691	-29763	-29056	
-31055	-31549	-27367	
-31155	-32077	-26829	
-31087	-32853	-24289	
-31140	-32761	-24973	
-31155	-32289	-26215	
-31047	-31225	-27725	
-29414	-34160	-24253	
-30999	-31540	-27552	
-30889	-30532	-28613	
-31150	-32317	-26456	
-31081	-32855	-24763	
-31139	-32816	-24783	
-30973	-31301	-27765	
-30994	-31370	-27652	
-31060	-32920	-25064	
-30912	-30563	-28336	
-30939	-31088	-28305	
-31154	-31884	-26971	
-31023	-31674	-27335	
-30992	-31624	-27344	
-27283	-27286	-30843	
-30968	-31977	-27585	
-30962	-31226	-27922	
-30881	-30680	-28425	
-30998	-31548	-27431	
-30930	-31395	-27647	
-31123	-32001	-27060	
-31147	-32080	-26887	
-31083	-32089	-26593	
-31118	-32150	-26485	
-31081	-32153	-26869	
-30948	-31230	-27817	
-30909	-31725	-27952	
-30921	-31438	-27637	
-31076	-32393	-26496	
-31199	-32499	-25946	
-31161	-32548	-25694	
-31008	-32210	-26501	
-30865	-31093	-28347	
-31005	-32211	-26636	
-31082	-32506	-25932	
-30879	-30620	-28480	
-31048	-32561	-25759	
-30662	-30337	-29066	
-31019	-31876	-27086	
-30213	-28507	-29412	
-31087	-32746	-25117	
-30201	-29388	-29421	
-30662	-30538	-28979	
-30791	-31169	-28387	
-31051	-32778	-25552	
-30126	-29155	-29627	
-31043	-32535	-25877	
-30974	-32090	-27021	
-30975	-32610	-26579	
-30753	-30569	-28575	
-30882	-31200	-27983	
-31058	-32797	-25235	
-30696	-30756	-28455	
-30968	-32166	-26934	
-31031	-32504	-26080	
-30844	-31214	-28100	
-31040	-32658	-25741	
-31027	-32626	-26060	
-30797	-31219	-28054	
-30874	-31172	-28090	
-30721	-30577	-28486	
-30932	-32242	-26830	
-30821	-30532	-28740	
-30784	-31253	-28179	
-30668	-30588	-28646	
-30666	-30697	-28614	
-30983	-32444	-26205	
-30776	-31401	-27991	
-30685	-31370	-28395	
-30455	-29307	-29244	
-30669	-30955	-28407	
-30445	-29419	-29221	
-30924	-31984	-27079	
-30894	-32261	-27118	
-30995	-32630	-26160	
-27084	-27903	-30910	
-30914	-32281	-26699	
-30666	-30798	-28465	
-30774	-31341	-28046	
-30927	-32671	-25806	
-30761	-30421	-28763	
-30665	-30883	-28508	
-30909	-32787	-25960	
-30876	-32019	-27273	
-30853	-33069	-25457	
-30903	-32403	-26630	
-30983	-32798	-25455	
-30710	-31258	-28221	
-30617	-30918	-28702	
-30794	-32306	-26864	
-30868	-32022	-27331	
-30969	-32953	-25304	
-30791	-32069	-27295	
-30827	-32275	-26874	
-30840	-33173	-24461	
-30688	-31607	-27964	
-30716	-31253	-28306	
-30643	-31522	-28204	
-30760	-31814	-27913	
-30775	-32448	-26742	
-30944	-32827	-25400	
-30665	-30515	-28743	
-30586	-31035	-28791	
-30727	-32108	-27234	
-30507	-29868	-29110	
-30895	-32826	-25446	
-30933	-32910	-25366	
-30865	-32788	-25548	
-30839	-32921	-25839	
-30492	-30380	-29123	
-30875	-32655	-26325	
-29339	-34170	-24208	
-30745	-32350	-27079	
-30854	-32928	-25449	
-30710	-32158	-27129	
-30763	-32032	-27338	
-30730	-31985	-27370	
-30699	-32123	-27196	
-30695	-32032	-27465	
-30754	-31890	-27826	
-30557	-31259	-28545	
-30776	-32593	-26598	
-30677	-32197	-27295	
-30836	-32684	-26270	
-30656	-32061	-27410	
-30530	-31535	-28269	
-30408	-30619	-29156	
-30804	-33079	-25325	
-30520	-31623	-28136	
-30739	-32426	-26992	
-30795	-33155	-24667	
-30614	-32121	-27299	
-30544	-32087	-27508	
-30833	-32807	-26134	
-30507	-30703	-28853	
-29227	-34268	-24749	
-30392	-30204	-29168	
-30768	-32644	-26658	
-30622	-31899	-27659	
-30605	-31979	-27787	
-30558	-31991	-27616	
-30540	-32216	-27483	
-30636	-32234	-27169	
-30619	-31904	-27709	
-30327	-29996	-29169	
-30073	-29277	-29571	
-30267	-29885	-29192	
-30686	-31890	-27953	
-29652	-29079	-29829	
-30557	-31999	-27495	
-30593	-31424	-28296	
-30481	-31756	-28357	
-30761	-33277	-24742	
-30792	-33208	-24655	
-30731	-32505	-26928	
-30237	-29927	-29202	
-30531	-32055	-27827	
-30570	-32314	-27146	
-30236	-30002	-29281	
-30664	-32304	-27085	
-30820	-32775	-26453	
-30534	-32292	-27396	
-30483	-31175	-28627	
-30834	-32908	-25868	
-30753	-33180	-25824	
-30366	-30771	-28965	
-30439	-30502	-29067	
-30402	-31424	-28419	
-30154	-30295	-29181	
-30168	-30002	-29408	
-30696	-32552	-27023	
-30775	-33032	-25730	
-30031	-30368	-29421	
-30483	-32075	-27535	
-30720	-32820	-26199	
-30143	-30101	-29223	
-30534	-32440	-27226	
-30314	-31370	-28587	
-30001	-29522	-29576	
-30466	-32292	-27523	
-30472	-32063	-27699	
-30658	-32937	-25941	
-30363	-31200	-28792	
-30287	-30863	-28876	
-30431	-32100	-27573	
-30537	-31979	-27914	
-30465	-31772	-27965	
-30469	-31205	-28713	
-30378	-31896	-28193	
-30463	-32055	-27954	
-30694	-32720	-26698	
-30409	-32080	-27577	
-30398	-32139	-27739	
-30568	-32824	-26190	
-30088	-30168	-29239	
-30102	-30202	-29222	
-30702	-32669	-26638	
-30555	-32850	-26312	
-30452	-32447	-27372	
-30689	-32748	-26939	
-29978	-29553	-29422	
-29950	-29635	-29444	
-30261	-31492	-28531	
-30232	-30971	-28906	
-30207	-30302	-29159	
-29961	-28771	-29673	
-30382	-32144	-27788	
-30548	-33046	-26228	
-30372	-32232	-27655	
-29897	-29593	-29541	
-30253	-30784	-29030	
-30590	-32803	-26217	
-30092	-30499	-29220	
-30497	-32535	-27042	
-30303	-31340	-28722	
-30489	-32586	-27102	
-29846	-29687	-29450	
-30258	-31921	-28358	
-30202	-31608	-28553	
-29843	-30011	-29727	
-30653	-33225	-25570	
-30201	-31088	-28995	
-30311	-32457	-27397	
-30326	-31921	-28231	
-30453	-32712	-27182	
-30545	-32809	-26659	
-30310	-32340	-27417	
-30616	-33086	-25840	
-30111	-30677	-29075	
-30264	-32038	-27973	
-30298	-32308	-27695	
-30308	-32220	-27828	
-30204	-31946	-27981	
-30578	-32762	-26599	
-30657	-32581	-26968	
-30151	-32051	-28038	
-30290	-32335	-27575	
-30148	-31505	-28596	
-30511	-32907	-26498	
-30087	-31175	-29040	
-30385	-32529	-27187	
-30547	-32641	-26984	
-30103	-32086	-28232	
-30366	-32706	-27357	
-30208	-31365	-28666	
-30248	-32578	-27586	
-30073	-30977	-29145	
-30187	-31691	-28412	
-30516	-32879	-26257	
-30597	-33228	-25718	
-30517	-33235	-25230	
-30046	-31253	-28869	
-30135	-31931	-28088	
-30512	-33172	-26308	
-30006	-31398	-28641	
-30093	-32174	-28099	
-30497	-33273	-25464	
-30002	-30580	-29309	
-30114	-31982	-28078	
-26934	-28773	-30937	
-29879	-31480	-28605	
-30096	-31809	-28561	
-29863	-31427	-28632	
-29987	-31287	-28734	
-29860	-31414	-28839	
-30086	-32288	-27734	
-29932	-31340	-28914	
-29992	-30668	-29176	
-29853	-31477	-28711	
-30392	-32806	-26858	
-30314	-32842	-26796	
-30180	-32395	-27591	
-30149	-32345	-27600	
-29809	-30114	-29530	
-29968	-32358	-27792	
-30106	-32471	-27631	
-29873	-31974	-28562	
-29837	-31723	-28616	
-29869	-30664	-29221	
-30471	-33359	-25230	
-30013	-32192	-27943	
-29859	-30751	-29205	
-30081	-32345	-27727	
-29822	-31604	-28764	
-30275	-32871	-26741	
-30312	-33010	-26471	
-29905	-32236	-27894	
-29949	-32235	-27819	
-29964	-30388	-29370	
-29756	-30236	-29474	
-29978	-31253	-28996	
-29862	-32366	-27980	
-29848	-30484	-29312	
-29822	-30711	-29233	
-29819	-31058	-29322	
-29973	-32465	-27658	
-29823	-31418	-28870	
-29738	-30435	-29335	
-30233	-33114	-26752	
-29941	-31974	-28435	
-29649	-29401	-29805	
-29876	-32211	-28131	
-30304	-32801	-27143	
-29707	-30552	-29424	
-29981	-31170	-29119	
-29856	-32393	-27663	
-29812	-32406	-27686	
-29494	-28901	-29862	
-29254	-28062	-30032	
-29471	-29057	-29843	
-29248	-28588	-30014	
-29722	-30255	-29447	
-29809	-32578	-27905	
-29931	-32062	-28302	
-29688	-30176	-29601	
-29774	-31639	-28958	
-29698	-30785	-29429	
-30240	-32810	-26849	
-29465	-29506	-29859	
-29612	-30265	-29478	
-30193	-32815	-26803	
-29586	-30279	-29531	
-30107	-32876	-26875	
-29718	-32139	-28436	
-29581	-30382	-29567	
-29826	-31335	-28993	
-29476	-29829	-29739	
-30229	-32612	-27373	
-29667	-31769	-28638	
-30165	-32931	-26757	
-29857	-32353	-28009	
-29403	-29057	-29970	
-30099	-32667	-27547	
-30018	-32825	-26885	
-30025	-32743	-27587	
-29957	-32560	-27592	
-30007	-32859	-27062	
-29926	-32510	-27601	
-29630	-31700	-28678	
-29808	-32058	-28347	
-29888	-32474	-27624	
-29720	-32259	-28025	
-29664	-31223	-29196	
-30393	-33359	-25932	
-29883	-32636	-27632	
-29708	-32227	-28303	
-30070	-32737	-27145	
-30364	-33408	-25078	
-29579	-30441	-29574	
-29683	-32408	-28048	
-30412	-33217	-26054	
-30084	-32885	-26763	
-29997	-32947	-26929	
-29619	-31804	-28832	
-29562	-31302	-29016	
-29460	-29671	-29783	
-29608	-32272	-28049	
-29332	-29560	-29933	
-29520	-32289	-28098	
-26786	-27233	-30943	
-29580	-31326	-28994	
-29914	-32757	-27247	
-29541	-31257	-29029	
-29429	-30743	-29491	
-29243	-28691	-30050	
-29557	-31854	-28626	
-29588	-30050	-29633	
-29496	-31268	-29069	
-29881	-32804	-27307	
-29480	-31574	-29013	
-29472	-32332	-28105	
-29453	-32296	-28378	
-29776	-32625	-27965	
-29453	-30271	-29717	
-29475	-31467	-29043	
-29921	-32826	-27106	
-29895	-32867	-26952	
-29220	-29054	-30035	
-29433	-32061	-28472	
-29853	-33110	-26963	
-29475	-31909	-28663	
-29413	-29520	-29814	
-29449	-31315	-29081	
-29847	-32902	-27146	
-29445	-29787	-29767	
-30346	-33371	-25356	
-29403	-29632	-29791	
-30327	-33420	-24950	
-26560	-27334	-30970	
-29544	-31822	-28945	
-29596	-31223	-29323	
-29488	-31015	-29326	
-29721	-32376	-28005	
-29441	-31388	-29197	
-29418	-30879	-29361	
-29958	-32965	-26836	
-29341	-29765	-29819	
-29426	-32028	-28674	
-29792	-32813	-27333	
-30215	-33518	-25491	
-29382	-30665	-29493	
-29358	-30547	-29568	
-29205	-29329	-30080	
-29765	-32846	-27208	
-29527	-32220	-28338	
-29431	-32349	-28072	
-29444	-31934	-28639	
-30296	-33489	-25037	
-29884	-33041	-26876	
-29429	-32574	-28116	
-30356	-33220	-26202	
-29300	-30658	-29632	
-29383	-32384	-28266	
-29728	-32801	-27506	
-29442	-29832	-29766	
-29444	-31867	-28691	
-29364	-31023	-29415	
-29335	-30038	-29732	
-29639	-32531	-27981	
-30114	-33301	-26376	
-29828	-33044	-27024	
-29219	-29162	-30024	
-29283	-29876	-29883	
-29201	-28482	-30105	
-29320	-32074	-28537	
-29676	-32670	-27711	
-29460	-32505	-28029	
-29718	-32889	-27373	
-30260	-33353	-25959	
-29107	-28656	-30126	
-29297	-31941	-28694	
-29248	-32162	-28782	
-29230	-29998	-29827	
-30169	-33259	-26123	
-29376	-31574	-29059	
-30094	-33118	-26479	
-29574	-32950	-27093	
-30089	-33175	-26472	
-29353	-31441	-29216	
-30325	-33211	-26229	
-29634	-32708	-27712	
-29210	-30874	-29441	
-29109	-32179	-28469	
-28999	-28990	-30138	
-29287	-32029	-28561	
-29530	-32951	-27168	
-29204	-30766	-29471	
-29165	-30515	-29729	
-29104	-32223	-28502	
-29571	-32632	-27716	
-29259	-31744	-28981	
-29438	-32626	-27743	
-30084	-33203	-26713	
-29433	-32683	-27736	
-29372	-32385	-28212	
-29222	-30111	-29829	
-29198	-31606	-29090	
-29298	-32461	-28252	
-29175	-31025	-29581	
-28994	-28669	-30191	
-29369	-32816	-27497	
-29467	-32898	-27357	
-29285	-32635	-27836	
-29423	-32771	-27603	
-30115	-33275	-25973	
-29280	-31103	-29387	
-30160	-33398	-25705	
-29156	-31310	-29233	
-29093	-32327	-28656	
-29504	-33037	-27087	
-29104	-31909	-28855	
-29219	-32853	-27797	
-29428	-32999	-27241	
-29379	-32728	-27630	
-29288	-32872	-27405	
-29133	-31574	-29124	
-29170	-29478	-29974	
-29198	-31158	-29424	
-29204	-30249	-29858	
-29125	-31268	-29261	
-29153	-31739	-29060	
-29340	-32718	-27654	
-29244	-32817	-27422	
-29239	-29607	-29886	
-30219	-33540	-24881	
-29078	-29641	-30110	
-29330	-32736	-27607	
-28973	-32337	-28335	
-29202	-29567	-29914	
-28971	-34278	-23253	
-29461	-33126	-27123	
-29117	-30011	-29892	
-29188	-32678	-28007	
-28954	-32344	-28343	
-29354	-33075	-27281	
-29233	-31150	-29399	
-28949	-32388	-28376	
-29070	-31746	-29147	
-29043	-31323	-29298	
-29228	-32549	-28140	
-28978	-28254	-30203	
-29175	-32971	-27395	
-28827	-31472	-29263	
-28998	-31904	-28934	
-29965	-33390	-26337	
-28915	-31911	-29021	
-29185	-32883	-27528	
-28847	-31983	-28821	
-29961	-33424	-25560	
-29981	-33295	-26403	
-30105	-33363	-25840	
-28939	-32476	-28243	
-29060	-29840	-29971	
-29207	-29927	-29882	
-29020	-31190	-29455	
-28918	-32457	-28463	
-29748	-33128	-26742	
-28966	-29135	-30212	
-29940	-33264	-26433	
-29095	-29421	-29984	
-29053	-32679	-27947	
-29039	-32683	-27826	
-28648	-31230	-29454	
-28931	-32489	-28144	
-28772	-31532	-29176	
-28830	-32484	-28241	
-28965	-32759	-27866	
-29938	-33446	-25669	
-28638	-31318	-29321	
-29015	-30580	-29668	
-29740	-33287	-26887	
-28901	-31216	-29343	
-29928	-33251	-26607	
-29054	-30314	-29797	
-29465	-33138	-26971	
-28818	-32502	-28209	
-28997	-30718	-29697	
-29114	-32885	-27572	
-28843	-32591	-28028	
-28669	-32019	-28873	
-29110	-32893	-27483	
-29167	-31116	-29452	
-28690	-31378	-29279	
-28677	-32561	-28354	
-29107	-33081	-27488	
-28839	-32605	-28131	
-28727	-31203	-29362	
-28612	-31250	-29501	
-28754	-31626	-29211	
-28994	-30479	-29755	
-28870	-32780	-27921	
-29936	-33460	-25935	
-28504	-31368	-29363	
-28643	-31425	-29291	
-28859	-30905	-29645	
-28921	-34333	-24388	
-28655	-32614	-28048	
-28659	-31203	-29489	
-28751	-32485	-28314	
-28762	-32484	-28368	
-28607	-32649	-28242	
-28882	-31038	-29488	
-28639	-31978	-28901	
-29075	-32914	-27517	
-28461	-31562	-29266	
-28759	-31074	-29601	
-28627	-32262	-28884	
-29029	-29957	-30060	
-26471	-27890	-31010	
-28630	-31833	-29057	
-29044	-32983	-27604	
-28616	-32686	-27990	
-28832	-30371	-29819	
-28567	-32694	-27967	
-28455	-31454	-29296	
-28832	-32396	-28480	
-29749	-33225	-26655	
-28415	-31925	-28942	
-28735	-31112	-29491	
-28358	-31298	-29365	
-28326	-31502	-29471	
-28334	-31268	-29366	
-28944	-30017	-29892	
-28538	-32700	-28007	
-28906	-32860	-27621	
-28919	-30171	-29894	
-28818	-30673	-29705	
-28439	-32763	-28013	
-28801	-32354	-28508	
-28012	-31970	-29033	
-28463	-32710	-27962	
-28382	-32655	-28113	
-28734	-32881	-27783	
-29789	-33514	-25554	
-29056	-32916	-27516	
-28709	-30401	-29791	
-28797	-30520	-29713	
-28599	-31791	-29085	
-28331	-32725	-28047	
-28161	-31755	-29212	
-28769	-30986	-29734	
-28455	-32744	-27935	
-29391	-33214	-27011	
-28374	-31467	-29277	
-28812	-32783	-27838	
-28997	-29018	-30123	
-28602	-32337	-28527	
-28453	-32798	-27829	
-28664	-30574	-29787	
-29787	-33549	-25896	
-28633	-32379	-28499	
-28816	-30072	-29982	
-27974	-31981	-28908	
-27857	-32135	-28907	
-28695	-32910	-27728	
-28472	-32427	-28758	
-28307	-32665	-28068	
-29854	-33404	-25997	
-28316	-31590	-29338	
-29832	-33384	-26364	
-29218	-33176	-27143	
-29601	-33291	-26614	
-29596	-33348	-26607	
-28425	-31837	-29075	
-28346	-32851	-27884	
-27948	-32680	-28059	
-27856	-31991	-28950	
-27978	-31891	-29187	
-28328	-32488	-28478	
-28744	-30317	-29987	
-28116	-32659	-28113	
-28530	-31116	-29509	
-28067	-32661	-28083	
-27787	-32690	-28089	
-28151	-31632	-29278	
-29081	-33122	-27334	
-29697	-33438	-26153	
-29312	-33215	-27084	
-28471	-31241	-29521	
-29850	-33441	-25954	
-27661	-32042	-28982	
-28310	-32589	-28246	
-28657	-30480	-29836	
-27681	-32769	-28131	
-27717	-32573	-28360	
-27770	-32500	-28520	
-28579	-33046	-27657	
-28284	-32928	-27887	
-28365	-31236	-29600	
-28249	-32880	-28023	
-28855	-29806	-30111	
-27642	-32583	-28315	
-28814	-29496	-30136	
-28806	-30122	-30061	
-28599	-30653	-29798	
-27640	-32696	-28142	
-27478	-32527	-28372	
-28133	-31726	-29313	
-27595	-32630	-28327	
-27502	-32743	-28179	
-27279	-32510	-28391	
-27981	-32437	-28629	
-28493	-32985	-27674	
-29033	-33157	-27528	
-28748	-30135	-29920	
-28633	-30550	-29995	
-28294	-32968	-27693	
-29599	-33585	-26176	
-28027	-31330	-29556	
-28643	-33041	-27569	
-28478	-30715	-29869	
-28533	-31033	-29632	
-28759	-29161	-30159	
-29522	-33427	-26613	
-29591	-33376	-26848	
-29988	-33765	-25081	
-27835	-31512	-29342	
-29643	-33466	-25994	
-27732	-31547	-29352	
-29295	-33297	-26906	
-27402	-32632	-28283	
-28743	-29300	-30213	
-29842	-33781	-23961	
-28191	-32963	-27805	
-27524	-31542	-29432	
-29243	-33369	-27057	
-27832	-31821	-29189	
-29622	-33448	-26108	
-27521	-32827	-28035	
-28051	-31737	-29239	
-28148	-31086	-29836	
-28376	-30818	-29799	
-27347	-32908	-28053	
-27537	-31740	-29260	
-27483	-31626	-29347	
-28523	-30642	-29899	
-28238	-31005	-29747	
-29612	-33536	-25975	
-29179	-33205	-27088	
-29011	-33210	-27222	
-27983	-31339	-29577	
-27850	-31341	-29623	
-27658	-31496	-29540	
-29571	-33383	-26398	
-28138	-31174	-29703	
-28116	-32973	-27760	
-29832	-33813	-24975	
-28688	-29326	-30279	
-28067	-32981	-27737	
-29761	-33590	-25742	
-27759	-32891	-27894	
-28043	-33032	-27778	
-29447	-33437	-26568	
-28639	-29642	-30229	
-27526	-32934	-28005	
-28385	-33201	-27555	
-28965	-33164	-27235	
-28371	-30921	-29835	
-28784	-33180	-27253	
-27496	-32956	-27825	
-28844	-33238	-27073	
-29422	-33472	-26359	
-28770	-33314	-27113	
-28100	-33123	-27591	
-28747	-33181	-27270	
-28108	-32964	-27770	
-28733	-33175	-27383	
-28754	-33227	-27126	
-27421	-32966	-27780	
-26878	-33048	-27802	
-28581	-28480	-30377	
-28714	-33268	-27141	
-28036	-33128	-27679	
-26589	-32999	-27821	
-28675	-33258	-27165	
-28521	-30044	-30097	
-28331	-33230	-27290	
-27667	-31219	-29641	
-28602	-30508	-30023	
-27950	-33067	-27696	
-28570	-29728	-30147	
-29811	-33850	-24048	
-27751	-33050	-27715	
-29747	-33757	-25565	
-29168	-33379	-27012	
-29347	-33482	-26314	
-27421	-31210	-29642	
-27355	-31243	-29643	
-27311	-31192	-29669	
-27359	-31324	-29625	
-29100	-33386	-26719	
-29113	-33500	-26399	
-28542	-33167	-27399	
-28300	-33299	-27377	
-27563	-33073	-27735	
-27043	-31204	-29689	
-28948	-33392	-26634	
-27970	-30742	-29874	
-29232	-33532	-26186	
-29722	-33691	-25626	
-29077	-33474	-26432	
-29189	-33538	-26245	
-28310	-33211	-27510	
-28560	-29778	-30226	
-28919	-33402	-26737	
-28410	-30655	-29964	
-28107	-31132	-29731	
-28498	-29973	-30152	
-27861	-30788	-29896	
-28390	-30171	-30081	
-29003	-33488	-26476	
-28154	-30694	-29883	
-29612	-33679	-25703	
-28905	-33406	-26616	
-29125	-33530	-26278	
-28877	-33551	-26636	
-29032	-33386	-26762	
-28909	-33490	-26604	
-27961	-33138	-27634	
-28872	-33444	-26666	
-27832	-30966	-29900	
-28250	-30210	-30051	
-27412	-31152	-29705	
-28007	-30676	-29945	
-27902	-30742	-30001	
-29468	-33596	-25801	
-27912	-33146	-27611	
-28705	-33572	-26798	
-28131	-30304	-30087	
-27795	-33232	-27570	
-29450	-33674	-26137	
-27951	-33226	-27501	
-28677	-33389	-26883	
-28235	-33345	-27075	
-28171	-33350	-27163	
-29070	-33670	-26348	
-26868	-33136	-27669	
-28367	-30100	-30136	
-28541	-33442	-26819	
-28434	-29608	-30369	
-28463	-29349	-30259	
-28520	-33423	-27039	
-27720	-33242	-27525	
-28094	-30535	-30028	
-28112	-33361	-27172	
-27710	-33330	-27392	
-29038	-33503	-26377	
-28395	-29874	-30240	
-28027	-30375	-30052	
-28996	-33746	-26388	
-27533	-30794	-29985	
-28125	-30577	-30000	
-28045	-30198	-30157	
-27229	-33252	-27396	
-26713	-33301	-27543	
-27955	-30620	-30057	
-28156	-33360	-27097	
-28227	-30077	-30208	
-27633	-33394	-27058	
-27522	-33392	-27187	
-28353	-33451	-26890	
-27820	-30522	-30072	
-27930	-33454	-27054	
-27219	-33340	-27263	
-28018	-30258	-30144	
-27207	-33350	-27225	
-27795	-30363	-30113	
-28161	-33438	-27030	
-26525	-33363	-27338	
-29333	-33621	-26147	
-28212	-33469	-26883	
-28576	-28820	-30381	
-26301	-27902	-31080	
-27315	-33406	-27080	
-27542	-30414	-30100	
-27871	-30700	-30029	
-28154	-29739	-30379	
-27052	-33515	-27099	
-28721	-33552	-26399	
-26918	-33435	-27139	
-29424	-33715	-25983	
-28382	-28910	-30424	
-29691	-33823	-25000	
-27126	-33439	-27059	
-28169	-33509	-26799	
-28162	-33654	-26820	
-27539	-30669	-30077	
-29580	-33706	-25602	
-27769	-30271	-30183	
-27920	-33542	-26921	
-27992	-30106	-30182	
-27973	-33500	-26825	
-29682	-33771	-25373	
-27516	-30393	-30119	
-27483	-30523	-30153	
-27243	-30794	-30007	
-27512	-30345	-30149	
-28217	-29124	-30464	
-28170	-30038	-30216	
-27553	-33470	-26939	
-27586	-30622	-30065	
-29630	-33843	-25524	
-29642	-33775	-25344	
-26517	-30772	-30009	
-28616	-33582	-26569	
-28144	-29827	-30246	
-28006	-30013	-30311	
-28554	-33604	-26425	
-27745	-30092	-30281	
-29324	-33760	-25729	
-27473	-30635	-30130	
-27687	-30137	-30191	
-28541	-33592	-26524	
-27628	-30262	-30203	
-29555	-33853	-25479	
-27424	-30298	-30259	
-28510	-33661	-26611	
-27845	-30047	-30535	
-28728	-34349	-23031	
-27328	-30355	-30267	
-27606	-30177	-30310	
-29294	-33722	-26031	
-29517	-33917	-24537	
-28149	-29530	-30405	
-27007	-30362	-30305	
-28331	-33635	-26659	
-29475	-33868	-24648	
-26997	-30450	-30172	
-29275	-33804	-25944	
-27004	-33574	-26943	
-27522	-30257	-30282	
-27689	-33599	-26876	
-29474	-33891	-25418	
-26911	-30573	-30143	
-26977	-30438	-30184	
-27548	-33609	-26901	
-26274	-30420	-30191	
-28118	-29488	-30433	
-27969	-29973	-30339	
-28301	-33739	-26408	
-28087	-33664	-26775	
-28044	-29430	-30468	
-28011	-33686	-26447	
-27968	-28984	-30579	
-27920	-33692	-26626	
-28018	-29657	-30389	
-28927	-33804	-26130	
-29250	-33839	-25735	
-26844	-33632	-26847	
-29399	-33901	-25373	
-27906	-29151	-30491	
-27237	-30179	-30318	
-27230	-30197	-30304	
-27791	-33729	-26429	
-27385	-30113	-30413	
-27190	-30226	-30330	
-27894	-29507	-30413	
-27758	-33821	-26430	
-27757	-33704	-26450	
-27505	-33693	-26542	
-27464	-33710	-26509	
-27382	-33745	-26662	
-28684	-34350	-24771	
-29383	-33902	-24905	
-28840	-33794	-26282	
-29319	-33908	-24885	
-26849	-33739	-26817	
-28442	-34365	-23460	
-27460	-33727	-26582	
-29119	-33852	-25838	
-29296	-33964	-25071	
-27392	-33657	-26795	
-26923	-33663	-26777	
-29189	-33944	-25508	
-29175	-33849	-25690	
-27124	-30192	-30383	
-28764	-33816	-25954	
-28547	-33800	-26341	
-29137	-34016	-25659	
-27862	-33775	-26408	
-26522	-30220	-30399	
-28725	-33845	-25899	
-28673	-33822	-26133	
-27293	-33755	-26433	
-26839	-33827	-26684	
-27777	-28052	-30681	
-28615	-33905	-25915	
-28518	-33870	-25939	
-28297	-33876	-26304	
-27733	-29541	-30637	
-27852	-33793	-26361	
-27771	-29025	-30537	
-27761	-29075	-30616	
-26733	-30157	-30508	
-27856	-33851	-26321	
-27659	-28519	-30639	
-29234	-33991	-24866	
-27348	-30073	-30441	
-27641	-28448	-30716	
-26764	-30088	-30421	
-28350	-34378	-23355	
-27602	-33869	-26324	
-27309	-33875	-26383	
-28240	-33946	-26127	
-28609	-33981	-25828	
-26651	-33889	-26479	
-29224	-34001	-24812	
-29196	-34009	-24817	
-27579	-29123	-30650	
-27562	-27553	-30725	
-28576	-33934	-25860	
-27230	-29755	-30684	
-28369	-33959	-25900	
-28130	-33904	-26155	
-27707	-33940	-26282	
-27476	-28997	-30652	
-27433	-28620	-30666	
-29108	-34026	-24866	
-27139	-29769	-30578	
-27380	-28975	-30742	
-26908	-30027	-30701	
-29092	-34046	-25265	
-27748	-34059	-26002	
-27964	-34407	-23321	
-28907	-34185	-24770	
-27535	-29176	-30643	
-28901	-34071	-25065	
-27697	-34028	-26149	
-27368	-29331	-30664	
-28460	-34070	-25789	
-28680	-34057	-25271	
-28646	-34026	-25530	
-27335	-29476	-30738	
-28175	-33992	-25825	
-28599	-34219	-25400	
-27366	-29359	-30649	
-28788	-34084	-25130	
-28887	-34126	-25053	
-27331	-28535	-30762	
-27100	-28670	-30780	
-27134	-28473	-30842	
-26986	-28745	-30756	
-28325	-34077	-25498	
-27112	-29641	-30739	
-26958	-29223	-30752	
-27970	-34078	-25572	
-28056	-34301	-25422	
-27509	-34090	-25944	
-26867	-28813	-30771	
-26696	-29690	-30759	
-28731	-34174	-24947	
-27447	-34117	-25541	
-26641	-28914	-30798	
-27427	-34160	-25594	
-26621	-29224	-30833	
-26448	-29769	-30733	
-26498	-29325	-30765	
-25748	-27938	-31137	
-26336	-29263	-30835	
-26214	-29465	-30761	
-27032	-27917	-30865	
-26132	-29649	-30797	
-27888	-34431	-23865	
-25920	-29312	-30855	
-27356	-34187	-25472	
-26559	-29098	-30834	
-26085	-28793	-30950	
-26063	-28819	-30902	
-25845	-28846	-30929	
-25722	-28947	-30861	
-28286	-34285	-24872	
-25524	-29066	-30876	
-28188	-34256	-24969	
-25438	-29087	-30857	
-25926	-28806	-30939	
-26320	-28457	-30963	
-26149	-28641	-30938	
-26097	-28622	-30964	
-26240	-28211	-30997	
-25703	-28392	-30978	
-27821	-34465	-23562	
-25287	-28441	-30998	
-27989	-34343	-24791	
-27038	-34363	-24946	
-25653	-28214	-30988	
-25373	-28263	-31034	
-25599	-28162	-31007	
-28344	-34365	-23778	
-25150	-28428	-31035	
-28076	-34369	-24070	
-27903	-34395	-23912	
-26430	-34382	-24245	
