-33037	-28091	-25866	
-33002	-28733	-27128	
-32960	-29345	-27928	
-32959	-29934	-28110	
-32916	-29683	-28199	
-32808	-29487	-28515	
-32969	-28742	-26611	
-32795	-29849	-28682	
-32778	-29985	-28821	
-32691	-29719	-28918	
-32648	-30508	-29107	
-32627	-30348	-29221	
-32601	-30135	-29494	
-32935	-30034	-26908	
-32916	-30108	-27611	
-32507	-29909	-29543	
-32463	-30250	-29624	
-32861	-30134	-27526	
-32844	-30270	-27665	
-32393	-30813	-29749	
-32818	-30308	-27027	
-32765	-30471	-28011	
-32359	-30120	-29860	
-32333	-29957	-29865	
-32316	-30909	-30049	
-32754	-30895	-27614	
-32291	-30270	-30093	
-32258	-29809	-30218	
-32172	-30569	-30255	
-32113	-30276	-30295	
-32094	-30735	-30367	
-32671	-30967	-27452	
-32077	-30426	-30470	
-32640	-31060	-28051	
-32064	-30373	-30571	
-32597	-31234	-27552	
-32016	-29794	-30584	
-31990	-29631	-30589	
-31958	-30856	-30634	
-31923	-30669	-30748	
-32537	-31441	-27763	
-31913	-30773	-30909	
-32507	-31514	-28657	
-31900	-30720	-31010	
-32428	-31551	-26963	
-32424	-31586	-28495	
-32380	-31780	-27701	
-31770	-29950	-31019	
-31750	-29853	-31057	
-31727	-30406	-31162	
-31666	-31155	-31248	
-32355	-31834	-28606	
-32350	-31853	-28595	
-31598	-30853	-31261	
-31544	-30231	-31299	
-32312	-32008	-28107	
-31510	-30952	-31311	
-31497	-30899	-31412	
-31431	-30394	-31520	
-32226	-32015	-28760	
-32225	-32031	-27970	
-32224	-32101	-28555	
-32181	-32275	-28056	
-31421	-30068	-31554	
-31372	-30302	-31569	
-31350	-30039	-31634	
-31301	-30487	-31679	
-31291	-30591	-31840	
-32107	-32542	-28156	
-31166	-30700	-31884	
-31156	-30804	-32045	
-32095	-32554	-28256	
-31942	-32618	-27868	
-31921	-32648	-28246	
-31105	-29116	-32060	
-31877	-32701	-27572	
-31023	-30481	-32063	
-30982	-30719	-32114	
-31860	-32893	-27469	
-30980	-29829	-32173	
-30893	-30080	-32240	
-30880	-30027	-32341	
-31791	-32981	-28268	
-30812	-29725	-32354	
-30763	-30173	-32399	
-31680	-33050	-29045	
-30729	-30703	-32439	
-30676	-29584	-32619	
-31637	-33224	-28546	
-31627	-33328	-28707	
-30592	-29027	-32622	
-30524	-29538	-32630	
-30495	-31138	-32677	
-30452	-29411	-32732	
-31466	-33329	-28397	
-31446	-33380	-28537	
-30442	-30019	-32857	
-31443	-33464	-27717	
-31355	-33480	-28581	
-30358	-29462	-32860	
-30314	-30354	-32894	
-31304	-33544	-28290	
-30290	-28758	-32939	
-31276	-33740	-28296	
-30223	-29091	-32980	
-30151	-30059	-32986	
-30136	-29496	-33005	
-30121	-29717	-33032	
-30111	-30045	-33044	
-30088	-30205	-33136	
-31266	-33844	-28457	
-30064	-28609	-33181	
-29988	-28891	-33190	
-29987	-30251	-33287	
-31140	-33891	-28729	
-31099	-33907	-28172	
-31056	-33937	-27548	
-29868	-28806	-33351	
-31048	-33991	-27773	
-29830	-29044	-33419	
-30943	-34055	-26964	
-29786	-29936	-33453	
-30865	-34150	-27853	
-29719	-29654	-33487	
-29685	-29982	-33604	
-30828	-34175	-28412	
-30816	-34206	-28571	
-30806	-34310	-28732	
-29617	-29680	-33617	
-29509	-29191	-33672	
-29442	-28909	-33706	
-30689	-34313	-29695	
-30674	-34418	-28690	
-29393	-29507	-33730	
-29383	-30115	-33855	
-30612	-34470	-28194	
-30569	-34500	-27570	
-29196	-29170	-33911	
-30513	-34508	-28812	
-30481	-34578	-29152	
-29172	-29652	-33982	
-30470	-34682	-28313	
-29053	-29887	-34010	
-29025	-29080	-34012	
-28957	-28778	-34025	
-28894	-29303	-34162	
-32785	-30028	-28100	
-30378	-34713	-27875	
-32773	-30047	-27994	
-32797	-29911	-28118	
-30341	-34733	-27358	
-30287	-34738	-27916	
-30264	-34873	-27236	
-32725	-30369	-28348	
-32752	-30023	-28183	
-32716	-30623	-27671	
-32714	-30793	-27951	
-32690	-30350	-28816	
-28884	-29631	-34174	
-28776	-29142	-34229	
-32693	-30633	-28065	
-32669	-30727	-28654	
-28650	-30066	-34412	
-30147	-34997	-29155	
-32557	-31149	-28266	
-32616	-30772	-28824	
-32600	-30975	-28765	
-32520	-31373	-28311	
-32519	-30139	-29368	
-32504	-30168	-29313	
-32590	-30559	-29097	
-32528	-31137	-28819	
-32539	-30713	-29216	
-32427	-30863	-29281	
-30136	-35101	-28316	
-32413	-30618	-29437	
-32432	-30360	-29217	
-32518	-31090	-29054	
-32406	-30493	-29473	
-28344	-28814	-34421	
-32358	-30751	-29758	
-32323	-30206	-29855	
-28248	-28431	-34451	
-32410	-30894	-29370	
-32401	-30512	-29462	
-32471	-31156	-28919	
-32215	-30010	-30171	
-32469	-31242	-28714	
-32435	-31162	-28892	
-32390	-30936	-29065	
-32416	-31287	-28884	
-32385	-30956	-29494	
-32382	-31207	-29062	
-32375	-31060	-29655	
-28099	-28960	-34477	
-32399	-31318	-28973	
-30010	-35148	-28588	
-32185	-30622	-30154	
-32366	-31410	-29003	
-32373	-31105	-29246	
-32292	-31132	-29493	
-32314	-31495	-28857	
-28041	-28330	-34478	
-28031	-28658	-34490	
-32286	-31326	-29095	
-32257	-31148	-29246	
-32294	-31572	-29057	
-32250	-30555	-30074	
-32253	-31220	-29139	
-32312	-31526	-28653	
-27973	-28832	-34560	
-32246	-31241	-29809	
-32303	-31919	-28460	
-29967	-35178	-27964	
-32273	-31949	-28895	
-32308	-31461	-28993	
-32237	-31591	-29157	
-32256	-31137	-29648	
-32228	-31274	-30044	
-32185	-31448	-29545	
-32248	-30607	-30062	
-29912	-35193	-28565	
-32242	-31657	-28911	
-32151	-30798	-30115	
-32235	-31677	-28952	
-29748	-35195	-29182	
-32182	-31722	-29122	
-32147	-30653	-30213	
-29744	-35263	-27597	
-32229	-30932	-29912	
-32168	-31502	-29643	
-32106	-32130	-28653	
-32099	-31455	-30198	
-32165	-31753	-29211	
-32043	-30750	-30409	
-27903	-29014	-34598	
-32177	-31728	-28942	
-32158	-31606	-29804	
-32139	-30818	-30092	
-32179	-31642	-29147	
-32086	-32172	-28348	
-32176	-31359	-29898	
-32140	-31815	-29335	
-32069	-32354	-28698	
-32074	-30816	-30242	
-32108	-31838	-28961	
-32121	-30921	-30045	
-32148	-31672	-29590	
-32056	-30803	-30308	
-32091	-32007	-29142	
-32033	-31299	-30209	
-32025	-31722	-30298	
-32037	-32016	-28774	
-32034	-32292	-28707	
-32031	-32027	-28756	
-32016	-30990	-30312	
-31964	-30767	-30406	
-32025	-32048	-28891	
-27797	-29093	-34728	
-32014	-32146	-29901	
-31848	-32696	-28703	
-32078	-32004	-29350	
-31847	-32774	-28466	
-32088	-31900	-29189	
-32075	-31678	-29642	
-32061	-31695	-29453	
-31955	-31115	-30404	
-31969	-32406	-29197	
-32054	-31715	-29494	
-29738	-35287	-28555	
-32141	-31297	-29907	
-32141	-31495	-29893	
-32043	-31942	-29359	
-32022	-31723	-29812	
-32010	-32233	-28875	
-31922	-32442	-28772	
-31913	-31088	-30451	
-31820	-32791	-27806	
-32137	-31643	-29656	
-32014	-31042	-30300	
-31968	-31168	-30303	
-31913	-32465	-29645	
-31879	-31542	-30487	
-31896	-32542	-28399	
-31971	-32320	-29402	
-32056	-31629	-29699	
-31862	-31233	-30590	
-29737	-35299	-28343	
-32036	-31612	-29748	
-31946	-31172	-30350	
-31852	-31337	-30751	
-31894	-32466	-28519	
-31892	-32502	-29497	
-31870	-32639	-29146	
-29665	-35311	-28215	
-31900	-32566	-28252	
-31917	-31233	-30353	
-31892	-31231	-30448	
-31793	-32779	-29024	
-31880	-32535	-28985	
-31696	-31319	-31058	
-29631	-35407	-29429	
-31823	-31069	-30839	
-31683	-31266	-31159	
-31516	-30288	-31295	
-31817	-30792	-30848	
-31724	-31291	-30872	
-31713	-31288	-30969	
-31942	-31794	-30136	
-31931	-32218	-29739	
-31924	-32041	-30042	
-31750	-32953	-28525	
-31419	-30759	-31521	
-31814	-31411	-30581	
-31923	-32361	-29484	
-31816	-31563	-30429	
-31334	-30346	-31623	
-31792	-31565	-30350	
-31788	-32037	-30414	
-31835	-32693	-28911	
-31837	-31914	-30183	
-31804	-31515	-30742	
-31907	-31732	-30145	
-31830	-31734	-30294	
-31795	-31882	-30210	
-31735	-32841	-29435	
-31754	-31854	-30467	
-31743	-32079	-30584	
-31780	-32581	-30139	
-31896	-32156	-29748	
-31312	-30944	-31540	
-27657	-29621	-34750	
-31819	-32158	-29897	
-31784	-32306	-29813	
-31802	-32047	-29986	
-31688	-32907	-29300	
-31686	-31494	-30758	
-31308	-31997	-31574	
-31671	-31389	-30788	
-31710	-31839	-30588	
-31708	-31534	-30681	
-31655	-31579	-30851	
-31737	-32755	-29640	
-31675	-31777	-30597	
-31668	-31632	-30750	
-31635	-31883	-30900	
-27471	-29183	-34845	
-31600	-31338	-30997	
-31662	-32088	-30636	
-31589	-31504	-31077	
-31462	-31754	-31296	
-29435	-35419	-28425	
-31334	-31177	-31496	
-31449	-31701	-31397	
-31662	-31748	-30650	
-31658	-31666	-30686	
-31753	-31975	-30423	
-31708	-32133	-30349	
-31242	-30640	-31611	
-31652	-31852	-30811	
-31479	-31723	-31207	
-29409	-35494	-27460	
-31240	-31695	-31587	
-31509	-31360	-31149	
-31214	-30940	-31669	
-31631	-32229	-30649	
-31225	-30845	-31601	
-31380	-33446	-28357	
-31570	-31950	-30980	
-30898	-30162	-32117	
-31204	-30614	-31703	
-31201	-30887	-31770	
-31569	-32270	-30422	
-31502	-31648	-30993	
-31601	-33128	-29149	
-31489	-31619	-31046	
-31641	-32125	-30488	
-31627	-32645	-29751	
-31559	-32374	-30583	
-31223	-30897	-31589	
-31578	-31928	-30680	
-31619	-32788	-29496	
-31572	-33134	-29198	
-31609	-32892	-29657	
-31592	-32583	-29760	
-31585	-32593	-30135	
-31653	-32845	-29309	
-30883	-30460	-32161	
-31522	-32765	-29798	
-31548	-32596	-30043	
-31531	-32627	-30132	
-31509	-33155	-28896	
-31523	-32016	-30845	
-31531	-33018	-29247	
-31195	-31090	-31598	
-31185	-31194	-31759	
-31489	-33206	-29036	
-31553	-32490	-30483	
-31522	-32633	-30244	
-31493	-32919	-29296	
-30874	-30230	-32169	
-31479	-32939	-29299	
-31500	-32902	-29447	
-30865	-30844	-32174	
-30864	-30490	-32234	
-31463	-32992	-30190	
-31486	-32170	-30665	
-31510	-32664	-29984	
-31476	-32274	-30826	
-30664	-29914	-32446	
-30663	-30573	-32490	
-31069	-30827	-31908	
-31414	-33224	-28760	
-31438	-32125	-31000	
-30879	-30059	-32264	
-31500	-32768	-30145	
-31066	-31429	-31787	
-31389	-32019	-31137	
-31404	-33328	-28921	
-30830	-30657	-32288	
-31051	-31190	-31797	
-31500	-32770	-29893	
-31493	-32826	-29801	
-31462	-33106	-29277	
-31042	-31072	-31809	
-31491	-33120	-29241	
-31364	-33384	-28411	
-30644	-30290	-32541	
-31358	-33434	-28939	
-31006	-32130	-31825	
-31543	-32594	-30644	
-31461	-33180	-29966	
-30779	-30077	-32336	
-31461	-31977	-30890	
-30987	-31018	-31852	
-31451	-32178	-30899	
-30763	-30375	-32322	
-31473	-32888	-30029	
-30970	-31049	-31941	
-31170	-31332	-31591	
-31133	-31880	-31606	
-31132	-31206	-31642	
-30628	-30386	-32604	
-31123	-31554	-31640	
-31345	-33226	-29013	
-31383	-33202	-29168	
-31117	-31723	-31645	
-31296	-33497	-28493	
-31100	-31612	-31734	
-31337	-33363	-29519	
-30270	-28869	-32896	
-30242	-29560	-32924	
-30939	-31455	-31964	
-29384	-35525	-29079	
-30544	-29829	-32607	
-30878	-30897	-32073	
-31364	-32560	-30679	
-31472	-32756	-30363	
-30943	-31458	-31830	
-31331	-32310	-30912	
-27380	-28936	-34850	
-31325	-33461	-28958	
-31287	-32455	-31113	
-31441	-32212	-30835	
-31267	-33487	-28847	
-30871	-31153	-31977	
-31257	-33591	-29008	
-31408	-32229	-30863	
-31329	-32362	-30900	
-27180	-29320	-34871	
-30731	-30879	-32321	
-30859	-31047	-32002	
-31031	-31252	-31793	
-30852	-31231	-32057	
-31430	-32636	-30438	
-30816	-31292	-32219	
-31327	-33409	-28970	
-30835	-31262	-32146	
-31203	-32163	-31239	
-30916	-34043	-28182	
-31265	-33451	-29013	
-31320	-32734	-30515	
-31428	-32930	-30199	
-31257	-33459	-29454	
-31425	-32822	-30228	
-30208	-30290	-32975	
-30748	-30990	-32232	
-31353	-32984	-30282	
-31209	-33620	-28481	
-31261	-32492	-30950	
-31195	-33727	-28702	
-29358	-35558	-29184	
-31255	-32801	-30595	
-31196	-32228	-31340	
-27092	-29288	-34878	
-31310	-33181	-29792	
-31318	-32786	-30503	
-31308	-33244	-29578	
-31257	-32507	-30834	
-31242	-32748	-30696	
-30056	-29193	-33177	
-31311	-32861	-30350	
-31300	-33285	-29953	
-31232	-32553	-30953	
-31200	-32907	-31118	
-31013	-32065	-31724	
-31338	-33043	-30077	
-27008	-28493	-34882	
-31232	-33485	-29161	
-31288	-33068	-30482	
-26958	-28295	-34883	
-31179	-32259	-31429	
-31210	-32803	-30957	
-30596	-31092	-32526	
-31193	-33613	-29067	
-26933	-29173	-34915	
-30700	-30995	-32330	
-30932	-31710	-31838	
-30681	-31505	-32424	
-31194	-33492	-29111	
-30902	-31699	-31892	
-30427	-30836	-32690	
-30775	-31340	-32023	
-31183	-33717	-29228	
-30399	-30066	-32852	
-31019	-33962	-28107	
-31370	-32953	-30193	
-31288	-33316	-29693	
-31177	-32553	-31190	
-30504	-30758	-32529	
-31276	-33101	-29970	
-31266	-33205	-30131	
-30630	-30925	-32472	
-30220	-31002	-32918	
-31187	-33534	-29084	
-30767	-31495	-32056	
-30367	-30772	-32774	
-31216	-33478	-29747	
-31185	-33543	-29261	
-30849	-31975	-31936	
-31119	-32045	-31430	
-31056	-32287	-31487	
-31150	-33787	-28568	
-31228	-33369	-29760	
-31221	-32977	-30556	
-31130	-32300	-31224	
-30765	-31444	-32184	
-31022	-32104	-31540	
-30930	-33984	-27820	
-31086	-32309	-31297	
-31117	-32339	-31191	
-31115	-32494	-31220	
-30757	-31823	-32068	
-31174	-33531	-29292	
-29213	-35578	-27692	
-31179	-33078	-30272	
-31157	-33607	-29978	
-31166	-33187	-30148	
-31069	-32340	-31386	
-31161	-33125	-30441	
-31217	-33357	-29791	
-30939	-33908	-28862	
-30918	-33945	-28714	
-31023	-33894	-29692	
-31084	-33773	-29470	
-31005	-32353	-31419	
-30883	-32158	-31883	
-31187	-33325	-29999	
-31201	-33227	-30104	
-31004	-32424	-31586	
-31173	-33652	-29248	
-30016	-29411	-33166	
-31189	-33273	-30011	
-31159	-33313	-30217	
-30746	-31714	-32120	
-30695	-32218	-32214	
-26909	-28198	-34948	
-31140	-32987	-30590	
-30613	-31203	-32437	
-30117	-29728	-33001	
-29851	-30460	-33308	
-31002	-32489	-31327	
-31127	-33263	-30425	
-31051	-33825	-29186	
-30893	-34009	-28379	
-31105	-32925	-30599	
-31047	-32971	-30730	
-30858	-34105	-28593	
-31129	-32995	-30483	
-31046	-33092	-30686	
-29211	-35630	-27680	
-29839	-30354	-33333	
-31110	-33673	-29843	
-31132	-32605	-31131	
-30996	-32605	-31227	
-30991	-32371	-31687	
-30284	-30675	-32804	
-30995	-32554	-31428	
-31030	-33858	-28946	
-31093	-33080	-30478	
-31094	-33349	-30202	
-30993	-32848	-31189	
-31074	-33176	-30466	
-30884	-33968	-28610	
-31012	-32909	-30739	
-30981	-32947	-30866	
-30548	-31182	-32442	
-30867	-34042	-28484	
-30514	-31425	-32470	
-31076	-33616	-30030	
-30986	-32709	-31388	
-31039	-33114	-30475	
-31025	-33139	-30540	
-30881	-33970	-29273	
-30875	-33999	-28421	
-30977	-33051	-31130	
-31066	-33720	-30191	
-30637	-31588	-32215	
-30627	-31916	-32227	
-30831	-32174	-31705	
-30097	-31030	-32976	
-30097	-30900	-33043	
-31049	-33411	-30294	
-30875	-32686	-31441	
-30616	-31807	-32279	
-30730	-32570	-31857	
-30973	-33185	-30772	
-30481	-32020	-32484	
-30872	-32582	-31486	
-29811	-29460	-33355	
-30696	-32387	-31910	
-30864	-34019	-28750	
-30396	-31607	-32586	
-30894	-33945	-28737	
-30362	-30815	-32695	
-30972	-33306	-30728	
-30307	-30844	-32705	
-30121	-30486	-32919	
-30103	-30861	-32971	
-30752	-32714	-31499	
-30265	-31118	-32713	
-30595	-31566	-32326	
-30245	-30776	-32719	
-30237	-31026	-32743	
-31033	-33790	-29531	
-30980	-32795	-31290	
-26879	-28071	-34985	
-30946	-33326	-30445	
-30523	-32258	-32306	
-30222	-31003	-32765	
-30487	-31834	-32359	
-30942	-33449	-30371	
-30951	-33168	-30877	
-30379	-31638	-32675	
-30839	-34071	-29251	
-30898	-33040	-31369	
-30983	-32882	-31125	
-30930	-32815	-31284	
-30897	-33360	-30811	
-30943	-32868	-31183	
-30908	-32936	-31208	
-29982	-30808	-33055	
-30716	-32583	-31540	
-30906	-33230	-30969	
-30895	-33654	-30572	
-30700	-32622	-31578	
-29978	-30434	-33131	
-30765	-32767	-31398	
-30808	-32835	-31382	
-30205	-31243	-32780	
-30817	-34085	-28615	
-30246	-31315	-32693	
-30687	-32729	-31652	
-30579	-32533	-31968	
-30701	-32780	-31431	
-30896	-33334	-31130	
-30936	-33767	-29833	
-30695	-32949	-31436	
-30691	-32981	-31440	
-30099	-31032	-32808	
-30840	-33950	-29295	
-30678	-32928	-31541	
-30566	-32480	-32069	
-28984	-35687	-28283	
-30780	-34200	-29482	
-30823	-34026	-29981	
-30095	-31194	-32804	
-29964	-30577	-33061	
-29943	-30257	-33137	
-29928	-30463	-33095	
-29929	-30390	-33175	
-30674	-32676	-31753	
-30924	-33796	-29772	
-29904	-31032	-33068	
-30087	-31216	-32970	
-30887	-33464	-30972	
-30596	-32502	-31879	
-30204	-31275	-32703	
-29887	-30748	-33076	
-30885	-33758	-30733	
-30135	-31456	-32755	
-29877	-30480	-33282	
-30154	-31716	-32696	
-30140	-31486	-32699	
-29863	-31043	-33083	
-30161	-31557	-32680	
-30688	-33168	-31200	
-30238	-31926	-32497	
-30862	-33893	-30053	
-29824	-30492	-33165	
-30670	-32843	-31589	
-29819	-30619	-33170	
-30238	-31865	-32502	
-29909	-30827	-33057	
-29921	-30429	-33135	
-30205	-31732	-32665	
-30631	-32689	-31765	
-26833	-28174	-35015	
-30075	-31305	-32761	
-30619	-32774	-31593	
-30564	-32774	-31830	
-30068	-31541	-32820	
-30577	-32827	-31729	
-30674	-33275	-31421	
-30400	-32286	-32364	
-30393	-32351	-32465	
-29706	-30031	-33351	
-29817	-30930	-33114	
-30143	-31831	-32599	
-30512	-32682	-31909	
-30065	-31736	-32898	
-29948	-31456	-32981	
-29944	-31046	-33010	
-30510	-32936	-31629	
-30085	-31510	-32731	
-30644	-32933	-31467	
-30568	-33009	-31498	
-29791	-31006	-33235	
-29692	-30645	-33347	
-29680	-30539	-33372	
-30391	-32645	-32226	
-30496	-32902	-31970	
-30717	-34244	-29189	
-29938	-31215	-33015	
-30495	-32548	-32030	
-30736	-33856	-30103	
-30079	-32050	-32541	
-29601	-29983	-33385	
-29594	-30985	-33415	
-30474	-33006	-31569	
-30662	-33843	-30366	
-30517	-33075	-31430	
-29436	-30159	-33620	
-30457	-33067	-31597	
-30087	-31828	-32613	
-30665	-33625	-30769	
-29422	-29910	-33632	
-30031	-31553	-32951	
-30045	-31867	-32594	
-30392	-32574	-32059	
-30506	-32798	-31809	
-30699	-33391	-30986	
-30456	-32561	-32026	
-30117	-32791	-32497	
-30004	-32197	-32615	
-30003	-31843	-32675	
-30673	-33371	-31012	
-29767	-30663	-33237	
-29396	-29485	-33648	
-30655	-33729	-30930	
-29737	-30700	-33272	
-30038	-32380	-32562	
-29581	-30305	-33451	
-30699	-34209	-29534	
-30591	-33347	-31259	
-29903	-31376	-33031	
-30440	-33710	-31659	
-30578	-33533	-31072	
-30034	-32223	-32570	
-30453	-33076	-31471	
-30467	-33095	-31424	
-29869	-31045	-33046	
-29828	-30436	-33326	
-30448	-33089	-31584	
-30623	-33391	-31006	
-30012	-31999	-32581	
-30162	-32060	-32468	
-29793	-31327	-33055	
-30426	-32997	-31869	
-29718	-30665	-33321	
-30674	-33407	-30975	
-30583	-33891	-30984	
-30252	-32578	-32292	
-29999	-31839	-32703	
-29569	-30482	-33602	
-30654	-34049	-30372	
-30562	-33753	-31133	
-29984	-32016	-32638	
-29766	-31674	-33071	
-30382	-32775	-32068	
-30559	-34428	-28382	
-30667	-33905	-30049	
-29762	-31089	-33234	
-29995	-31840	-32865	
-29969	-32010	-32729	
-30060	-32237	-32502	
-30557	-34461	-28464	
-26787	-28261	-35029	
-30635	-34335	-28874	
-30446	-33366	-31225	
-29697	-30845	-33275	
-30638	-33876	-30383	
-29723	-31190	-33149	
-30556	-33285	-31268	
-30178	-32376	-32329	
-30621	-33782	-30485	
-30444	-33418	-31213	
-30007	-32041	-32581	
-30584	-34364	-28717	
-30383	-33156	-31664	
-30149	-32437	-32332	
-30380	-33069	-31829	
-30562	-34347	-28798	
-30564	-34086	-29725	
-29683	-30678	-33299	
-30593	-33787	-30823	
-30262	-32907	-32081	
-30130	-32844	-32396	
-29673	-30777	-33355	
-30561	-34073	-30575	
-30547	-34389	-29276	
-30202	-32693	-32082	
-29710	-31230	-33085	
-29872	-31738	-32990	
-30373	-32930	-32028	
-30533	-34461	-28487	
-29831	-32068	-33011	
-29952	-32041	-32818	
-29906	-31921	-32937	
-29639	-31570	-33333	
-29676	-31264	-33114	
-30551	-34177	-30736	
-29706	-31460	-33072	
-29944	-32477	-32649	
-30370	-33103	-31765	
-30386	-32983	-31927	
-29658	-31115	-33153	
-29648	-31272	-33102	
-29646	-31589	-33232	
-28928	-35738	-27911	
-26656	-28428	-35134	
-30524	-34404	-29651	
-30260	-33184	-31722	
-29871	-32151	-32668	
-29503	-31135	-33510	
-29868	-32056	-32880	
-30242	-33292	-31868	
-29865	-32066	-32714	
-29950	-32335	-32579	
-29795	-32104	-32719	
-30243	-33246	-31732	
-30275	-32960	-31980	
-30212	-33077	-31917	
-29782	-32117	-32782	
-30205	-33142	-32018	
-29778	-32135	-32808	
-30251	-33331	-31684	
-29845	-32382	-32654	
-29761	-32302	-32786	
-30208	-33109	-31921	
-29968	-32484	-32529	
-30057	-33064	-32229	
-30518	-34247	-30076	
-30314	-34721	-28576	
-30187	-32971	-32070	
-30252	-34829	-27629	
-30195	-33056	-32022	
-29948	-32387	-32567	
-29381	-30409	-33616	
-30088	-33001	-32071	
-30082	-33170	-32076	
-29299	-30116	-33636	
-30078	-33202	-32080	
-29238	-30496	-33704	
-29395	-30576	-33592	
-29748	-31971	-33041	
-30152	-32988	-32038	
-29518	-31119	-33386	
-30557	-33991	-30611	
-29595	-31655	-33119	
-29892	-32618	-32500	
-29879	-32565	-32601	
-30399	-34630	-28543	
-29694	-32150	-32870	
-29672	-32253	-33050	
-29729	-32449	-32662	
-30092	-33416	-31872	
-30084	-33221	-31948	
-29370	-30812	-33528	
-29713	-32437	-32663	
-29592	-31768	-33061	
-29686	-32365	-32715	
-30508	-34351	-30237	
-30359	-34449	-29607	
-29559	-31812	-33100	
-29689	-32183	-32849	
-29948	-33005	-32304	
-29364	-30981	-33533	
-30295	-34038	-31205	
-29482	-31695	-33124	
-29364	-30851	-33600	
-29479	-31623	-33140	
-29860	-32752	-32562	
-29448	-31223	-33353	
-29674	-32385	-32815	
-29684	-32498	-32666	
-29554	-32154	-33103	
-29486	-31852	-33116	
-30409	-33985	-30974	
-29682	-32149	-32889	
-30246	-34774	-28562	
-29476	-31779	-33174	
-29281	-30413	-33606	
-29265	-30909	-33614	
-29665	-32495	-32798	
-29446	-31702	-33358	
-30340	-34621	-28949	
-29820	-32492	-32614	
-30058	-33233	-31925	
-29435	-31170	-33454	
-29740	-32558	-32610	
-29693	-32606	-32643	
-29226	-30390	-33729	
-30039	-33263	-31998	
-30332	-34546	-29354	
-29930	-33359	-32456	
-29378	-31400	-33371	
-28902	-29286	-34016	
-29472	-31683	-33222	
-30088	-33442	-31739	
-29364	-31409	-33378	
-29999	-33400	-32012	
-29205	-30695	-33615	
-30263	-34725	-28468	
-29178	-31042	-33631	
-30257	-33766	-31262	
-29360	-31292	-33396	
-30156	-34846	-28723	
-29648	-32468	-32830	
-29115	-30305	-33760	
-29653	-32614	-32675	
-30204	-34807	-27865	
-29667	-32638	-32581	
-30049	-33575	-31667	
-29588	-32254	-32831	
-29578	-32650	-32868	
-30036	-33522	-31768	
-29106	-30305	-33890	
-29154	-30699	-33633	
-29436	-31840	-33158	
-29344	-31320	-33549	
-29150	-30758	-33640	
-30332	-34370	-30005	
-29452	-31772	-33294	
-29616	-32754	-32582	
-30099	-33732	-31329	
-29636	-33150	-32568	
-29142	-30557	-33661	
-30309	-34681	-28674	
-30474	-34294	-30424	
-30323	-34481	-29525	
-29434	-32497	-33109	
-30289	-34424	-29712	
-29569	-32284	-32904	
-29813	-33218	-32509	
-30081	-33840	-31475	
-29401	-32001	-33174	
-29561	-32817	-32846	
-30155	-33853	-31212	
-29965	-33470	-31797	
-29122	-30598	-33645	
-30112	-33785	-31228	
-29084	-30881	-33671	
-29303	-31650	-33570	
-29549	-32711	-32871	
-30275	-34625	-28827	
-30158	-34828	-28964	
-29538	-32287	-32926	
-29080	-29670	-33909	
-29332	-31687	-33455	
-30285	-34436	-29870	
-29531	-32480	-32877	
-29079	-30681	-33743	
-29950	-33482	-31806	
-29317	-31964	-33213	
-30273	-34677	-28815	
-29496	-32293	-32991	
-30161	-34785	-28188	
-29937	-33429	-31907	
-29479	-32324	-33080	
-29930	-33528	-31755	
-29904	-33476	-32203	
-30290	-34498	-29553	
-29926	-33603	-31725	
-30311	-34579	-29114	
-29067	-31107	-33745	
-30289	-34600	-29061	
-29067	-30575	-33768	
-29445	-32327	-32886	
-29438	-32654	-33101	
-30142	-34102	-30817	
-29899	-33634	-31771	
-29205	-31166	-33572	
-29887	-33533	-31957	
-30251	-34555	-29406	
-29293	-31957	-33333	
-30261	-34469	-29887	
-30208	-34729	-28907	
-30206	-34484	-30488	
-30201	-34654	-29463	
-30246	-34598	-29213	
-29067	-30406	-33805	
-30038	-33999	-31270	
-28841	-35893	-27981	
-29395	-32339	-33142	
-30234	-34696	-28802	
-30234	-34415	-29982	
-30142	-33918	-31212	
-30107	-34040	-30826	
-30082	-34156	-30833	
-30015	-33751	-31628	
-30192	-34179	-30561	
-30062	-34117	-30905	
-30206	-34584	-29271	
-29014	-29988	-33925	
-30078	-34207	-30521	
-29535	-32934	-32593	
-30191	-34589	-29483	
-29815	-33695	-32011	
-30025	-33946	-31371	
-30216	-34380	-30327	
-30183	-34619	-29808	
-29327	-32037	-33155	
-30036	-34234	-30652	
-29058	-30957	-33792	
-29170	-31327	-33588	
-29426	-32838	-32610	
-29252	-32287	-33354	
-29313	-32046	-33162	
-29014	-30323	-33817	
-29292	-32074	-33173	
-30304	-34295	-30386	
-30049	-34064	-31006	
-29923	-33769	-31555	
-29425	-32824	-32747	
-28973	-30487	-33909	
-29361	-32933	-32595	
-29348	-32880	-32696	
-29144	-31835	-33609	
-30179	-34711	-29403	
-29002	-30524	-33794	
-29908	-33802	-31494	
-28956	-30518	-33998	
-29293	-31788	-33370	
-29991	-34465	-31217	
-29849	-33785	-31551	
-29819	-33913	-31612	
-30020	-34437	-30593	
-29323	-32990	-32656	
-29827	-33830	-31512	
-29836	-33732	-31652	
-29461	-32950	-32589	
-29995	-34173	-30771	
-29173	-31872	-33494	
-29773	-34015	-31699	
-30052	-34151	-30841	
-30048	-34156	-30855	
-29060	-31278	-33612	
-28940	-30728	-33912	
-29026	-31606	-33729	
-28836	-30433	-34159	
-29802	-33642	-32112	
-29302	-32852	-32805	
-29733	-33755	-31751	
-30129	-34588	-30007	
-29266	-33009	-32786	
-29915	-34027	-31328	
-29248	-32130	-33362	
-29303	-33036	-32605	
-29781	-33504	-32261	
-29782	-33934	-31492	
-30166	-34715	-28939	
-29665	-33819	-32015	
-29279	-32839	-33140	
-29227	-33063	-32571	
-29215	-33130	-32874	
-29412	-32771	-32848	
-29236	-33013	-32641	
-28896	-30304	-33999	
-29134	-31973	-33409	
-29146	-32516	-33158	
-29794	-33557	-32160	
-28901	-30829	-33827	
-29743	-34067	-31420	
-29614	-33424	-32307	
-30086	-34735	-29606	
-29119	-32372	-33161	
-29093	-32472	-33393	
-30041	-34575	-30444	
-29479	-33637	-32512	
-29257	-33191	-32555	
-29253	-32956	-32887	
-28893	-31283	-33747	
-28879	-31027	-33776	
-29495	-33417	-32451	
-28867	-31622	-33805	
-30120	-34792	-29419	
-29639	-34197	-31297	
-29003	-32062	-33436	
-29164	-33175	-32695	
-28881	-30740	-33998	
-28689	-29861	-34189	
-29127	-33369	-32592	
-29616	-33901	-31809	
-29585	-33516	-32187	
-29186	-33167	-32559	
-28867	-31090	-33828	
-29492	-33690	-32411	
-28814	-30838	-33877	
-30082	-34688	-29705	
-28882	-32009	-33520	
-29634	-34094	-31330	
-30008	-34814	-29925	
-28785	-31070	-33943	
-29652	-34027	-31651	
-30018	-34710	-29764	
-29108	-33181	-32740	
-29195	-32840	-32921	
-29626	-34144	-31398	
-29105	-32933	-33130	
-29061	-33247	-32605	
-29632	-34058	-31496	
-29027	-33209	-32758	
-29603	-33848	-31910	
-29009	-32473	-33174	
-28960	-32557	-33200	
-29468	-34061	-32115	
-28774	-32304	-33431	
-29574	-33940	-31790	
-29998	-34749	-29945	
-29014	-33299	-32699	
-29576	-34072	-31555	
-29977	-34611	-30094	
-29550	-34155	-31570	
-29491	-33913	-32005	
-28891	-31692	-33640	
-29123	-33148	-32801	
-30032	-34578	-30478	
-28790	-32027	-33447	
-28837	-32585	-33258	
-28787	-31949	-33541	
-29027	-33352	-32598	
-28686	-32171	-33504	
-28692	-32025	-33732	
-29021	-32934	-32911	
-29000	-32985	-33056	
-28772	-31425	-33833	
-28798	-32686	-33173	
-28714	-32090	-33432	
-29610	-34347	-31339	
-29481	-34114	-32014	
-29965	-34668	-29952	
-28746	-31934	-33613	
-29905	-34773	-30148	
-30063	-34799	-29324	
-29968	-34600	-30537	
-29318	-33784	-32401	
-28702	-30502	-34016	
-28989	-33409	-32659	
-28841	-33170	-33095	
-29623	-34400	-31238	
-28636	-31155	-33924	
-28793	-32611	-33233	
-29516	-34225	-31355	
-28949	-33366	-32779	
-29842	-34563	-30587	
-29500	-34166	-31454	
-28652	-30945	-34010	
-28693	-30446	-34026	
-28715	-32482	-33325	
-28718	-32660	-33180	
-28969	-33455	-32608	
-28623	-30628	-34064	
-28781	-30913	-33951	
-28682	-32534	-33338	
-30008	-34861	-29196	
-28535	-32647	-33243	
-29468	-34230	-31414	
-28949	-33242	-32791	
-28669	-32481	-33439	
-29765	-34511	-30716	
-28613	-32043	-33531	
-28510	-32704	-33220	
-28619	-31305	-33840	
-28457	-32276	-33448	
-29998	-34965	-29357	
-29867	-34669	-30434	
-28587	-32119	-33652	
-28501	-32986	-33167	
-28481	-31497	-33955	
-28449	-32211	-33552	
-28774	-33198	-32844	
-28426	-32667	-33259	
-28422	-32550	-33277	
-29439	-34254	-31569	
-28830	-33594	-32698	
-28402	-32625	-33279	
-28444	-32340	-33475	
-28401	-32777	-33219	
-29187	-33905	-32126	
-28720	-33217	-32819	
-28381	-32688	-33390	
-28957	-33816	-32162	
-28592	-30731	-34011	
-28590	-30877	-34024	
-29425	-34235	-31616	
-28687	-33353	-32914	
-29759	-34473	-30750	
-29965	-34988	-29426	
-28902	-33432	-32644	
-28609	-30461	-34088	
-29719	-34591	-30645	
-28757	-33171	-32876	
-28840	-33393	-32689	
-28417	-32287	-33481	
-29580	-34574	-30739	
-28938	-33790	-32382	
-28537	-30794	-34036	
-29567	-34521	-30840	
-28522	-30998	-33971	
-28532	-30860	-34171	
-28412	-32353	-33616	
-28543	-31717	-33782	
-28854	-33791	-32163	
-29328	-34245	-31645	
-28797	-33833	-32179	
-30020	-35044	-28427	
-28361	-32741	-33233	
-28351	-32889	-33259	
-29944	-34850	-29575	
-28762	-33875	-32359	
-29438	-34288	-31515	
-28648	-30360	-34173	
-29307	-34208	-32004	
-28770	-33380	-32699	
-28641	-33414	-32711	
-28279	-32462	-33534	
-28490	-33410	-32770	
-28749	-33822	-32460	
-25972	-27770	-35147	
-28478	-31039	-34000	
-29515	-34557	-30952	
-29768	-34726	-30199	
-28229	-28511	-34433	
-28468	-31852	-33845	
-29732	-34644	-30544	
-28566	-30067	-34193	
-28407	-30252	-34232	
-28003	-32778	-33331	
-28781	-32956	-33096	
-28627	-33014	-33130	
-28667	-33264	-33085	
-29795	-34629	-30452	
-28253	-32538	-33655	
-28477	-31340	-33963	
-29341	-34298	-31544	
-29773	-34612	-30533	
-29726	-34712	-30231	
-28367	-33436	-32804	
-28678	-33876	-32140	
-28665	-33941	-32137	
-28130	-30039	-34428	
-29912	-34829	-29596	
-28477	-31171	-34000	
-29292	-34315	-31391	
-28110	-29748	-34451	
-28656	-33688	-32688	
-28608	-34058	-32178	
-29544	-34599	-30787	
-29872	-35012	-29629	
-29689	-34698	-30251	
-28389	-31017	-34057	
-29882	-34908	-29468	
-28408	-33354	-32808	
-29407	-34361	-31268	
-28095	-33509	-32728	
-29685	-34710	-30409	
-29862	-34827	-29855	
-28242	-32962	-33258	
-29013	-33999	-32116	
-29621	-34636	-30622	
-29965	-35035	-28697	
-28250	-32583	-33418	
-29214	-34358	-31606	
-29456	-34591	-30968	
-29322	-34554	-31290	
-28491	-33917	-32231	
-28258	-32472	-33520	
-28310	-31906	-33848	
-28027	-33356	-32824	
-29448	-34506	-31016	
-27957	-33538	-32862	
-28524	-33142	-33112	
-28307	-31591	-33945	
-27450	-32846	-33315	
-28329	-32126	-33713	
-29285	-34678	-31331	
-29579	-34622	-30654	
-29791	-35021	-29681	
-28355	-30280	-34192	
-28572	-33689	-32469	
-28280	-32991	-33135	
-28042	-32677	-33416	
-28429	-31953	-33760	
-28373	-33710	-32491	
-28319	-31055	-34076	
-28106	-33085	-33125	
-27400	-32691	-33394	
-27916	-32563	-33515	
-27586	-33058	-33141	
-29672	-34657	-30510	
-27125	-32753	-33436	
-28314	-30779	-34176	
-29955	-35139	-28858	
-28470	-33321	-32941	
-29400	-34540	-31109	
-29764	-34816	-29945	
-28461	-31206	-33978	
-27269	-33030	-33158	
-28279	-30717	-34202	
-29762	-34979	-29846	
-29234	-34232	-31664	
-29675	-34744	-30345	
-28481	-34118	-32240	
-29752	-34803	-29953	
-28318	-31356	-34039	
-27717	-32584	-33537	
-29620	-34787	-30084	
-27840	-33838	-32583	
-27984	-33991	-32342	
-28946	-34240	-31765	
-29642	-34773	-30471	
-29118	-34409	-31381	
-28358	-30954	-34161	
-27280	-32606	-33555	
-29508	-34736	-30793	
-28225	-33302	-32964	
-28268	-31692	-33860	
-27396	-33359	-32902	
-29495	-34683	-30894	
-28751	-34299	-31962	
-27116	-33461	-32906	
-29634	-34689	-30521	
-28255	-30115	-34390	
-29592	-34675	-30553	
-29405	-34527	-30996	
-29603	-34906	-30399	
-28229	-32195	-33657	
-28159	-32377	-33695	
-28186	-31672	-33991	
-28237	-30503	-34214	
-27815	-33611	-32732	
-27932	-33311	-33011	
-29040	-34452	-31596	
-28255	-32047	-33750	
-27842	-33874	-32417	
-27771	-33171	-33115	
-29387	-34487	-31210	
-28233	-30177	-34259	
-29664	-35168	-29948	
-29921	-35082	-29045	
-26862	-32681	-33464	
-28135	-32309	-33775	
-28634	-34158	-32015	
-25782	-27658	-35184	
-28233	-30346	-34222	
-28192	-30676	-34243	
-28143	-31759	-33966	
-28199	-31317	-34101	
-28015	-32224	-33936	
-29350	-34551	-30993	
-27643	-33895	-32439	
-28155	-32220	-33703	
-28192	-30259	-34255	
-28705	-34329	-31620	
-28200	-30426	-34219	
-28667	-34300	-31743	
-28179	-30339	-34270	
-28635	-34511	-31658	
-27105	-33885	-32509	
-28175	-30902	-34317	
-28622	-34458	-31759	
-28092	-34187	-32026	
-28144	-31458	-34003	
-27758	-34169	-32082	
-28079	-31232	-34262	
-28093	-30350	-34455	
-28917	-34613	-31352	
-28124	-31539	-34101	
-28058	-29245	-34458	
-28800	-34472	-31405	
-27983	-29460	-34475	
-29460	-34783	-30511	
-29771	-35048	-29074	
-27956	-29432	-34478	
-27943	-29095	-34505	
-27423	-32393	-33835	
-29437	-34930	-30619	
-28775	-34496	-31427	
-28491	-34358	-31899	
-27976	-32325	-33851	
-28708	-34473	-31463	
-29719	-35153	-29347	
-27769	-31581	-34015	
-29319	-34768	-30871	
-29321	-34804	-30705	
-27761	-31648	-34056	
-27691	-31830	-34094	
-28508	-34571	-31720	
-27934	-30366	-34531	
-29874	-35148	-28910	
-29601	-34928	-30002	
-28024	-31373	-34164	
-29281	-34739	-30994	
-29751	-35083	-29007	
-27582	-34380	-31836	
-27411	-31932	-34098	
-29499	-34979	-30169	
-28054	-30451	-34370	
-27927	-28889	-34552	
-27942	-29959	-34459	
-29049	-34705	-31045	
-27738	-31479	-34155	
-27699	-31580	-34070	
-29145	-34862	-30861	
-28375	-34576	-31409	
-28334	-34665	-31710	
-28694	-34753	-31223	
-29469	-34911	-30184	
-27893	-30865	-34515	
-29222	-34834	-30649	
-29070	-34787	-30898	
-28789	-34896	-31008	
-29209	-34937	-30650	
-27898	-30157	-34536	
-28835	-34794	-30921	
-28000	-31305	-34244	
-27641	-31563	-34217	
-27880	-29365	-34560	
-29429	-35000	-30389	
-29135	-35063	-30870	
-27542	-31641	-34139	
-29434	-34983	-30047	
-27750	-30943	-34286	
-28681	-34700	-31324	
-29676	-35207	-29054	
-27598	-31079	-34295	
-27498	-31720	-34103	
-28644	-34764	-31107	
-27857	-29071	-34590	
-28802	-34949	-30907	
-29416	-35388	-30158	
-27467	-31657	-34207	
-27428	-31758	-34122	
-29653	-35272	-29109	
-28612	-34828	-31067	
-28330	-34726	-31373	
-28569	-34833	-31269	
-27703	-29447	-34562	
-27686	-30090	-34624	
-27593	-31004	-34355	
-28507	-34794	-31314	
-29427	-34964	-30555	
-27816	-29665	-34555	
-27554	-31105	-34270	
-27462	-31295	-34314	
-27200	-31469	-34225	
-29697	-35174	-29294	
-29382	-35066	-30254	
-29380	-35030	-30420	
-25752	-27531	-35221	
-27289	-31100	-34317	
-29308	-35192	-30474	
-27202	-31018	-34401	
-27014	-31031	-34320	
-29641	-35303	-29268	
-26968	-31033	-34391	
-26922	-31120	-34405	
-28520	-34847	-31213	
-27815	-30066	-34539	
-27318	-30979	-34433	
-27004	-31631	-34209	
-28233	-34900	-31152	
-26794	-31127	-34381	
-29490	-35262	-29938	
-27669	-29317	-34629	
-28377	-35053	-30911	
-28260	-34912	-30964	
-27616	-30180	-34615	
-27511	-30493	-34551	
-26256	-31117	-34451	
-27031	-30928	-34502	
-27316	-30259	-34574	
-28811	-35076	-30508	
-29394	-35421	-28918	
-27657	-29681	-34631	
-28659	-35155	-30605	
-27185	-30550	-34533	
-27282	-30468	-34579	
-27491	-29856	-34647	
-27565	-29639	-34677	
-27004	-30605	-34560	
-28529	-35100	-30662	
-26654	-30659	-34518	
-27178	-30511	-34570	
-26449	-30631	-34569	
-27179	-30202	-34633	
-26116	-30649	-34588	
-27019	-30396	-34607	
-27469	-29832	-34689	
-27457	-30065	-34652	
-29446	-35328	-29433	
-29417	-35286	-29598	
-26466	-30595	-34630	
-27353	-30108	-34643	
-26973	-30483	-34621	
-26845	-30490	-34597	
-27399	-30046	-34691	
-29134	-35286	-30464	
-26778	-30249	-34644	
-26904	-30133	-34636	
-26858	-30135	-34707	
-28321	-35174	-30513	
-27162	-29708	-34695	
-26925	-29639	-34733	
-26894	-29655	-34699	
-26892	-29672	-34899	
-25979	-30372	-34670	
-26662	-30201	-34648	
-27100	-29870	-34693	
-26887	-29843	-34730	
-27409	-29345	-34843	
-27137	-29602	-34848	
-26476	-29894	-34782	
-26126	-29948	-34740	
-26853	-29723	-34737	
-25573	-30016	-34724	
-26696	-29738	-34840	
-26568	-29745	-34816	
-25184	-26566	-35274	
-29272	-35422	-29423	
-25839	-29904	-34807	
-29217	-35413	-29693	
-29169	-35506	-29808	
-26201	-29825	-34785	
-26189	-29850	-34849	
-28517	-35906	-27619	
-26172	-29886	-34788	
-29143	-35539	-29913	
-29158	-35593	-28293	
-28887	-35404	-30114	
-26863	-28301	-34978	
-27076	-29363	-34862	
-26984	-29482	-34855	
-26854	-28562	-34918	
-26817	-28388	-34992	
-26716	-28450	-34934	
-26597	-28544	-34934	
-26576	-28978	-34956	
-29122	-35572	-29673	
-29107	-35628	-27712	
-28997	-35595	-27929	
-26030	-29735	-34886	
-26689	-28395	-34968	
-28926	-35584	-28669	
-28270	-35988	-27073	
-26871	-29335	-34913	
-25851	-29120	-34995	
-28915	-35646	-28727	
-24949	-29366	-34903	
-25759	-29138	-34922	
-25252	-29250	-34931	
-26564	-28446	-35061	
-26468	-28507	-35018	
-26406	-28669	-35016	
-28798	-35585	-29311	
-26367	-28801	-34992	
-28690	-35679	-28742	
-28661	-35708	-28929	
-26197	-28807	-34967	
-26110	-28884	-35022	
-28648	-35655	-29030	
-26659	-28268	-35005	
-28559	-35599	-29231	
-28530	-35628	-29418	
-28517	-35575	-29519	
-28845	-35675	-28306	
-28787	-35689	-28472	
-28730	-35749	-28485	
-28691	-35651	-28678	
-25661	-29008	-35032	
-26390	-28540	-35051	
-28206	-35641	-29056	
-26099	-28677	-35077	
-28911	-35711	-27943	
-28814	-35688	-28245	
-25995	-28720	-35068	
-25903	-28839	-35061	
-28599	-35669	-28974	
-28474	-35749	-29020	
-28487	-35802	-28919	
-25154	-26439	-35311	
-28668	-35764	-28377	
-28592	-35791	-28315	
-28286	-35750	-28986	
-28418	-35885	-28305	
-28417	-35830	-28497	
-25088	-27628	-35231	
-25068	-26873	-35234	
-25010	-26660	-35264	
-24470	-25781	-35324	
