-12670	-9202	-10208	-11435	
-12496	-9568	-10351	-11481	
-12457	-9516	-9922	-11984	
-12358	-9541	-10570	-12266	
-12219	-9716	-9059	-12374	
-12203	-9783	-9063	-12391	
-12136	-9884	-10292	-12708	
-12050	-10230	-9864	-13029	
-12479	-9676	-9838	-11047	
-12425	-9932	-9095	-11458	
-11909	-9181	-9229	-13073	
-11876	-10596	-10007	-13075	
-11818	-9428	-9941	-13080	
-11800	-9700	-11240	-13217	
-12266	-9990	-9552	-11596	
-11685	-10537	-9509	-13422	
-12167	-10015	-10200	-11878	
-12082	-10031	-9302	-10300	
-12060	-10405	-9636	-11796	
-12190	-9094	-10785	-11738	
-11580	-9628	-9078	-13470	
-11572	-9936	-10267	-13544	
-11562	-9900	-10377	-13607	
-11546	-9967	-10381	-13624	
-11448	-10328	-9809	-13649	
-12123	-9293	-10792	-11825	
-12037	-9909	-10940	-12990	
-11346	-9435	-9128	-13737	
-11345	-9233	-9204	-13909	
-11886	-9084	-11092	-12052	
-11210	-10528	-8946	-14039	
-11081	-9994	-9708	-14178	
-12156	-9339	-9524	-12310	
-11748	-10744	-9998	-12627	
-12440	-9624	-9409	-11550	
-12341	-9649	-10057	-11832	
-10881	-9462	-8455	-14291	
-12258	-9768	-9488	-11871	
-11293	-8688	-11282	-12308	
-12242	-9835	-9492	-11888	
-12175	-9936	-10721	-12205	
-11137	-9132	-11317	-12504	
-11257	-10802	-9439	-13261	
-10811	-9645	-8712	-14338	
-11058	-9451	-11378	-11876	
-12128	-9963	-9771	-12381	
-11661	-9875	-9729	-13325	
-10478	-10133	-9136	-14347	
-10147	-9253	-8819	-14387	
-11645	-9942	-9733	-13342	
-11573	-10138	-10191	-13372	
-11238	-10856	-9106	-12849	
-11922	-10378	-9855	-12581	
-11343	-9419	-9378	-13697	
-10531	-9248	-11520	-12814	
-10080	-9452	-8826	-14474	
-11302	-9587	-9271	-13704	
-11286	-9654	-9275	-13721	
-11276	-9618	-9385	-13784	
-11098	-10129	-9628	-13989	
-11803	-10102	-10140	-11873	
-11863	-10005	-10507	-12192	
-11738	-10192	-10197	-11814	
-11082	-10196	-9632	-14006	
-11570	-10122	-10441	-13332	
-11735	-10153	-10498	-11744	
-10943	-10106	-9809	-13793	
-11206	-10904	-8925	-11709	
-10798	-8956	-10434	-13685	
-11640	-10264	-10404	-12243	
-10782	-9023	-10438	-13702	
-10733	-10068	-9919	-13768	
-11837	-8913	-11022	-12232	
-11336	-9929	-10491	-13599	
-11810	-9875	-11012	-11984	
-11629	-10468	-10283	-11919	
-10809	-9387	-9729	-13799	
-10732	-9866	-9995	-13940	
-11207	-9875	-10558	-13323	
-11704	-10127	-10788	-12155	
-10716	-9933	-9999	-13957	
-11197	-9839	-10668	-13386	
-11181	-9906	-10672	-13403	
-11609	-10174	-10870	-12829	
-10806	-9178	-10498	-13410	
-10498	-9137	-10549	-13502	
-10878	-9446	-8705	-14251	
-11590	-10228	-10537	-12417	
-11530	-10493	-10931	-12201	
-10338	-9149	-10809	-13230	
-10066	-9275	-10847	-13368	
-9871	-9121	-9917	-13963	
-10588	-10241	-8736	-14211	
-9772	-9411	-8877	-14566	
-11511	-10535	-10298	-12854	
-10236	-9182	-9626	-14184	
-9407	-9350	-9168	-14345	
-10541	-10926	-8839	-11712	
-11066	-10722	-10182	-12583	
-11672	-9848	-11231	-12769	
-11351	-9946	-11025	-12649	
-11244	-10113	-11161	-12608	
-11212	-10529	-10334	-12082	
-10929	-10687	-10578	-12191	
-11366	-10708	-9115	-13297	
-11014	-10535	-10362	-12723	
-11177	-10312	-11168	-12695	
-11051	-10814	-9731	-11490	
-10763	-10847	-8543	-13466	
-10630	-9716	-11308	-11715	
-10223	-10962	-8242	-11593	
-11044	-10760	-10099	-12131	
-11273	-10735	-9435	-13244	
-10032	-10654	-8657	-13602	
-9869	-10836	-9759	-11110	
-11032	-10868	-9398	-11078	
-9917	-10581	-9136	-13662	
-10479	-10335	-9060	-14175	
-11708	-10149	-10222	-12547	
-9742	-9755	-8408	-14350	
-11824	-9953	-10078	-12695	
-10032	-10882	-8985	-10915	
-10238	-10870	-8693	-12686	
-11685	-10169	-10155	-12808	
-11655	-9956	-10718	-12335	
-11684	-9994	-10162	-12839	
-11600	-10347	-10178	-12740	
-10197	-9150	-10081	-13675	
-10181	-9217	-10085	-13692	
-11580	-10297	-10213	-12099	
-11551	-10176	-10108	-12920	
-10475	-9184	-10413	-13622	
-11145	-10403	-10121	-13211	
-11491	-10441	-10502	-12704	
-11442	-10270	-10432	-12884	
-11144	-10201	-10197	-13383	
-11121	-10248	-10061	-13503	
-11436	-10103	-10587	-12980	
-11205	-10061	-10732	-13111	
-11138	-10260	-10739	-13198	
-10954	-10344	-9623	-13558	
-11481	-10322	-10861	-12381	
-10635	-10515	-9229	-13433	
-10961	-10094	-10024	-13597	
-10518	-10387	-9489	-13672	
-10528	-10423	-9379	-13609	
-11208	-10077	-10482	-13151	
-10580	-10100	-10319	-13393	
-10342	-10300	-9456	-13783	
-10628	-10372	-9847	-13420	
-10713	-10541	-10419	-13077	
-10969	-10075	-9695	-13713	
-10542	-10542	-9549	-13380	
-11016	-10349	-10188	-12935	
-10967	-10261	-9869	-13501	
-10717	-10135	-9923	-13785	
-10945	-10161	-10028	-13614	
-10526	-10609	-9553	-13397	
-10525	-10407	-9629	-13569	
-11276	-10287	-10520	-12413	
-10951	-10328	-9873	-13518	
-10596	-10033	-10315	-13376	
-10953	-10142	-9699	-13730	
-11006	-10313	-10298	-12998	
-10381	-10352	-9885	-13280	
-10155	-10381	-9999	-13272	
-11119	-10314	-10406	-12786	
-11008	-10368	-10517	-12819	
-10990	-10380	-10302	-13015	
-10756	-10187	-10352	-13282	
-10391	-10388	-9775	-13217	
-10780	-10342	-10412	-12990	
-10457	-10373	-8977	-13723	
-10880	-10516	-10508	-12371	
-10619	-10152	-10748	-12890	
-10504	-10647	-9470	-12945	
-10203	-10653	-9527	-13299	
-10884	-9429	-11283	-12320	
-10541	-10340	-9625	-13552	
-10691	-10579	-10336	-12625	
-10726	-10796	-9502	-12012	
-11017	-10551	-10112	-12763	
-11071	-10042	-10878	-12759	
-10592	-10777	-9648	-11660	
-10733	-10850	-9134	-11371	
-10556	-10834	-9290	-12805	
-10273	-9504	-11289	-11987	
-10729	-10812	-9252	-12052	
-10709	-9397	-11247	-12343	
-10748	-10758	-9585	-12464	
-10401	-9356	-11298	-12435	
