-36474	-30389	-25882	
-36419	-31279	-26076	
-36417	-30648	-26434	
-36391	-30921	-27397	
-36313	-31189	-27589	
-36269	-31100	-27610	
-36184	-31245	-28028	
-36165	-31501	-28266	
-36143	-31715	-28352	
-36099	-31424	-28502	
-36077	-31546	-28530	
-36065	-31983	-28544	
-36447	-30594	-25685	
-36059	-31521	-28689	
-36036	-31104	-28866	
-36428	-30734	-25121	
-36028	-31794	-28919	
-35971	-31566	-28953	
-35935	-32392	-29026	
-35905	-31950	-29037	
-35893	-31834	-29145	
-35870	-31870	-29161	
-35826	-31781	-29182	
-35814	-31218	-29195	
-35808	-32590	-29370	
-36354	-31460	-25914	
-35764	-32501	-29391	
-35764	-31890	-29584	
-36293	-31469	-26725	
-36292	-31569	-26316	
-35741	-31473	-29761	
-36281	-31618	-27311	
-36270	-31691	-26344	
-36264	-32085	-27552	
-35733	-32163	-29814	
-35639	-32280	-29982	
-35566	-31395	-29987	
-35558	-32085	-30040	
-35557	-31454	-30131	
-36236	-32106	-27159	
-35509	-31786	-30206	
-36209	-32311	-26962	
-35480	-32353	-30232	
-35474	-31706	-30330	
-35463	-31286	-30360	
-36190	-32451	-26398	
-35419	-31197	-30381	
-35417	-32509	-30391	
-35374	-31188	-30607	
-36131	-32579	-27154	
-36044	-32974	-27078	
-35357	-31306	-30783	
-35247	-31601	-30888	
-35189	-31605	-30928	
-35128	-31617	-30955	
-35120	-32307	-31008	
-35996	-32977	-26933	
-35924	-32994	-27264	
-35899	-33006	-27459	
-35894	-33036	-27686	
-35097	-30397	-31152	
-35880	-33202	-27779	
-35089	-31087	-31205	
-35868	-33279	-27689	
-34996	-31497	-31214	
-34948	-31829	-31289	
-35850	-33500	-27613	
-34889	-31712	-31313	
-34877	-32741	-31319	
-34874	-32064	-31400	
-34871	-30734	-31401	
-34843	-31516	-31553	
-35818	-33504	-26622	
-35739	-33526	-26497	
-35700	-33597	-27556	
-35686	-33656	-27638	
-34795	-31848	-31628	
-35678	-33719	-27584	
-34667	-32518	-31701	
-35655	-33757	-26927	
-35624	-33806	-27918	
-34635	-32208	-31734	
-34606	-31024	-31745	
-35624	-34030	-27157	
-34600	-31950	-31864	
-34544	-31744	-31954	
-35527	-34059	-27683	
-34490	-32245	-31969	
-34421	-31454	-32016	
-35515	-34121	-27999	
-34413	-32144	-32069	
-35506	-34123	-28091	
-35488	-34149	-27122	
-35430	-34226	-27701	
-34351	-31740	-32107	
-34328	-31323	-32284	
-35417	-34354	-27788	
-35404	-34380	-27552	
-35339	-34426	-28610	
-34231	-32130	-32291	
-34186	-32225	-32320	
-34169	-32440	-32336	
-35307	-34484	-27960	
-34127	-31912	-32345	
-34121	-32425	-32396	
-35296	-34506	-27132	
-34119	-32602	-32398	
-34104	-32133	-32408	
-35235	-34519	-28504	
-34076	-32520	-32425	
-35229	-34634	-27940	
-34059	-32735	-32441	
-33958	-31299	-32457	
-33956	-32220	-32462	
-33949	-31733	-32512	
-33943	-31323	-32518	
-33900	-32808	-32566	
-35157	-34769	-28483	
-33896	-32019	-32666	
-35145	-34865	-28370	
-33805	-32361	-32809	
-35099	-34881	-28161	
-34997	-34940	-28914	
-34979	-34960	-27935	
-33733	-31312	-32842	
-34971	-35049	-28678	
-33623	-31607	-32947	
-34941	-35084	-29011	
-34909	-35113	-28991	
-33584	-32744	-32979	
-34887	-35235	-29019	
-33464	-32010	-32992	
-33441	-31400	-33060	
-33354	-32305	-33097	
-34860	-35263	-28142	
-33331	-31695	-33165	
-34798	-35372	-28544	
-33229	-32093	-33178	
-33186	-31860	-33259	
-34700	-35374	-28810	
-34677	-35524	-27888	
-33129	-31899	-33367	
-34579	-35526	-28154	
-34475	-35560	-28289	
-32974	-32553	-33377	
-32958	-32351	-33387	
-32946	-31695	-33399	
-34466	-35570	-28295	
-34462	-35721	-29230	
-32894	-31065	-33409	
-32876	-32126	-33412	
-32860	-30791	-33442	
-32844	-31542	-33518	
-36385	-31217	-26655	
-32750	-31086	-33547	
-36300	-31362	-27073	
-34280	-35772	-29151	
-36314	-31227	-27160	
-32743	-31811	-33585	
-36298	-31386	-26950	
-36295	-31392	-27300	
-36325	-31040	-27003	
-32735	-31278	-33587	
-32705	-31674	-33599	
-34202	-35937	-28622	
-36317	-31130	-26712	
-32644	-31260	-33642	
-36324	-31030	-27066	
-32634	-31547	-33654	
-32552	-31630	-33736	
-32443	-31366	-33805	
-34096	-35957	-29045	
-34080	-36028	-28089	
-36220	-31996	-27573	
-36193	-31663	-27575	
-36183	-31890	-27610	
-36177	-31352	-27680	
-32320	-31674	-33833	
-36175	-31638	-27734	
-33895	-36037	-28559	
-32228	-32695	-33836	
-32211	-31410	-33902	
-33833	-36146	-28961	
-36174	-32341	-26812	
-36164	-32188	-27003	
-36152	-32337	-27589	
-36135	-32141	-27991	
-32028	-31762	-34051	
-36137	-32011	-27610	
-33708	-36163	-29563	
-36180	-32045	-27554	
-36091	-32052	-28012	
-36076	-31824	-28021	
-36069	-31972	-28169	
-33697	-36173	-27499	
-36094	-32403	-27455	
-33692	-36234	-28607	
-36089	-32486	-27230	
-36110	-32244	-27665	
-36064	-32510	-27666	
-36102	-32313	-27746	
-36087	-32490	-27175	
-36047	-32539	-27156	
-36043	-32624	-27418	
-36093	-32194	-27917	
-36047	-32186	-28255	
-36058	-32224	-27767	
-36042	-32632	-27694	
-36002	-32635	-27593	
-35992	-32666	-28258	
-36045	-32271	-28000	
-35985	-32729	-27784	
-36032	-32512	-27857	
-33635	-36253	-27951	
-35978	-32805	-27256	
-36023	-32393	-28028	
-36029	-32161	-28414	
-36025	-32271	-28163	
-33573	-36362	-28353	
-35969	-32807	-27348	
-36021	-31894	-28565	
-36015	-32266	-28739	
-35977	-32738	-27267	
-31919	-31498	-34120	
-36015	-32462	-28109	
-36009	-32562	-27997	
-35926	-32785	-27864	
-35937	-32534	-28931	
-35916	-32914	-27658	
-36013	-32320	-28204	
-35923	-32799	-27686	
-36013	-32124	-28834	
-35922	-32807	-27962	
-35969	-32454	-28447	
-35914	-32934	-28450	
-35935	-32679	-27875	
-35924	-32707	-28415	
-35915	-32894	-27682	
-31676	-31013	-34143	
-35947	-32539	-28355	
-35874	-32204	-29120	
-35935	-32616	-28265	
-33432	-36450	-27999	
-35830	-32115	-29141	
-35882	-32992	-27800	
-31600	-30632	-34161	
-35826	-32169	-29155	
-35863	-33085	-28677	
-35921	-32598	-28424	
-31514	-30978	-34162	
-35879	-32584	-28456	
-35870	-32845	-28471	
-31507	-31703	-34200	
-35851	-32352	-29028	
-35849	-32298	-29072	
-35836	-33113	-27800	
-35752	-31938	-29404	
-35811	-33225	-27982	
-35745	-32260	-29559	
-35818	-32595	-28794	
-35895	-32441	-29007	
-35791	-33255	-28319	
-31494	-30806	-34256	
-35806	-32672	-28704	
-35841	-33292	-27683	
-35785	-32628	-28713	
-35776	-32981	-28786	
-35784	-33331	-27791	
-35893	-32445	-28952	
-35744	-33334	-27651	
-35734	-33365	-28355	
-35796	-32681	-28694	
-35773	-32620	-29220	
-35755	-32911	-28880	
-35727	-33428	-27881	
-35529	-32575	-30087	
-33326	-36470	-28422	
-35522	-31911	-30112	
-35754	-32901	-28943	
-35722	-33440	-28193	
-35722	-33456	-27679	
-35753	-32769	-28975	
-35721	-32849	-29459	
-35680	-33458	-27883	
-35670	-33685	-27918	
-35372	-32062	-30396	
-35749	-32811	-29201	
-35371	-32061	-30404	
-33282	-36472	-28561	
-35756	-33243	-28327	
-35456	-31372	-30359	
-35752	-33162	-28644	
-33181	-36475	-27638	
-35724	-33374	-28345	
-33090	-36476	-27202	
-35711	-32248	-29722	
-33068	-36598	-27230	
-35702	-32610	-29793	
-35425	-31819	-30338	
-31384	-31101	-34361	
-35352	-32273	-30516	
-35732	-33311	-28399	
-35676	-33456	-27984	
-35611	-33828	-27253	
-35764	-33085	-28734	
-35701	-33313	-28871	
-35719	-32931	-28793	
-35716	-32993	-28807	
-35657	-33483	-28014	
-35589	-33950	-27281	
-35708	-33022	-28943	
-35736	-32672	-29214	
-35720	-32996	-28755	
-35656	-33633	-28547	
-35492	-32469	-30124	
-35698	-33249	-28978	
-35577	-33822	-27857	
-35341	-31465	-30573	
-35689	-33041	-29048	
-35564	-34013	-27554	
-35439	-32924	-30237	
-35430	-32005	-30324	
-35329	-32494	-30579	
-35306	-32077	-30756	
-35675	-33120	-29061	
-35675	-33316	-28431	
-35661	-32856	-29465	
-35658	-33105	-29157	
-35337	-31804	-30526	
-35602	-32785	-29826	
-35686	-32769	-29583	
-35592	-32905	-29898	
-35642	-33068	-29577	
-35643	-33659	-28311	
-35550	-33860	-28186	
-35610	-33668	-28315	
-35630	-33510	-28660	
-35602	-33726	-28075	
-35685	-33110	-28991	
-35533	-32788	-29922	
-35676	-33130	-28998	
-35533	-33954	-28416	
-35532	-32363	-29965	
-35572	-33739	-28007	
-35628	-33385	-28778	
-35562	-33769	-28862	
-35597	-33675	-28102	
-35646	-33182	-29067	
-35573	-33714	-28444	
-35552	-33778	-28852	
-35626	-33132	-29070	
-35597	-33388	-29253	
-35058	-31534	-31184	
-35622	-33391	-28987	
-35618	-33394	-28768	
-35581	-33452	-28746	
-35577	-33655	-28422	
-35520	-33970	-28441	
-35612	-33544	-28568	
-35579	-33555	-28836	
-35583	-33124	-29657	
-35229	-31976	-30856	
-35577	-33598	-28618	
-35458	-32438	-30140	
-35563	-33445	-29250	
-35448	-32380	-30145	
-35524	-33053	-30018	
-35583	-33302	-29360	
-35461	-32916	-30103	
-34998	-32874	-31194	
-31179	-30751	-34383	
-33008	-36624	-28089	
-35557	-33677	-28864	
-35550	-33653	-28970	
-35480	-32964	-30039	
-35561	-33209	-29565	
-35511	-34022	-28103	
-35536	-33477	-29172	
-35295	-32471	-30602	
-35478	-33823	-28612	
-35505	-33570	-29552	
-35052	-31703	-31124	
-35521	-33498	-29176	
-35273	-32288	-30669	
-35548	-33400	-29262	
-35512	-33330	-29346	
-35463	-34009	-28549	
-31012	-32040	-34423	
-35408	-34146	-27858	
-35386	-33100	-30354	
-35476	-33881	-28462	
-32902	-36644	-28512	
-35384	-34198	-27859	
-35503	-33136	-29595	
-35491	-33408	-29676	
-35462	-34034	-28112	
-35244	-32474	-30685	
-35395	-34141	-28185	
-35450	-34035	-28313	
-35162	-32133	-30782	
-35451	-33069	-29684	
-35445	-33075	-29893	
-35178	-32574	-30695	
-35438	-34112	-28223	
-35176	-32815	-30701	
-35370	-34146	-28488	
-35432	-33265	-30004	
-35159	-32165	-30802	
-35173	-32217	-30711	
-35486	-33609	-29030	
-35370	-34153	-28380	
-35463	-33813	-29179	
-35363	-34189	-28398	
-35463	-33844	-28616	
-35007	-32305	-31157	
-35154	-32823	-30835	
-35019	-32302	-31010	
-35019	-31914	-31037	
-35518	-33680	-28883	
-35373	-34265	-27809	
-35473	-33769	-29033	
-35331	-32555	-30356	
-35327	-32983	-30378	
-35459	-33915	-28791	
-35151	-32855	-30855	
-35508	-33689	-28873	
-35316	-32678	-30493	
-35358	-34198	-28635	
-35405	-34042	-28526	
-35244	-34492	-28605	
-35385	-34081	-29371	
-32858	-36646	-28651	
-32752	-36666	-29074	
-35440	-33948	-29075	
-35396	-33056	-30208	
-35460	-33619	-29181	
-35451	-33697	-29287	
-35308	-33368	-30546	
-35427	-33974	-28839	
-35407	-33368	-29678	
-35406	-33350	-29769	
-35276	-32750	-30576	
-35390	-33988	-28833	
-30807	-31690	-34445	
-35229	-32587	-30663	
-35386	-34005	-28911	
-35436	-33643	-29594	
-32677	-36690	-27329	
-35461	-33481	-29573	
-35459	-33435	-29589	
-35401	-33374	-29887	
-35418	-33466	-29661	
-35342	-33428	-30150	
-35416	-33801	-29249	
-35219	-32789	-30684	
-35381	-33703	-29781	
-35401	-33673	-29444	
-34821	-32535	-31409	
-34942	-31998	-31229	
-34811	-31927	-31485	
-34888	-32116	-31309	
-35094	-32770	-30874	
-35392	-33554	-29615	
-34935	-32737	-31279	
-35407	-33828	-29148	
-35367	-33617	-29888	
-35088	-32718	-30940	
-30802	-30989	-34469	
-34605	-32114	-31739	
-35353	-34139	-28721	
-32676	-36694	-27783	
-34803	-32617	-31538	
-35030	-32722	-30980	
-32652	-36702	-28337	
-35345	-33937	-29550	
-35304	-34285	-28969	
-35256	-34455	-28096	
-35188	-32820	-30563	
-35307	-34260	-28721	
-35186	-33114	-30655	
-32597	-36801	-28166	
-35247	-34467	-28357	
-35342	-33430	-29967	
-35330	-33663	-30017	
-30800	-31346	-34480	
-35341	-33752	-29762	
-35191	-34520	-29131	
-35189	-34577	-28894	
-35293	-34122	-29118	
-35117	-33187	-30697	
-35322	-33937	-29564	
-34822	-32232	-31370	
-35289	-33885	-30080	
-35314	-33822	-29807	
-30597	-30639	-34491	
-35295	-34337	-28631	
-35168	-34628	-28173	
-35275	-34289	-28701	
-35085	-33591	-30737	
-35267	-34309	-28702	
-35281	-34199	-29028	
-35213	-33423	-30220	
-35220	-33958	-30122	
-35233	-34314	-28989	
-35210	-34328	-29437	
-35071	-32876	-30738	
-35054	-32994	-30914	
-35266	-34291	-28793	
-35281	-34156	-29052	
-35341	-33992	-29392	
-34744	-32500	-31562	
-35289	-34109	-29319	
-35203	-34424	-29244	
-35301	-33848	-29571	
-35211	-33625	-30359	
-35256	-34168	-29247	
-30595	-30996	-34502	
-35333	-34014	-29460	
-34684	-32633	-31605	
-35268	-34167	-29046	
-35243	-34230	-29319	
-35140	-33152	-30638	
-35313	-33964	-29463	
-35257	-34077	-29669	
-35133	-33370	-30652	
-35235	-34232	-29655	
-35301	-34041	-29373	
-30550	-31452	-34529	
-35223	-34309	-29565	
-35028	-33211	-30779	
-35236	-34181	-29478	
-35179	-33455	-30422	
-35001	-33250	-30911	
-34977	-32978	-30977	
-35101	-33920	-30464	
-35208	-33690	-30138	
-35195	-33784	-30149	
-35167	-33536	-30380	
-35101	-33532	-30491	
-35151	-33695	-30170	
-34935	-33010	-30981	
-34920	-33017	-31085	
-35200	-34116	-29777	
-35158	-33493	-30383	
-35126	-33711	-30419	
-35132	-33647	-30234	
-35089	-33804	-30572	
-35113	-34680	-28504	
-34939	-33548	-30973	
-35100	-34808	-28591	
-35132	-33586	-30382	
-34567	-32161	-31777	
-35026	-33474	-30761	
-35148	-34049	-29866	
-30345	-31102	-34551	
-35114	-33807	-30306	
-35099	-34594	-29312	
-34901	-33013	-31253	
-34323	-32127	-32124	
-35084	-34859	-28603	
-34513	-32662	-31792	
-34887	-33342	-31056	
-35068	-34822	-29023	
-34787	-32776	-31328	
-34269	-32628	-32139	
-34767	-33036	-31424	
-34970	-33268	-30851	
-35161	-33841	-30146	
-35136	-34012	-29872	
-34249	-31345	-32159	
-35130	-34089	-30009	
-34841	-33146	-31296	
-35159	-34335	-29265	
-34241	-32035	-32212	
-35146	-34463	-29352	
-35191	-34143	-29676	
-35145	-34536	-28922	
-35160	-34165	-29758	
-34876	-33404	-31166	
-34824	-32997	-31316	
-35121	-34566	-29026	
-34599	-32613	-31711	
-34523	-32460	-31771	
-35127	-34334	-29412	
-35117	-34329	-29988	
-35102	-34374	-29373	
-34680	-32973	-31462	
-35095	-33975	-30030	
-35094	-34396	-29441	
-35144	-34274	-29636	
-34698	-32538	-31545	
-34514	-32417	-31774	
-35142	-34513	-29163	
-30314	-30618	-34570	
-35093	-34182	-30162	
-35112	-34523	-29029	
-34634	-32795	-31667	
-32531	-36854	-27681	
-35069	-34459	-29714	
-34855	-33051	-31236	
-34979	-34099	-30677	
-35089	-33969	-30327	
-34980	-33512	-30744	
-34479	-32639	-31815	
-35041	-34652	-29438	
-34457	-32844	-31855	
-35067	-33977	-30461	
-35065	-34471	-29580	
-35054	-34185	-30181	
-35055	-34505	-29333	
-34926	-33842	-30690	
-35049	-34093	-30183	
-34916	-33769	-30866	
-35047	-34527	-29401	
-35036	-34060	-30569	
-34917	-33799	-30693	
-34631	-32889	-31602	
-34788	-33402	-31293	
-34457	-32456	-31882	
-30285	-29725	-34608	
-35057	-33831	-30485	
-34685	-33174	-31341	
-34445	-32728	-31963	
-35029	-34748	-29325	
-35040	-34483	-29775	
-34834	-33598	-31053	
-34388	-32643	-31982	
-34574	-32928	-31710	
-35024	-34502	-29652	
-34622	-33030	-31534	
-34677	-33085	-31362	
-35082	-34251	-29994	
-34991	-34109	-30198	
-35061	-34209	-30075	
-34379	-32333	-32034	
-34983	-34477	-30267	
-35017	-34704	-29439	
-34665	-33434	-31437	
-35006	-34543	-29452	
-34879	-33581	-30954	
-35038	-34344	-29971	
-35000	-34532	-29756	
-34996	-34349	-30180	
-35016	-34383	-29979	
-33957	-32389	-32451	
-34818	-33415	-31098	
-34848	-34110	-30882	
-34811	-33819	-31116	
-34602	-33241	-31654	
-34997	-34563	-29459	
-34358	-32507	-32040	
-34848	-33722	-30909	
-34987	-34739	-29772	
-34335	-33023	-32068	
-34508	-32921	-31746	
-34620	-33529	-31466	
-34861	-33982	-30795	
-34983	-34764	-29116	
-34320	-32554	-32078	
-34727	-33702	-31162	
-34967	-34148	-30540	
-34463	-33016	-31775	
-34937	-34822	-29506	
-34620	-33124	-31470	
-34994	-34828	-29014	
-34962	-34857	-28994	
-34460	-32918	-31789	
-34716	-33771	-31164	
-34704	-33503	-31180	
-34892	-33899	-30687	
-34877	-34497	-30690	
-33908	-32118	-32513	
-34955	-34229	-30498	
-34695	-33460	-31183	
-34940	-34979	-29022	
-34657	-33654	-31188	
-34927	-34946	-29408	
-34655	-33612	-31220	
-34970	-34503	-30031	
-32239	-36893	-27337	
-34534	-33028	-31661	
-34649	-33593	-31227	
-34532	-33193	-31680	
-34935	-34672	-29861	
-34472	-33326	-31723	
-34939	-34388	-30288	
-34949	-34745	-29596	
-34343	-32738	-32011	
-30019	-30033	-34734	
-34914	-34404	-30537	
-34413	-32755	-31876	
-34470	-33503	-31725	
-34597	-33345	-31533	
-34911	-34559	-30111	
-34804	-34021	-30903	
-34398	-33216	-31851	
-34381	-32924	-31863	
-34353	-33311	-31880	
-34347	-32901	-31886	
-34795	-33978	-30906	
-34720	-33984	-30999	
-34617	-33997	-31267	
-33944	-31921	-32463	
-34510	-33264	-31535	
-34606	-33577	-31297	
-34902	-34681	-29865	
-34410	-33272	-31772	
-34889	-34644	-30019	
-34860	-34976	-29293	
-34877	-34784	-29539	
-34544	-33601	-31530	
-34569	-33652	-31315	
-34156	-32898	-32140	
-34672	-33981	-31042	
-34144	-32842	-32219	
-34843	-34765	-30019	
-34856	-35026	-29104	
-34883	-34857	-29429	
-34831	-34842	-29929	
-34662	-33821	-31044	
-34887	-34502	-30114	
-34623	-33906	-31056	
-34482	-33221	-31674	
-34814	-34167	-30879	
-34267	-32810	-32075	
-34903	-34699	-29774	
-34233	-33421	-32081	
-34854	-34611	-30173	
-34201	-32803	-32111	
-34878	-34711	-29969	
-34828	-34990	-29725	
-34844	-35027	-29305	
-34512	-33691	-31423	
-34549	-33784	-31274	
-34612	-35444	-28163	
-34547	-33949	-31293	
-34688	-34011	-30912	
-34667	-34240	-30996	
-34781	-35255	-29442	
-34173	-32810	-32121	
-34810	-34522	-30194	
-34751	-34277	-30900	
-34795	-34366	-30879	
-34773	-34572	-30371	
-34483	-33777	-31310	
-34814	-34726	-30129	
-34290	-33227	-31898	
-34479	-33902	-31336	
-34263	-33105	-31912	
-32206	-36975	-27328	
-34782	-35335	-28964	
-34478	-33668	-31446	
-34466	-33729	-31406	
-34610	-34279	-31104	
-34358	-33316	-31802	
-34442	-33999	-31543	
-34452	-33894	-31494	
-33675	-32402	-32836	
-34760	-34700	-30458	
-34411	-33578	-31567	
-34165	-33208	-32088	
-34110	-32819	-32242	
-34464	-33906	-31408	
-34594	-35394	-29233	
-34801	-34820	-30140	
-34479	-34290	-31309	
-34313	-33411	-31831	
-34401	-33576	-31597	
-34766	-34711	-30154	
-33655	-32191	-32841	
-34107	-32837	-32265	
-34459	-33947	-31420	
-34587	-35418	-28951	
-34363	-33623	-31635	
-34825	-34967	-29966	
-33883	-32516	-32578	
-34557	-34022	-31117	
-34139	-33113	-32156	
-34546	-34107	-31121	
-33839	-32028	-32617	
-34515	-34395	-31280	
-33838	-33118	-32611	
-34754	-34996	-29716	
-34333	-33529	-31640	
-34539	-35480	-29907	
-34296	-33626	-31847	
-34746	-35029	-29571	
-34251	-33709	-31893	
-34358	-33882	-31589	
-34755	-34655	-30490	
-34137	-32890	-32210	
-34668	-34546	-30791	
-34695	-34840	-30563	
-34714	-35045	-29697	
-34757	-34731	-30161	
-34099	-32937	-32248	
-34744	-34859	-30248	
-34350	-33702	-31597	
-34635	-34345	-30904	
-34335	-33740	-31611	
-33934	-32805	-32294	
-34701	-35252	-29713	
-34310	-33879	-31632	
-34722	-35010	-30148	
-34091	-33098	-32216	
-34289	-33828	-31634	
-33932	-32982	-32296	
-34286	-33792	-31647	
-34508	-35484	-28777	
-33905	-32991	-32310	
-34570	-34379	-31055	
-34482	-35514	-29226	
-34621	-34375	-30857	
-34725	-34730	-30308	
-34270	-33880	-31716	
-33592	-32054	-32926	
-34082	-33152	-32264	
-34615	-34462	-30848	
-34661	-35301	-29694	
-34113	-33401	-32101	
-34638	-34879	-30671	
-34707	-34956	-30455	
-34435	-34201	-31330	
-34605	-34409	-30876	
-34426	-34158	-31333	
-33875	-32897	-32315	
-34373	-34072	-31415	
-33869	-32845	-32381	
-34268	-33657	-31770	
-34141	-33444	-31962	
-34688	-35096	-29891	
-34046	-33193	-32245	
-34119	-33589	-31982	
-34504	-34550	-30913	
-34516	-34475	-30802	
-34029	-33408	-32261	
-34576	-34579	-30687	
-33430	-31987	-33015	
-33869	-32898	-32314	
-34493	-34468	-31017	
-34509	-34683	-30744	
-34339	-34077	-31335	
-34328	-34167	-31444	
-33775	-33034	-32629	
-34291	-34074	-31593	
-33887	-33016	-32286	
-34213	-33919	-31824	
-34532	-34878	-30681	
-33872	-33149	-32278	
-34305	-34025	-31458	
-33752	-32617	-32806	
-34089	-33495	-31987	
-33846	-33164	-32293	
-34049	-33541	-32008	
-34303	-34161	-31469	
-34472	-34577	-30826	
-34666	-35218	-29919	
-34293	-34001	-31471	
-34256	-33892	-31637	
-34032	-33756	-32024	
-34248	-34177	-31694	
-34640	-35049	-29994	
-34458	-34579	-30871	
-34454	-35146	-30873	
-34484	-34473	-31053	
-33997	-33498	-32154	
-34083	-34074	-31921	
-34394	-34845	-31018	
-34305	-34413	-31431	
-34572	-35304	-29543	
-34580	-35404	-29057	
-34436	-34402	-31226	
-34051	-33764	-31954	
-34382	-34457	-31327	
-34387	-34640	-31071	
-34585	-35135	-30668	
-34144	-33776	-31858	
-34604	-35112	-29954	
-34034	-33591	-32005	
-33833	-33301	-32316	
-33835	-33121	-32355	
-34694	-34978	-30171	
-34454	-34758	-30900	
-33994	-33803	-32062	
-34682	-35255	-29499	
-34600	-35098	-29975	
-34231	-33885	-31706	
-34672	-34986	-30305	
-34497	-34764	-30702	
-33821	-33489	-32319	
-33793	-33243	-32347	
-34143	-33883	-31833	
-33969	-33885	-32171	
-34180	-33964	-31701	
-34261	-34324	-31452	
-34095	-34086	-31835	
-34356	-34702	-31083	
-34178	-34141	-31703	
-34663	-34867	-30476	
-34160	-34175	-31821	
-33627	-32687	-32659	
-34300	-34496	-31173	
-33788	-33384	-32362	
-34238	-34330	-31590	
-33780	-33217	-32373	
-33952	-33593	-32183	
-33778	-33382	-32392	
-33625	-32864	-32661	
-33944	-33591	-32258	
-33592	-32909	-32700	
-34628	-34917	-30478	
-34289	-34572	-31221	
-33830	-33380	-32309	
-34594	-35300	-29763	
-34560	-35238	-30342	
-33769	-33182	-32432	
-34014	-33861	-31927	
-34592	-35224	-29910	
-34584	-35257	-29765	
-34570	-35263	-29918	
-33590	-33086	-32702	
-33589	-32927	-32723	
-33718	-33515	-32435	
-33759	-33193	-32419	
-33992	-34302	-31994	
-33824	-33571	-32278	
-33715	-33511	-32539	
-34263	-34856	-31223	
-33750	-33769	-32409	
-34263	-34468	-31250	
-33411	-32266	-32989	
-33383	-32273	-32999	
-34245	-34483	-31242	
-34280	-34622	-31168	
-33735	-33300	-32419	
-34227	-34466	-31256	
-34208	-34277	-31645	
-33733	-33477	-32421	
-34226	-34565	-31457	
-33987	-33851	-32053	
-34203	-34381	-31524	
-33776	-33881	-32324	
-33906	-33801	-32189	
-33771	-33599	-32378	
-34050	-34290	-31665	
-34419	-35032	-30894	
-33841	-33712	-32203	
-34418	-35632	-29251	
-34508	-35376	-29991	
-34017	-34290	-31799	
-33568	-32903	-32769	
-34408	-35491	-30112	
-33796	-33670	-32204	
-31961	-36988	-26921	
-33986	-33892	-32000	
-34183	-34592	-31644	
-34344	-35543	-29713	
-34331	-34761	-31036	
-34219	-34767	-31244	
-33645	-33475	-32548	
-34478	-35277	-30188	
-33634	-33174	-32609	
-34210	-34724	-31247	
-33941	-34059	-32059	
-34012	-34091	-31874	
-33531	-33000	-32976	
-34123	-34686	-31402	
-33583	-33773	-32610	
-33333	-32619	-33028	
-33788	-33968	-32200	
-34268	-34857	-31035	
-33523	-33262	-32674	
-34464	-35287	-30012	
-33959	-34347	-31871	
-33920	-34008	-32061	
-33911	-33965	-32064	
-33813	-33974	-32175	
-34288	-35562	-29652	
-34257	-34966	-31035	
-34373	-35214	-30706	
-33183	-32187	-33207	
-33221	-33266	-33129	
-31875	-37041	-26568	
-34287	-35643	-29456	
-33720	-33675	-32414	
-33939	-34558	-31991	
-33520	-33038	-32728	
-34365	-35321	-30329	
-33229	-32576	-33076	
-34373	-35377	-30133	
-33514	-33371	-32684	
-33466	-33301	-32782	
-33682	-33556	-32416	
-34087	-34727	-31383	
-33665	-33771	-32432	
-33793	-34244	-32097	
-33220	-33107	-33150	
-33924	-34089	-32001	
-29989	-30575	-34735	
-33600	-33872	-32489	
-34057	-34930	-31484	
-33922	-34266	-32003	
-33806	-34256	-32012	
-33097	-32533	-33208	
-33076	-32155	-33364	
-29453	-29263	-34747	
-34179	-35420	-30464	
-34163	-34910	-31061	
-33791	-34162	-32139	
-34201	-35876	-28745	
-34070	-34942	-31399	
-34269	-35326	-30289	
-33775	-33956	-32285	
-34190	-35625	-29657	
-34201	-35473	-30136	
-34198	-35136	-30932	
-33411	-33397	-32800	
-34194	-35362	-30265	
-33774	-34063	-32260	
-34034	-34594	-31572	
-34163	-35579	-30254	
-33981	-34850	-31569	
-34279	-35696	-29299	
-33099	-32572	-33187	
-33295	-32632	-32998	
-33356	-33036	-32851	
-34129	-35019	-30961	
-34157	-35787	-28766	
-33685	-34184	-32359	
-33281	-32671	-33012	
-34086	-34913	-31051	
-34113	-35789	-28905	
-34121	-35287	-30676	
-33464	-33481	-32743	
-34062	-35049	-31022	
-33346	-33281	-32802	
-33346	-33161	-32850	
-33223	-32896	-33018	
-34148	-35707	-29504	
-34364	-35402	-30133	
-34410	-35057	-30894	
-33613	-33890	-32426	
-33987	-35102	-31145	
-33931	-34665	-31614	
-33688	-34188	-32255	
-33276	-33655	-32975	
-29397	-30332	-34772	
-33057	-32191	-33348	
-34305	-35148	-30801	
-34105	-35219	-30805	
-33856	-34718	-31737	
-33049	-32347	-33220	
-33923	-35966	-28221	
-32818	-32346	-33481	
-33895	-34864	-31625	
-34086	-35820	-29577	
-33413	-33557	-32779	
-34102	-35661	-29787	
-33672	-34347	-32045	
-34142	-35612	-29806	
-33026	-32266	-33223	
-33303	-33292	-32848	
-33016	-32553	-33235	
-34050	-35307	-30573	
-33973	-34957	-31192	
-32893	-31951	-33396	
-33007	-32475	-33348	
-33625	-34278	-32117	
-33553	-34446	-32430	
-33898	-35010	-31315	
-34024	-35218	-30833	
-33997	-35476	-30480	
-33558	-34629	-32174	
-33966	-35391	-30707	
-33990	-35298	-30881	
-33409	-33896	-32732	
-33816	-34568	-31767	
-33575	-34728	-32053	
-33979	-35122	-31041	
-33745	-34764	-31749	
-33659	-34426	-32007	
-33955	-35184	-30902	
-34032	-35590	-30459	
-33664	-34609	-31751	
-34060	-35429	-30439	
-33600	-34921	-31752	
-33595	-34738	-32008	
-33497	-33898	-32605	
-33903	-35193	-31059	
-33281	-33438	-32827	
-34023	-35622	-29810	
-34085	-35759	-29700	
-34007	-35609	-29910	
-33876	-35148	-31157	
-33818	-35015	-31369	
-32766	-32421	-33517	
-33080	-32608	-33171	
-33761	-35036	-31230	
-33444	-34154	-32602	
-34051	-35898	-29307	
-33997	-35672	-29860	
-33059	-33053	-33182	
-33946	-35209	-30902	
-33293	-33537	-32799	
-33725	-35082	-31166	
-33044	-32789	-33205	
-33694	-35204	-31173	
-33980	-35840	-30000	
-33632	-35114	-31342	
-34041	-35670	-29721	
-33860	-35307	-30947	
-33687	-35026	-31574	
-33879	-35499	-30600	
-33877	-35299	-30877	
-33729	-34923	-31539	
-33651	-35020	-31670	
-33805	-35003	-31454	
-32947	-32745	-33233	
-33815	-35325	-30716	
-33847	-35295	-31032	
-33788	-35556	-30806	
-33955	-35642	-30082	
-33729	-35318	-31152	
-32916	-32561	-33328	
-32853	-32854	-33235	
-32838	-32909	-33242	
-32830	-32437	-33412	
-33835	-35410	-30621	
-33935	-35781	-30262	
-32802	-32944	-33243	
-32789	-32838	-33340	
-33630	-35309	-31232	
-33652	-34912	-31595	
-33753	-35442	-30827	
-33817	-35393	-30635	
-29309	-30017	-34796	
-33533	-34843	-31787	
-33814	-35436	-30634	
-33606	-35094	-31407	
-33750	-35486	-30835	
-33227	-33683	-32763	
-33910	-35905	-29638	
-33988	-35501	-30480	
-33458	-34764	-31923	
-32928	-33024	-33207	
-33725	-35333	-30966	
-33851	-35938	-29155	
-33190	-33780	-32970	
-33603	-35261	-31379	
-33054	-33369	-33020	
-33316	-33954	-32622	
-32677	-32393	-33549	
-33674	-35406	-30920	
-33593	-35082	-31492	
-33360	-34784	-31858	
-33196	-34122	-32693	
-33262	-34210	-32618	
-32568	-32129	-33618	
-33333	-34969	-31829	
-33839	-35928	-29646	
-33416	-34472	-32345	
-31834	-37054	-28384	
-33891	-35692	-30283	
-33688	-35205	-31163	
-33685	-35229	-31173	
-33825	-35975	-29092	
-33857	-35617	-30294	
-32985	-33419	-33163	
-33767	-35625	-30544	
-33174	-33939	-32760	
-33648	-35386	-30985	
-33304	-34502	-32196	
-32657	-32157	-33586	
-33008	-33836	-32986	
-33312	-34820	-31855	
-33501	-35125	-31547	
-33290	-34810	-32185	
-33753	-35940	-29421	
-33574	-35027	-31570	
-33538	-35028	-31502	
-33514	-35046	-31585	
-33230	-34571	-32480	
-33814	-35933	-29606	
-33001	-33625	-33017	
-33267	-34474	-32273	
-33635	-35374	-31070	
-32771	-32628	-33382	
-33789	-36057	-28982	
-33361	-34955	-31726	
-33050	-33808	-32799	
-32823	-33206	-33216	
-32747	-33251	-33385	
-33754	-35990	-29070	
-33323	-34756	-31935	
-33246	-34523	-32196	
-33039	-33163	-33167	
-32713	-32484	-33405	
-32788	-33019	-33301	
-32499	-31886	-33733	
-33270	-35012	-31932	
-33485	-35284	-31499	
-32808	-33312	-33230	
-33667	-35456	-30883	
-33754	-35818	-30324	
-33024	-34042	-32840	
-32869	-33072	-33172	
-32685	-32710	-33391	
-33114	-34212	-32547	
-33082	-34309	-32527	
-33744	-35639	-30437	
-32701	-32458	-33416	
-33632	-35509	-30955	
-32680	-32574	-33409	
-33475	-35105	-31612	
-33041	-33782	-32898	
-33543	-35417	-31125	
-32624	-32649	-33546	
-33332	-35102	-31763	
-33689	-35950	-30208	
-32800	-33110	-33232	
-33677	-35568	-30693	
-33709	-35748	-30461	
-32805	-33518	-33072	
-33422	-35061	-31659	
-33588	-35420	-30976	
-33214	-34730	-32270	
-33647	-35658	-30630	
-33517	-35397	-31190	
-33029	-34225	-32584	
-33142	-34812	-32114	
-33132	-34901	-31947	
-32627	-32830	-33406	
-32960	-34356	-32638	
-31815	-37067	-27427	
-33450	-35170	-31520	
-33131	-34890	-32016	
-33537	-35448	-30972	
-33464	-35353	-31237	
-33262	-35119	-31555	
-33391	-35340	-31417	
-33235	-35293	-31566	
-33245	-35115	-31606	
-33506	-35452	-31182	
-32967	-34311	-32494	
-32822	-33293	-33165	
-33786	-35783	-30190	
-32997	-34101	-32812	
-33548	-35744	-30760	
-32390	-31622	-33802	
-32778	-33985	-33050	
-32898	-34380	-32680	
-32492	-31900	-33621	
-32765	-33494	-33109	
-32860	-33838	-32915	
-32806	-34094	-32911	
-32454	-31936	-33674	
-33189	-35157	-31703	
-32622	-32488	-33572	
-33538	-35565	-30873	
-33076	-34619	-32285	
-33462	-35485	-30958	
-33441	-35195	-31520	
-32434	-32483	-33702	
-33376	-35499	-31014	
-32598	-32942	-33408	
-32562	-32758	-33457	
-33117	-34921	-32073	
-29106	-29985	-34813	
-33016	-34638	-32300	
-33579	-35740	-30550	
-33121	-35014	-31860	
-32772	-33617	-33063	
-32827	-34118	-32703	
-33344	-35386	-31323	
-33088	-35068	-32110	
-32822	-34300	-32765	
-32884	-34900	-32371	
-32515	-32385	-33615	
-32861	-34483	-32548	
-32642	-33485	-33111	
-32712	-33750	-33106	
-33483	-35511	-30883	
-33312	-35304	-31510	
-32621	-33589	-33225	
-33704	-35831	-30074	
-33389	-35612	-30889	
-32655	-33383	-33211	
-33187	-35172	-31678	
-33285	-35458	-31208	
-33386	-35678	-30901	
-33490	-35601	-30870	
-33265	-35470	-31160	
-33373	-35666	-30986	
-33159	-35213	-31651	
-33104	-34909	-32158	
-32986	-34932	-32278	
-33675	-35997	-29654	
-33229	-35621	-31141	
-32538	-32802	-33438	
-32942	-34843	-32299	
-33287	-35407	-31184	
-33146	-35201	-31736	
-33245	-35439	-31365	
-33034	-35081	-31819	
-33532	-35893	-30448	
-32535	-32813	-33471	
-32598	-33253	-33313	
-32439	-32156	-33618	
-32545	-33509	-33310	
-33331	-35374	-31408	
-32878	-34582	-32427	
-33028	-35224	-31856	
-32793	-34434	-32616	
-32511	-32861	-33410	
-33651	-36197	-28882	
-32735	-34167	-32929	
-32458	-33376	-33474	
-32276	-31880	-33775	
-33098	-35237	-31733	
-32834	-34694	-32478	
-33633	-35970	-29668	
-31564	-37076	-28202	
-32475	-32651	-33474	
-33187	-35329	-31563	
-33534	-36004	-29985	
-32455	-32675	-33522	
-32741	-34509	-32652	
-32435	-32766	-33542	
-33086	-35340	-31582	
-32498	-32987	-33386	
-32490	-33050	-33392	
-32385	-32144	-33706	
-32568	-33926	-33133	
-33229	-35464	-31256	
-32669	-34591	-32496	
-32985	-35430	-31603	
-33126	-35631	-31185	
-32283	-31949	-33722	
-32406	-32551	-33561	
-33060	-35377	-31480	
-33295	-35831	-30457	
-32660	-34193	-32859	
-33249	-35753	-30463	
-33230	-35813	-30482	
-32984	-35135	-31877	
-32593	-34664	-32559	
-32984	-35459	-31636	
-33225	-35780	-30606	
-33066	-35542	-31329	
-33529	-36273	-28374	
-33533	-36085	-29789	
-32762	-34369	-32716	
-32982	-35186	-31901	
-32624	-34208	-32795	
-33457	-36245	-29308	
-32402	-32591	-33579	
-32516	-33643	-33161	
-33531	-36219	-28781	
-32417	-32944	-33477	
-32404	-33156	-33522	
-32894	-35274	-31706	
-32609	-34505	-32769	
-32239	-31675	-33777	
-32543	-34253	-32954	
-32942	-35167	-32058	
-32161	-32018	-33860	
-33367	-36288	-28789	
-32391	-32724	-33569	
-32265	-32598	-33629	
-32719	-34326	-32719	
-32739	-34709	-32380	
-32464	-33718	-33197	
-32753	-35091	-32135	
-33287	-35731	-30943	
-32672	-34979	-32409	
-31458	-37096	-28625	
-32592	-34511	-32580	
-33210	-35953	-30541	
-32538	-34608	-32598	
-32533	-34425	-32854	
-32864	-35297	-31728	
-32487	-34135	-33020	
-33208	-35753	-30818	
-32682	-35158	-32296	
-32868	-35254	-31771	
-29057	-30411	-34899	
-33005	-35228	-31856	
-32349	-32847	-33576	
-32647	-34900	-32426	
-33199	-35817	-30692	
-32442	-33535	-33264	
-32031	-31571	-33885	
-32984	-35517	-31418	
-32355	-32817	-33526	
-32797	-35465	-31671	
-32264	-32779	-33590	
-33450	-36291	-28371	
-32428	-34784	-32664	
-32530	-34723	-32577	
-32387	-33617	-33297	
-32402	-33823	-33150	
-33502	-36089	-29999	
-33431	-35963	-30001	
-33366	-35986	-30054	
-33328	-35930	-30421	
-32776	-35297	-31826	
-32877	-35638	-31226	
-33098	-35655	-31020	
-32279	-34051	-33222	
-32247	-32760	-33697	
-32379	-33406	-33327	
-32795	-35383	-31713	
-32348	-33920	-33168	
-32471	-34759	-32428	
-32926	-35192	-31949	
-33084	-35896	-30768	
-32789	-35218	-31864	
-33341	-35961	-30061	
-33025	-35658	-31114	
-32860	-35939	-31311	
-33340	-36023	-30140	
-32212	-32854	-33626	
-32375	-33411	-33342	
-32714	-35271	-31987	
-32465	-33952	-33087	
-32178	-32891	-33542	
-33344	-36311	-28794	
-32301	-33493	-33381	
-32987	-35698	-31025	
-32300	-33955	-33186	
-32349	-34079	-33147	
-32905	-35481	-31511	
-32682	-35353	-31744	
-32256	-33634	-33399	
-33166	-35864	-30562	
-32460	-34365	-32959	
-32125	-33032	-33695	
-32381	-34639	-32696	
-32248	-33749	-33378	
-32747	-34926	-32286	
-32361	-33397	-33389	
-33024	-35739	-30918	
-32790	-35549	-31710	
-32735	-34902	-32299	
-32664	-35423	-31770	
-33327	-36011	-30225	
-33368	-36097	-29591	
-32966	-35919	-30888	
-32974	-35686	-31110	
-33290	-35970	-30332	
-32428	-34787	-32511	
-32323	-34372	-33009	
-33251	-36171	-29744	
-32379	-35081	-32437	
-33275	-36098	-29582	
-32964	-35719	-31165	
-32805	-35592	-31327	
-32661	-35447	-31858	
-32377	-34679	-32714	
-33316	-36333	-28954	
-32335	-34794	-32448	
-32291	-34810	-32579	
-32361	-34473	-32860	
-32545	-35184	-32211	
-32781	-35624	-31461	
-32891	-35464	-31555	
-32328	-34555	-32753	
-32065	-34223	-33090	
-33385	-36199	-29409	
-32272	-34913	-32440	
-32953	-35907	-30973	
-32239	-34863	-32497	
-32405	-35212	-32040	
-32564	-35376	-31864	
-33124	-35867	-30558	
-32520	-35287	-31885	
-32169	-33264	-33493	
-32309	-33378	-33402	
-33115	-35892	-30558	
-32011	-31825	-33893	
-32131	-33789	-33269	
-32046	-33581	-33554	
-32909	-35818	-30994	
-33228	-36042	-30025	
-32355	-34496	-32781	
-32263	-34210	-33012	
-32511	-35332	-31911	
-32169	-33424	-33426	
-33159	-35981	-30537	
-33222	-36147	-29745	
-32197	-34710	-32849	
-33212	-36150	-29778	
-33040	-36055	-30100	
-32337	-35247	-32039	
-33299	-36252	-29056	
-32285	-34393	-32945	
-32664	-34999	-32305	
-32095	-33705	-33515	
-31998	-32435	-33871	
-32100	-33888	-33259	
-33041	-36542	-28098	
-32462	-35344	-31957	
-32359	-35194	-32142	
-32561	-35025	-32421	
-33179	-36125	-29845	
-32186	-34926	-32443	
-33120	-35993	-30249	
-33282	-36272	-29143	
-32149	-35230	-32501	
-32169	-34595	-32916	
-33183	-35966	-30380	
-33224	-36184	-29583	
-32146	-34907	-32600	
-32255	-35210	-32078	
-33010	-35917	-30749	
-33018	-36083	-30361	
-31975	-32018	-34048	
-31986	-33441	-33584	
-33254	-36442	-29356	
-32245	-35216	-32042	
-32218	-35291	-31989	
-32222	-35220	-32057	
-32693	-35560	-31549	
-32213	-35270	-32004	
-32023	-32345	-33858	
-33089	-36105	-29885	
-32005	-34127	-33109	
-31936	-33755	-33272	
-33025	-36149	-30068	
-32484	-35527	-31890	
-31867	-34256	-33302	
-33213	-36211	-29655	
-32650	-35635	-31666	
-32193	-35291	-32078	
-32242	-35208	-32105	
-31910	-34231	-33066	
-31899	-34380	-33074	
-33069	-36147	-29929	
-31394	-37176	-27007	
-33260	-36289	-28981	
-32569	-35703	-31499	
-31936	-34125	-33248	
-32170	-35327	-31986	
-32188	-35199	-32178	
-33087	-36144	-29849	
-31990	-33939	-33241	
-33060	-36375	-29939	
-32121	-34630	-32934	
-32362	-35445	-31957	
-31837	-33132	-33607	
-32919	-36169	-30491	
-33059	-36180	-29984	
-33210	-36353	-29377	
-32153	-34754	-32706	
-31823	-33881	-33321	
-32167	-35308	-31987	
-32093	-34823	-32657	
-32154	-35296	-32072	
-32045	-35342	-32084	
-33188	-36233	-29488	
-31921	-34563	-33007	
-32037	-35261	-32169	
-32145	-35332	-31994	
-32016	-32768	-33764	
-32804	-35959	-30771	
-32053	-35583	-32027	
-31876	-33963	-33251	
-31949	-32311	-33910	
-32027	-34942	-32535	
-31811	-33849	-33458	
-32079	-35335	-31966	
-32180	-35190	-32279	
-33186	-36153	-29769	
-31824	-33206	-33610	
-31766	-33096	-33622	
-31992	-34834	-32676	
-31962	-34978	-32753	
-31923	-32979	-33715	
-32036	-35319	-32192	
-33007	-36137	-30091	
-32801	-36192	-30611	
-33166	-36355	-29516	
-33181	-36236	-29382	
-31726	-33059	-33731	
-31815	-34328	-33085	
-31712	-33193	-33640	
-32356	-35855	-31334	
-31946	-33707	-33443	
-31863	-32839	-33745	
-31727	-34284	-33131	
-32757	-36103	-30632	
-31872	-34439	-33046	
-31886	-34898	-32838	
-32278	-35711	-31352	
-31572	-33925	-33334	
-31816	-33321	-33589	
-32429	-35691	-31674	
-32394	-35625	-31725	
-31710	-33860	-33477	
-31914	-35498	-32405	
-32735	-35969	-30700	
-32009	-35258	-32330	
-31923	-34999	-32528	
-32439	-35695	-31588	
-31761	-33317	-33601	
-32254	-35718	-31509	
-31675	-33170	-33671	
-31701	-34393	-33152	
-32276	-35600	-31815	
-31893	-32166	-33925	
-32246	-35739	-31345	
-32604	-35980	-30905	
-31793	-32904	-33766	
-32092	-35490	-31899	
-32088	-34640	-32913	
-32217	-35770	-31712	
-31736	-35089	-32558	
-31569	-34084	-33364	
-31688	-33247	-33619	
-31711	-34385	-33078	
-31987	-34651	-32932	
-32004	-35270	-32331	
-32605	-35961	-30789	
-32581	-35983	-30659	
-31814	-32715	-33784	
-31632	-34524	-33206	
-31637	-34707	-32950	
-32951	-36170	-30049	
-32580	-35989	-30709	
-31889	-32171	-33940	
-31612	-33233	-33720	
-31994	-35289	-32252	
-31633	-33440	-33611	
-31701	-32502	-33866	
-31704	-32876	-33798	
-32462	-35992	-30796	
-31492	-35055	-32665	
-32397	-36124	-30680	
-31789	-33000	-33713	
-31722	-32313	-33884	
-31712	-32363	-33938	
-31587	-33258	-33638	
-31533	-33868	-33388	
-31579	-33373	-33617	
-31509	-33922	-33367	
-32064	-35679	-31853	
-31425	-33995	-33462	
-31552	-34673	-32975	
-31766	-32107	-33942	
-31562	-33296	-33720	
-31594	-32525	-33972	
-31508	-34758	-32889	
-31642	-32560	-33900	
-31671	-33594	-33568	
-31701	-32921	-33748	
-32393	-36040	-30827	
-32831	-36222	-30152	
-33031	-36497	-28200	
-31690	-33054	-33738	
-32090	-35810	-31456	
-31436	-33862	-33472	
-31562	-33330	-33637	
-31640	-32860	-33903	
-31476	-34653	-32982	
-31616	-31967	-34131	
-31559	-33149	-33777	
-31551	-33463	-33627	
-31492	-34552	-33035	
-31427	-34581	-32994	
-32437	-35967	-31060	
-31770	-31668	-34070	
-31398	-35166	-32507	
-31660	-33727	-33558	
-31538	-33537	-33630	
-31379	-35101	-32646	
-31373	-34759	-32923	
-33023	-36492	-29168	
-31229	-34670	-33021	
-31328	-34808	-32889	
-31542	-31034	-34141	
-31322	-35124	-32623	
-31503	-33331	-33733	
-31454	-34115	-33359	
-31219	-34383	-33263	
-31103	-34544	-33081	
-31547	-33734	-33479	
-32383	-36036	-30913	
-31461	-33535	-33651	
-31380	-33824	-33525	
-31579	-32113	-33985	
-30857	-34652	-33121	
-31503	-32969	-33789	
-32081	-35840	-31458	
-31007	-34549	-33041	
-31213	-34998	-32872	
-31340	-34117	-33316	
-31291	-34088	-33374	
-31306	-35144	-32582	
-31173	-34207	-33362	
-32803	-36224	-30192	
-33004	-36567	-28145	
-31327	-33564	-33624	
-33129	-36472	-28745	
-32288	-36031	-30923	
-31317	-34941	-32879	
-31360	-34682	-32975	
-31191	-34815	-32939	
-31166	-33996	-33393	
-32384	-36112	-30765	
-31149	-34052	-33411	
-32077	-35798	-31541	
-32182	-36053	-31037	
-31916	-35609	-31942	
-31485	-32261	-34041	
-32813	-36228	-30106	
-31490	-33043	-33792	
-30810	-35144	-32687	
-31128	-34874	-32957	
-31412	-33411	-33690	
-32935	-36562	-28521	
-31257	-35323	-32569	
-31250	-33749	-33576	
-31688	-35267	-32432	
-32979	-36494	-29307	
-31451	-33044	-33825	
-31491	-32862	-33831	
-31125	-34727	-33014	
-32765	-36264	-30103	
-31774	-35526	-32234	
-31190	-33605	-33591	
-30980	-34532	-33114	
-31514	-33198	-33743	
-30798	-35006	-32725	
-32152	-36049	-31192	
-32032	-35872	-31589	
-31335	-33873	-33491	
-31501	-35357	-32462	
-30725	-35020	-32772	
-31752	-35761	-31749	
-31056	-34356	-33278	
-31810	-35610	-31988	
-31731	-35632	-31863	
-31145	-34092	-33429	
-31316	-33731	-33531	
-31275	-33882	-33520	
-32335	-36144	-30896	
-31177	-33679	-33594	
-31286	-33749	-33530	
-31598	-35689	-32026	
-30377	-35161	-32733	
-31096	-33968	-33468	
-31113	-33756	-33626	
-31097	-34127	-33447	
-30930	-34230	-33338	
-31324	-33417	-33681	
-30257	-34766	-33103	
-31299	-33869	-33522	
-31586	-32640	-33951	
-31621	-35534	-32065	
-32570	-36242	-30423	
-31276	-33452	-33699	
-30795	-34272	-33316	
-31239	-33882	-33566	
-31083	-33891	-33520	
-30418	-34714	-33182	
-31189	-34413	-33216	
-30935	-33914	-33500	
-30817	-35159	-32578	
-31482	-33158	-33771	
-31450	-32885	-33846	
-31444	-35544	-32044	
-31995	-35905	-31415	
-30752	-34362	-33370	
-30804	-34568	-33178	
-31245	-35122	-32644	
-31418	-33207	-33818	
-31438	-33118	-33828	
-30394	-35180	-32626	
-30952	-34413	-33271	
-31564	-35716	-31809	
-31040	-34150	-33424	
-31219	-33503	-33661	
-31314	-33264	-33811	
-31393	-35574	-32084	
-30914	-34024	-33484	
-31481	-32371	-34005	
-31351	-32908	-33855	
-30333	-34590	-33267	
-31868	-35843	-31644	
-31026	-33557	-33694	
-29945	-34772	-32997	
-31175	-33463	-33718	
-30848	-34159	-33424	
-30358	-35096	-32872	
-31292	-33081	-33878	
-32615	-36319	-29983	
-30965	-33706	-33704	
-31236	-35612	-32131	
-31142	-33473	-33697	
-30690	-34972	-32922	
-30878	-34024	-33530	
-30987	-34094	-33466	
-31079	-33532	-33715	
-32009	-35959	-31224	
-30733	-34297	-33509	
-31090	-33339	-33803	
-31297	-32765	-34040	
-31484	-35788	-31819	
-32873	-36514	-29730	
-32561	-36301	-30076	
-31519	-35711	-31901	
-31820	-35951	-31627	
-32546	-36319	-30151	
-31737	-35774	-31648	
-32337	-36344	-30619	
-31661	-35825	-31668	
-32905	-36515	-29288	
-30815	-33771	-33619	
-31940	-36128	-31230	
-31057	-33349	-33782	
-31408	-31994	-34133	
-30681	-34369	-33292	
-31477	-32376	-34020	
-31005	-33365	-33750	
-31406	-32061	-34089	
-31306	-32472	-33989	
-30544	-34376	-33342	
-30791	-33825	-33598	
-30769	-35591	-32238	
-31646	-35854	-31678	
-30317	-34384	-33413	
-32056	-36092	-30941	
-30912	-33622	-33761	
-32455	-36321	-30499	
-29588	-34390	-33342	
-31707	-35993	-31236	
-31327	-32092	-34220	
-30851	-34083	-33502	
-30624	-34033	-33578	
-31696	-35967	-31283	
-30337	-35385	-32434	
-30963	-35741	-31833	
-31531	-32596	-33972	
-31125	-34950	-32879	
-30963	-34148	-33445	
-31319	-32158	-34058	
-30912	-35736	-32071	
-32293	-36255	-30640	
-30950	-35665	-32069	
-31205	-32882	-33946	
-31391	-35903	-31713	
-32222	-36147	-30662	
-31691	-35979	-31284	
-31062	-33033	-33944	
-31651	-35962	-31375	
-31262	-35506	-32313	
-32035	-36185	-30697	
-30545	-33833	-33626	
-31051	-33105	-33853	
-32891	-36564	-28660	
-31043	-33220	-33832	
-30553	-33718	-33647	
-31412	-32627	-33955	
-31222	-32223	-34042	
-30454	-33913	-33583	
-31197	-32208	-34058	
-31356	-35789	-31734	
-30750	-35526	-32377	
-31347	-35814	-31734	
-30505	-33753	-33665	
-30833	-35758	-31946	
-31636	-36047	-31313	
-30217	-33965	-33611	
-30843	-35619	-32084	
-31188	-32501	-34109	
-31003	-33140	-33871	
-31998	-36149	-30723	
-30803	-33358	-33830	
-31126	-35938	-31798	
-30339	-34326	-33431	
-31962	-36138	-30900	
-30632	-35685	-32129	
-30799	-33378	-33834	
-31961	-36167	-30933	
-31986	-36217	-30828	
-31463	-36077	-31381	
-30313	-33762	-33665	
-30580	-34039	-33523	
-30479	-35534	-32296	
-32487	-36322	-30057	
-31461	-31738	-34136	
-30713	-35832	-31950	
-30056	-33799	-33812	
-30443	-34046	-33573	
-30768	-33408	-33775	
-30970	-33150	-33850	
-30906	-33227	-33882	
-32416	-36337	-30035	
-32857	-36585	-28774	
-31354	-31774	-34181	
-31308	-31190	-34296	
-31285	-35962	-31458	
-30704	-33485	-33807	
-30044	-33885	-33654	
-30469	-33753	-33711	
-30961	-33044	-33963	
-31039	-36010	-31580	
-31148	-32767	-33968	
-31000	-32832	-34035	
-30917	-33094	-33892	
-32406	-36405	-30107	
-32802	-36388	-29732	
-32790	-36397	-29757	
-31278	-31732	-34297	
-30650	-33238	-34024	
-30914	-33112	-33903	
-32712	-36386	-29792	
-30030	-33905	-33630	
-30420	-33629	-33750	
-30642	-33304	-33862	
-30738	-35755	-31948	
-30366	-33723	-33755	
-30671	-33495	-33786	
-31160	-35953	-31525	
-30343	-33627	-33771	
-32711	-36448	-29871	
-29920	-33816	-33665	
-31694	-36175	-31020	
-32403	-36325	-30120	
-29635	-33853	-33719	
-32350	-36374	-30283	
-30895	-33175	-33888	
-30521	-33382	-33844	
-30331	-33536	-33840	
-30359	-33468	-33981	
-29744	-33805	-33706	
-30765	-33100	-33939	
-31625	-36143	-31240	
-30545	-33369	-33846	
-30690	-33114	-33903	
-30681	-35882	-31842	
-30677	-33188	-33906	
-31864	-36177	-30831	
-31779	-36199	-30852	
-31495	-36072	-31274	
-31961	-36225	-30715	
-31140	-32369	-34215	
-30912	-32920	-34002	
-30281	-33599	-33840	
-30553	-33254	-33867	
-30474	-33330	-33896	
-30854	-36018	-31595	
-31895	-36230	-30641	
-30936	-32554	-34062	
-31892	-36288	-30663	
-31641	-36131	-31067	
-30658	-33123	-34045	
-31684	-36196	-30854	
-31627	-36343	-30963	
-31638	-36155	-31155	
-31886	-36275	-30667	
-30854	-36038	-31398	
-30445	-33362	-33851	
-31766	-36349	-30688	
-31670	-36268	-30846	
-30986	-35966	-31627	
-30796	-36022	-31635	
-30894	-32677	-34069	
-30717	-36044	-31510	
-30709	-33062	-33992	
-31339	-36153	-31254	
-32681	-36540	-29076	
-32593	-36564	-29128	
-31133	-36090	-31294	
-31939	-36319	-30620	
-30680	-33094	-33947	
-31461	-36235	-31187	
-30656	-36050	-31464	
-32301	-36421	-30030	
-32536	-36585	-29292	
-31075	-36094	-31334	
-31583	-36254	-30984	
-30884	-32624	-34097	
-31016	-36104	-31257	
-30894	-36097	-31298	
-30267	-33585	-33887	
-30731	-36151	-31294	
-30883	-32810	-34059	
-32264	-36439	-30240	
-30509	-36107	-31338	
-30365	-36151	-31377	
-32165	-36347	-30366	
-32106	-36394	-30431	
-29895	-33745	-33844	
-30785	-32413	-34138	
-32478	-36497	-29732	
-32428	-36458	-29774	
-32480	-36541	-29319	
-30774	-32546	-34128	
-30737	-32629	-34124	
-31073	-31382	-34319	
-30549	-32859	-34114	
-32411	-36480	-29831	
-32430	-36605	-29715	
-31218	-31828	-34289	
-32216	-36496	-29963	
-31069	-36198	-31196	
-31016	-36179	-31231	
-32334	-36473	-29843	
-31941	-36427	-30462	
-31031	-32105	-34284	
-30728	-32574	-34295	
-31854	-36346	-30523	
-30541	-32974	-34093	
-32185	-36461	-30115	
-31742	-36463	-30541	
-32378	-36562	-29822	
-31371	-36333	-31022	
-30974	-36195	-31198	
-31080	-36283	-31037	
-31651	-36543	-30571	
-30507	-36265	-31144	
-30538	-32793	-34233	
-30265	-33393	-33986	
-30250	-33204	-34050	
-31417	-36422	-30620	
-32099	-36490	-30123	
-29751	-33253	-33989	
-30074	-33070	-34096	
-32481	-36684	-29121	
-31930	-36615	-30270	
-31254	-36493	-30623	
-31210	-36404	-30644	
-30777	-32308	-34327	
-32480	-36608	-29269	
-32560	-36677	-28537	
-31128	-36367	-30683	
-31992	-36506	-29868	
-31207	-36345	-30808	
-31011	-36380	-30691	
-31886	-36526	-30291	
-30953	-36484	-30760	
-29739	-33162	-34058	
-31768	-36549	-30411	
-30014	-32908	-34099	
-31983	-36545	-29824	
-29939	-32933	-34137	
-32494	-36679	-28867	
-30493	-32842	-34199	
-29351	-33085	-34081	
-31115	-36401	-30646	
-29169	-33141	-34097	
-30762	-36367	-30766	
-30750	-36367	-30874	
-32472	-36716	-28472	
-29789	-33070	-34134	
-32290	-36632	-29175	
-31023	-36344	-30875	
-32474	-36730	-28184	
-32237	-36650	-29468	
-30741	-36563	-30798	
-30673	-36373	-30920	
-32454	-36697	-28960	
-29778	-32961	-34209	
-31159	-36490	-30625	
-30995	-36473	-30631	
-32465	-36740	-28190	
-32415	-36737	-28636	
-30508	-36428	-30804	
-29899	-36389	-30821	
-32105	-36585	-29821	
-29654	-33038	-34143	
-31663	-36485	-30416	
-32081	-36678	-29647	
-29370	-32976	-34178	
-32410	-36699	-29099	
-32187	-36658	-29224	
-32401	-36738	-29055	
-32403	-36849	-28592	
-32029	-36635	-29754	
-32108	-36702	-29438	
-29947	-32589	-34259	
-29904	-32623	-34369	
-29633	-32631	-34288	
-29560	-32679	-34255	
-29221	-32836	-34368	
-29273	-32738	-34236	
-30519	-32125	-34348	
-29261	-32712	-34247	
-28425	-29459	-34920	
-30429	-32529	-34302	
-30269	-32427	-34360	
-31840	-36620	-29906	
-29306	-32670	-34267	
-31485	-36559	-30314	
-31808	-36691	-29762	
-32368	-36750	-28607	
-31789	-36636	-29839	
-32359	-36760	-28613	
-32316	-36760	-29076	
-31302	-36616	-30503	
-32105	-36726	-29362	
-30054	-32542	-34316	
-31581	-36688	-30202	
-31605	-36888	-29810	
-30000	-32093	-34374	
-31987	-36749	-29482	
-29968	-32395	-34386	
-32159	-36815	-28939	
-31809	-36767	-29614	
-31003	-37268	-27106	
-32053	-36835	-29362	
-30109	-30268	-34592	
-30496	-31708	-34525	
-32228	-36876	-28427	
-29795	-32359	-34438	
-30315	-31720	-34433	
-30261	-31976	-34429	
-29988	-31783	-34449	
-31136	-36632	-30246	
-31704	-36703	-29619	
-30710	-36617	-30307	
-30649	-36634	-30252	
-29903	-31925	-34513	
-32103	-36771	-28966	
-31094	-36690	-30208	
-30976	-36645	-30227	
-29409	-32505	-34442	
-30693	-36723	-30231	
-30090	-31305	-34593	
-30084	-30503	-34607	
-31530	-36695	-29915	
-32206	-36893	-28265	
-31256	-36756	-30067	
-29759	-32099	-34453	
-29753	-32095	-34462	
-32195	-36912	-28420	
-31138	-36779	-30187	
-30291	-31358	-34547	
-29204	-32155	-34464	
-29572	-31989	-34484	
-31759	-36775	-29370	
-31711	-36868	-29387	
-31667	-36779	-29408	
-29452	-32063	-34488	
-31984	-36878	-28706	
-28788	-32135	-34517	
-30037	-31561	-34590	
-32107	-36923	-27581	
-31955	-36902	-29040	
-29065	-32050	-34513	
-28347	-30395	-34961	
-29883	-31060	-34682	
-29698	-31575	-34535	
-29588	-31830	-34694	
-31899	-36940	-28130	
-31936	-36915	-28083	
-29439	-31832	-34622	
-29192	-31909	-34574	
-28989	-31970	-34598	
-30953	-36814	-29878	
-31897	-36942	-27667	
-30907	-36829	-29999	
-29768	-31227	-34604	
-31856	-36932	-28356	
-29637	-31404	-34608	
-31833	-36911	-28582	
-29634	-31086	-34612	
-29618	-31288	-34693	
-31830	-36935	-28506	
-31780	-36929	-28875	
-30813	-36900	-29834	
-28990	-31877	-34592	
-31536	-36931	-29154	
-31179	-36997	-29390	
-31635	-36951	-28638	
-31590	-37020	-28731	
-31142	-36911	-29428	
-31017	-36931	-29531	
-31278	-36944	-28947	
-29628	-30717	-34699	
-31188	-36942	-29007	
-31229	-37000	-28944	
-31187	-37004	-29086	
-29582	-31028	-34708	
-29539	-30713	-34711	
-29440	-30821	-34723	
-29383	-31480	-34716	
-29413	-30938	-34715	
-29377	-30678	-34730	
-29353	-30996	-34736	
-29264	-30681	-34759	
-29027	-31084	-34719	
-29006	-31016	-34737	
-28167	-31296	-34729	
-28993	-30861	-34804	
-31021	-37063	-28772	
-27825	-31044	-34749	
-30929	-37017	-28879	
-28864	-30957	-34757	
-30887	-37036	-29046	
-28542	-30999	-34779	
-30830	-37070	-29322	
-28421	-31002	-34740	
-29059	-30331	-34781	
-28662	-30925	-34775	
-31367	-37120	-27875	
-28607	-30549	-34875	
-28282	-30845	-34865	
-30538	-37109	-28978	
-31289	-37109	-27910	
-31107	-37104	-28047	
-31065	-37123	-28214	
-31210	-37131	-27785	
-30995	-37119	-28243	
-30765	-37112	-28538	
-27715	-29443	-34982	
-31137	-37151	-27280	
-30940	-37153	-27603	
-30475	-37138	-28405	
-30929	-37132	-27894	
-30834	-37173	-28026	
-30808	-37169	-28223	
-30907	-37189	-27596	
-30020	-37143	-28301	
-30716	-37196	-28146	
-27379	-28910	-34992	
-26655	-29049	-34989	
