-34675	-32844	-27747	
-34635	-31913	-28002	
-34606	-32572	-28199	
-34589	-33240	-28525	
-34533	-32368	-28577	
-34521	-32649	-28807	
-34485	-33434	-29288	
-34627	-33084	-27932	
-34575	-33383	-27745	
-34385	-33555	-29350	
-34372	-33333	-29352	
-34574	-33574	-27825	
-34338	-33039	-29536	
-34573	-33685	-27892	
-34305	-33766	-29659	
-34559	-33828	-27112	
-34304	-34375	-29675	
-34218	-33458	-29786	
-34520	-34281	-27568	
-34183	-34090	-29787	
-34178	-34042	-29886	
-34167	-33244	-29888	
-34132	-33876	-29889	
-34127	-33828	-29988	
-34113	-34208	-30033	
-34071	-34589	-30081	
-34063	-33346	-30147	
-34447	-34419	-28721	
-34062	-33956	-30256	
-34046	-34014	-30473	
-34433	-34562	-27941	
-34426	-34586	-28318	
-34391	-34687	-27470	
-33995	-33800	-30575	
-34364	-34705	-27052	
-34358	-34799	-27162	
-33881	-34897	-30643	
-34326	-34861	-27645	
-33857	-34363	-30689	
-34316	-34896	-28755	
-34304	-34910	-28446	
-33830	-34683	-30745	
-34302	-35039	-27975	
-33793	-33587	-30764	
-33772	-32756	-30791	
-33759	-33922	-30902	
-34292	-35106	-27471	
-34278	-35249	-26691	
-33710	-34969	-30938	
-33709	-33629	-30996	
-34250	-35257	-27650	
-33654	-34672	-31149	
-34199	-35333	-27017	
-34188	-35376	-26384	
-34136	-35451	-29186	
-33570	-34477	-31178	
-34136	-35530	-26955	
-33538	-32922	-31203	
-33490	-34084	-31511	
-34096	-35543	-27431	
-34080	-35650	-27223	
-34070	-35685	-28333	
-34058	-35699	-28024	
-34056	-35828	-27553	
-34032	-35890	-27408	
-33353	-34345	-31524	
-33312	-34988	-31527	
-33301	-34391	-31568	
-34018	-35984	-28146	
-33279	-33759	-31641	
-33984	-35991	-27571	
-33260	-32797	-31802	
-33947	-36004	-27136	
-33928	-36084	-28171	
-33925	-36086	-27043	
-33914	-36109	-27817	
-33909	-36160	-27729	
-33890	-36240	-28764	
-33179	-33416	-31827	
-33129	-33345	-31834	
-33093	-33938	-31928	
-33876	-36265	-28410	
-33837	-36314	-27573	
-33825	-36328	-27264	
-33074	-34166	-32074	
-33795	-36340	-27103	
-33792	-36433	-27945	
-33792	-36440	-26956	
-33778	-36538	-27764	
-33052	-33819	-32096	
-32951	-33970	-32172	
-33759	-36545	-27637	
-33754	-36596	-27549	
-32909	-35049	-32244	
-33721	-36701	-28230	
-32844	-33090	-32254	
-32818	-33904	-32299	
-33669	-36703	-28266	
-33639	-36715	-28105	
-33639	-36833	-27679	
-32807	-33829	-32364	
-32767	-33690	-32401	
-33625	-36858	-27325	
-32733	-34025	-32539	
-33560	-36875	-28608	
-33557	-36990	-28066	
-33529	-37005	-28867	
-33510	-37009	-27023	
-33502	-37036	-27239	
-32620	-32319	-32576	
-33484	-37151	-27925	
-32581	-33869	-32688	
-33470	-37294	-27145	
-32515	-33263	-32692	
-32513	-33705	-32757	
-32488	-33806	-32782	
-32391	-34122	-32816	
-33356	-37302	-28057	
-33354	-37384	-28025	
-32380	-33639	-32884	
-33318	-37458	-28650	
-32336	-33879	-32956	
-33309	-37468	-27523	
-33295	-37493	-27169	
-32261	-33278	-33048	
-33252	-37530	-28033	
-33214	-37686	-28626	
-32161	-34826	-33054	
-32143	-33016	-33084	
-32140	-33973	-33112	
-32135	-33420	-33127	
-32110	-34612	-33156	
-33103	-37702	-27522	
-33073	-37810	-27695	
-32085	-34713	-33181	
-32039	-33164	-33245	
-33021	-37849	-28325	
-31983	-33493	-33301	
-32928	-37991	-28032	
-31902	-34112	-33326	
-31888	-33546	-33403	
-32871	-38146	-28317	
-31858	-34185	-33447	
-31787	-33587	-33457	
-31761	-33103	-33498	
-31753	-33922	-33595	
-32773	-38218	-28621	
-31650	-33958	-33601	
-31626	-33479	-33690	
-32678	-38309	-28016	
-32580	-38381	-28320	
-31535	-33160	-33748	
-32550	-38467	-28119	
-31438	-33378	-33751	
-31408	-32717	-33843	
-32468	-38502	-28001	
-31310	-32839	-33981	
-32438	-38610	-28174	
-32357	-38630	-27818	
-32318	-38668	-28821	
-31149	-33329	-34018	
-32229	-38716	-28452	
-31131	-33419	-34064	
-32155	-38723	-28347	
-32117	-38724	-28225	
-32113	-38752	-28431	
-31062	-34294	-34101	
-32098	-38878	-28632	
-34613	-32009	-27961	
-31004	-32976	-34159	
-30939	-34920	-34162	
-30935	-33851	-34196	
-32031	-38893	-29753	
-32031	-38988	-28526	
-30849	-33152	-34225	
-30796	-34002	-34243	
-30777	-33906	-34262	
-30763	-33516	-34317	
-31922	-39024	-28688	
-31838	-39056	-29452	
-30686	-34797	-34320	
-30595	-34478	-34378	
-31759	-39079	-28214	
-34568	-33391	-27942	
-34536	-33350	-28043	
-34498	-33000	-28578	
-31740	-39115	-27831	
-34488	-32791	-28608	
-34520	-33631	-28127	
-34535	-33647	-27906	
-34510	-33727	-27917	
-30578	-33240	-34396	
-34496	-33926	-28048	
-34501	-33322	-28446	
-31671	-39125	-29642	
-30543	-33872	-34397	
-30543	-33289	-34403	
-31655	-39145	-28802	
-30531	-34110	-34512	
-34494	-33785	-28134	
-34492	-33747	-28503	
-31620	-39201	-29009	
-34486	-33966	-28265	
-34485	-34263	-28128	
-31612	-39249	-29429	
-34482	-33787	-28720	
-31582	-39357	-29602	
-30440	-33791	-34570	
-34470	-34068	-28950	
-34349	-34705	-27833	
-34342	-34754	-27853	
-34471	-33459	-28934	
-34363	-34680	-28187	
-34458	-34082	-28641	
-34456	-34211	-28170	
-34187	-35351	-27519	
-34180	-35375	-27896	
-34355	-34682	-27911	
-30313	-33348	-34665	
-34433	-33733	-29101	
-34321	-33708	-29442	
-34320	-34317	-29458	
-34423	-33547	-29250	
-31333	-39380	-29315	
-34325	-34836	-28780	
-34364	-34006	-29129	
-34194	-35313	-28814	
-31300	-39409	-28678	
-34377	-34537	-28967	
-34363	-33614	-29144	
-34370	-34189	-29012	
-34335	-33629	-29171	
-34323	-33673	-29198	
-34278	-35101	-27830	
-34333	-33854	-29163	
-34418	-34367	-28763	
-31293	-39423	-28045	
-34408	-34181	-28912	
-34354	-34588	-28293	
-34109	-35471	-27489	
-31261	-39471	-29653	
-34327	-34559	-28675	
-30070	-34423	-34756	
-34207	-35110	-27739	
-34201	-35208	-28299	
-34340	-34301	-29050	
-34274	-34922	-28285	
-34271	-35022	-28138	
-34331	-34262	-29093	
-31182	-39539	-28778	
-34234	-35028	-28692	
-34206	-35032	-28584	
-34212	-33707	-29748	
-34095	-35496	-28136	
-34306	-34342	-29104	
-34071	-35539	-27686	
-34311	-34602	-28805	
-34290	-34400	-29321	
-34248	-34606	-29071	
-34255	-34422	-29290	
-34204	-34496	-29737	
-34242	-34680	-28915	
-34160	-35320	-28239	
-34155	-35371	-28151	
-29852	-33661	-34909	
-34229	-34681	-28813	
-34225	-34957	-28842	
-34242	-34423	-29188	
-34236	-34661	-29503	
-31078	-39560	-29003	
-34203	-34773	-29195	
-34209	-34679	-29152	
-31034	-39611	-29020	
-34049	-35753	-27931	
-34189	-35019	-28864	
-34152	-35339	-28344	
-34179	-34833	-29013	
-34025	-35811	-27716	
-34170	-35116	-29048	
-34177	-34808	-29183	
-34149	-34389	-29753	
-34142	-34273	-29792	
-34140	-34649	-29829	
-34168	-34724	-29449	
-34220	-34438	-29520	
-34167	-34834	-29132	
-34186	-35129	-28855	
-34166	-35145	-29263	
-30934	-39668	-27873	
-34052	-35460	-28406	
-34047	-35553	-28583	
-34150	-35203	-29480	
-34200	-34603	-29651	
-34105	-34254	-29943	
-34062	-33994	-30135	
-34081	-34549	-29864	
-34045	-35574	-28386	
-34141	-35259	-29049	
-34012	-35823	-28705	
-34038	-35644	-28367	
-34031	-34648	-30135	
-34044	-35562	-29322	
-34138	-34783	-29641	
-34030	-35587	-28968	
-34036	-35572	-29248	
-34028	-34329	-30273	
-33781	-36434	-27841	
-30825	-39704	-28035	
-34137	-35080	-29504	
-34011	-35909	-28524	
-34103	-35415	-29642	
-34100	-34724	-29713	
-33966	-35339	-30328	
-33898	-36087	-27987	
-34070	-34886	-29944	
-34098	-34842	-29695	
-33915	-34562	-30505	
-33940	-35918	-28433	
-33930	-35925	-28217	
-33943	-34099	-30388	
-33891	-34028	-30551	
-33920	-35934	-28841	
-33905	-36062	-28322	
-33952	-35597	-28759	
-33948	-35654	-29169	
-33942	-34242	-30449	
-30749	-39711	-28285	
-29496	-33799	-34938	
-34020	-34375	-30183	
-33533	-33381	-31197	
-30739	-39761	-28585	
-33985	-34537	-30190	
-33944	-35683	-29384	
-34052	-35201	-29744	
-33980	-34434	-30237	
-33904	-35992	-29058	
-33944	-35715	-28964	
-33930	-35918	-29206	
-33996	-34670	-30104	
-33932	-35731	-28875	
-33983	-34671	-30002	
-33982	-34756	-30065	
-33897	-36030	-28898	
-34018	-35185	-29757	
-34013	-34963	-29935	
-33964	-35583	-29068	
-34046	-35431	-29456	
-29478	-33759	-34989	
-33790	-36361	-28826	
-33967	-34971	-29859	
-33734	-36443	-28605	
-33758	-34219	-30765	
-33990	-35448	-29419	
-30539	-39819	-28906	
-33756	-36428	-28386	
-33751	-34537	-30792	
-33507	-33416	-31185	
-33943	-35660	-29581	
-33889	-34826	-30330	
-33909	-35692	-29469	
-33884	-35807	-29261	
-33927	-35377	-29669	
-29425	-32697	-35054	
-33870	-36044	-28882	
-33892	-35446	-29683	
-33923	-35363	-29743	
-33245	-34094	-31779	
-33594	-36841	-27488	
-33807	-36096	-29120	
-33879	-35704	-29308	
-33567	-36849	-28274	
-33889	-35450	-29683	
-33869	-35761	-29346	
-33881	-35460	-29609	
-33876	-35466	-30021	
-33873	-35634	-29617	
-33845	-36032	-28934	
-33800	-36220	-29034	
-33636	-36815	-27958	
-33863	-35724	-29646	
-33818	-36011	-29121	
-33868	-35772	-29547	
-33874	-35833	-29210	
-33866	-35865	-29337	
-33698	-36504	-28542	
-33842	-35498	-29909	
-30509	-39916	-28710	
-33837	-35627	-30044	
-33797	-35930	-29365	
-33871	-35662	-29556	
-33835	-35884	-29239	
-33791	-36070	-29234	
-33814	-35832	-29576	
-33697	-36547	-28446	
-33798	-35890	-29793	
-33842	-34997	-30351	
-33499	-37018	-28756	
-33819	-34944	-30576	
-33793	-34979	-30564	
-33790	-36010	-29660	
-33653	-36690	-28459	
-33615	-36741	-28566	
-33752	-36249	-28841	
-33693	-36368	-28901	
-33799	-35671	-29777	
-33784	-35066	-30490	
-33747	-36279	-29406	
-33690	-36468	-28754	
-33760	-36153	-29174	
-33609	-36794	-28145	
-33802	-34751	-30690	
-33848	-35424	-30065	
-33788	-36096	-29401	
-33723	-36356	-29062	
-33622	-36561	-29125	
-33777	-35125	-30619	
-33752	-36157	-29338	
-33405	-37156	-27490	
-33791	-35480	-30118	
-33660	-36480	-28593	
-33726	-34911	-30721	
-33392	-37228	-27432	
-33742	-34765	-30666	
-33465	-34979	-31206	
-33677	-36439	-29002	
-33777	-35163	-30498	
-33785	-35926	-29857	
-33784	-35577	-30157	
-33445	-34549	-31227	
-33608	-36779	-28406	
-33722	-36357	-29014	
-33752	-35185	-30359	
-33752	-35397	-30159	
-29182	-32206	-35066	
-33740	-35342	-30174	
-33444	-34633	-31228	
-33438	-34224	-31284	
-33739	-35409	-30281	
-33725	-35265	-30392	
-33759	-35637	-29897	
-33372	-37244	-27840	
-33747	-35638	-30016	
-33747	-35676	-29895	
-33640	-36465	-28973	
-33733	-36026	-29474	
-33605	-36589	-28994	
-33369	-37250	-28806	
-33717	-35421	-30476	
-33694	-36118	-29769	
-33731	-35696	-30233	
-33397	-34867	-31287	
-33386	-34270	-31328	
-33687	-36298	-29210	
-33605	-36615	-28600	
-29163	-33198	-35093	
-33729	-35789	-30023	
-33389	-37190	-28365	
-33708	-35100	-30804	
-33713	-36011	-30033	
-33675	-36347	-29424	
-33589	-36673	-28817	
-33536	-36881	-28953	
-33405	-34351	-31245	
-33368	-34264	-31367	
-33715	-35172	-30552	
-33661	-36372	-29070	
-33772	-35616	-30155	
-33718	-35573	-30257	
-33661	-36400	-29036	
-33689	-35207	-30540	
-33263	-35014	-31614	
-33634	-36376	-29747	
-33675	-36257	-29816	
-33558	-35042	-31112	
-33744	-35620	-30047	
-33705	-35744	-30419	
-33112	-33606	-31784	
-33672	-35215	-30721	
-33110	-34435	-31815	
-33670	-35346	-30587	
-33563	-36681	-28571	
-33473	-37022	-28830	
-33248	-34435	-31626	
-33443	-37023	-28404	
-33356	-34829	-31301	
-33408	-37037	-28821	
-33555	-36725	-28641	
-33544	-34512	-31166	
-33407	-37094	-28213	
-33617	-36513	-29224	
-33551	-36719	-28943	
-33475	-34718	-31173	
-33490	-34816	-31166	
-33564	-36669	-29072	
-29097	-32633	-35120	
-33639	-35306	-30811	
-33654	-35404	-30804	
-30410	-39957	-28230	
-33684	-35908	-30395	
-33608	-35221	-30866	
-33346	-34653	-31389	
-33615	-36461	-29228	
-33597	-36383	-29506	
-33660	-35128	-30755	
-33656	-35567	-30430	
-33587	-36419	-29272	
-33646	-35817	-30473	
-33685	-36047	-29919	
-33574	-34984	-30895	
-33575	-36468	-29486	
-33633	-35694	-30497	
-33622	-35561	-30583	
-33677	-36088	-29836	
-33555	-36586	-29213	
-33533	-35119	-30916	
-33563	-36472	-29340	
-33549	-36497	-29987	
-33625	-36055	-30075	
-33609	-36239	-30009	
-33527	-36675	-29626	
-33651	-36020	-30087	
-33586	-35690	-30632	
-33512	-35194	-30960	
-33518	-36789	-29101	
-28866	-31859	-35133	
-33217	-34408	-31734	
-33531	-35149	-30868	
-33639	-35923	-30090	
-33491	-35155	-31107	
-33627	-35924	-30209	
-33570	-35467	-30649	
-33563	-35408	-30858	
-33616	-35971	-30341	
-32586	-34024	-32545	
-33386	-37096	-28932	
-33554	-35525	-30866	
-33326	-35090	-31320	
-33499	-35418	-30882	
-30306	-39978	-28455	
-33313	-34823	-31355	
-33492	-35302	-30921	
-28819	-32077	-35169	
-33610	-36009	-30160	
-33494	-36787	-29318	
-33090	-34108	-31857	
-33577	-36083	-30026	
-33586	-36280	-29748	
-33262	-37468	-28451	
-33465	-35228	-31005	
-33214	-34770	-31764	
-33384	-37142	-28464	
-33468	-35160	-30982	
-33531	-36085	-30069	
-33411	-35041	-31118	
-33542	-36045	-30449	
-33460	-36897	-29048	
-33465	-35190	-31095	
-33390	-34937	-31228	
-33386	-35044	-31142	
-33323	-37325	-28303	
-33557	-36118	-30021	
-33553	-35602	-30667	
-33458	-35325	-31013	
-33525	-36176	-30137	
-33572	-35729	-30530	
-33529	-36046	-30347	
-33330	-35320	-31242	
-33087	-33990	-31909	
-33372	-35241	-31216	
-33550	-35632	-30780	
-33463	-35529	-30920	
-33554	-35928	-30609	
-33372	-37121	-28578	
-33442	-36886	-29056	
-33438	-36797	-29119	
-33423	-36903	-29602	
-30193	-39990	-28217	
-33454	-35270	-31088	
-33520	-36145	-30177	
-33410	-36951	-29080	
-33077	-34347	-31850	
-33452	-35401	-30954	
-33512	-36199	-30317	
-33512	-35682	-30745	
-33475	-36691	-29419	
-33476	-36642	-30023	
-33428	-35538	-31005	
-33401	-37005	-28987	
-33476	-36430	-30223	
-33500	-35885	-30711	
-33412	-35315	-31022	
-33494	-35556	-30812	
-33477	-36529	-29890	
-30164	-40073	-27748	
-33501	-36401	-29988	
-33370	-35282	-31120	
-33365	-35311	-31157	
-33450	-35753	-30842	
-33059	-34221	-31917	
-33400	-37022	-29033	
-33352	-35522	-31016	
-33477	-36553	-29862	
-33336	-35649	-31141	
-33437	-35531	-30844	
-33420	-35793	-30881	
-33274	-35023	-31453	
-33018	-34864	-31920	
-28789	-33296	-35173	
-33320	-35287	-31260	
-33390	-37015	-29294	
-33494	-35997	-30545	
-33455	-36145	-30719	
-33470	-36101	-30324	
-33466	-36088	-30372	
-33313	-35263	-31269	
-33269	-35073	-31362	
-33267	-35331	-31318	
-28786	-32939	-35244	
-33415	-35539	-30903	
-33402	-35667	-30948	
-33361	-35275	-31212	
-33012	-34557	-31953	
-33069	-35078	-31818	
-33364	-37034	-29020	
-33020	-34810	-31824	
-33083	-35318	-31796	
-33363	-37161	-29580	
-33233	-35666	-31456	
-33458	-36020	-30456	
-33223	-37476	-28971	
-33439	-35754	-30771	
-33266	-35415	-31319	
-32994	-34928	-32004	
-33451	-36279	-30224	
-33425	-36216	-30325	
-33330	-35660	-31143	
-33477	-35936	-30583	
-33399	-36805	-29639	
-32943	-34714	-32106	
-33329	-35585	-31222	
-33396	-35678	-30950	
-33369	-35579	-30983	
-33381	-36713	-29787	
-33420	-36266	-30239	
-33450	-36156	-30585	
-33415	-36362	-30259	
-33408	-35910	-30721	
-33404	-35931	-30821	
-33409	-36236	-30663	
-33410	-36359	-30302	
-33357	-35927	-30956	
-33155	-35162	-31615	
-33134	-35532	-31694	
-33292	-37184	-29012	
-32961	-34343	-32055	
-33242	-37320	-28659	
-33387	-36074	-30896	
-33232	-35750	-31457	
-33222	-35069	-31497	
-33460	-36481	-30066	
-33241	-37266	-28967	
-33286	-37217	-28994	
-33386	-35906	-30934	
-33380	-36805	-29920	
-33396	-36460	-30585	
-33069	-37691	-28153	
-33335	-35914	-31121	
-33208	-35216	-31503	
-33059	-37693	-27732	
-33044	-37723	-28475	
-33189	-35077	-31553	
-33400	-36606	-30051	
-33110	-34998	-31740	
-33386	-36601	-30377	
-33238	-35642	-31235	
-33036	-37741	-27983	
-33362	-36852	-29834	
-33181	-35536	-31559	
-32787	-34580	-32284	
-33102	-35179	-31749	
-32757	-34893	-32393	
-33250	-37196	-29019	
-33244	-37182	-29102	
-33214	-37270	-29644	
-33368	-36708	-29923	
-33343	-36864	-29742	
-33356	-36709	-30042	
-33297	-35622	-31189	
-33312	-36947	-29682	
-33295	-36292	-31144	
-33241	-36136	-31146	
-33313	-36734	-30053	
-33308	-36661	-30138	
-33380	-36171	-30904	
-33271	-36976	-29776	
-33142	-35335	-31564	
-33197	-37324	-29119	
-33339	-36354	-30909	
-33329	-35957	-31006	
-33301	-36841	-30047	
-33351	-36373	-30695	
-33287	-36684	-30227	
-33265	-36943	-29817	
-33323	-36031	-30961	
-33240	-36979	-29585	
-33147	-37492	-29066	
-33239	-37092	-29718	
-33264	-36820	-30178	
-33181	-37382	-29336	
-33145	-37499	-28816	
-33252	-36869	-30392	
-33225	-35813	-31198	
-33104	-37517	-29077	
-33340	-36477	-30548	
-29927	-40155	-27035	
-32977	-35189	-31954	
-33249	-36930	-30010	
-33324	-36503	-30397	
-33095	-37632	-28839	
-33272	-36638	-30312	
-33253	-36604	-30412	
-33197	-36074	-31381	
-33246	-36540	-30493	
-32691	-34287	-32397	
-32926	-34975	-32056	
-32689	-34702	-32422	
-33194	-37140	-29926	
-33101	-35444	-31729	
-33263	-36682	-30304	
-33231	-36932	-29870	
-33257	-36416	-30735	
-32679	-34087	-32451	
-28638	-32044	-35261	
-33137	-37494	-28943	
-33110	-37498	-29620	
-33237	-36562	-30463	
-33239	-36502	-30602	
-33131	-35704	-31506	
-33140	-37410	-29078	
-33131	-37405	-29717	
-32671	-34072	-32472	
-32645	-34107	-32460	
-33236	-36705	-30524	
-33000	-37725	-28469	
-32997	-37779	-28452	
-33241	-36467	-30578	
-33236	-36439	-30824	
-32622	-35463	-32454	
-32564	-33919	-32655	
-33154	-37357	-29466	
-33218	-36890	-30234	
-32919	-37906	-28132	
-33077	-37610	-29312	
-32579	-34094	-32486	
-32963	-35604	-31989	
-33077	-35764	-31535	
-33163	-37025	-30241	
-33218	-36801	-30676	
-33026	-37710	-28497	
-32574	-34292	-32538	
-33185	-36913	-30368	
-32961	-37802	-28540	
-33056	-37655	-28665	
-32556	-34663	-32589	
-33061	-35822	-31752	
-33164	-37148	-29880	
-33030	-37639	-28670	
-32959	-37733	-29075	
-33014	-37672	-28857	
-32893	-37865	-28486	
-33138	-37210	-29730	
-32966	-37824	-28388	
-33156	-36257	-31386	
-33128	-35978	-31433	
-33199	-36446	-30869	
-28506	-32399	-35333	
-33186	-36448	-30731	
-33185	-36713	-30711	
-32875	-37887	-28208	
-32991	-35363	-31785	
-32969	-37677	-28920	
-32524	-35585	-32592	
-32506	-34955	-32642	
-33102	-36214	-31488	
-33167	-36587	-30778	
-33149	-37051	-30072	
-32979	-35546	-31772	
-32931	-37777	-29120	
-33107	-37209	-30093	
-32872	-37881	-28337	
-33218	-36300	-31118	
-33018	-37630	-28898	
-32895	-37848	-29141	
-33167	-36350	-31011	
-32858	-35534	-32020	
-33144	-37147	-30092	
-32434	-34097	-32719	
-33138	-36362	-30948	
-33136	-36560	-30886	
-33009	-37631	-29578	
-32995	-37672	-29138	
-32811	-35677	-32163	
-33124	-36472	-31054	
-32928	-37782	-28801	
-33064	-37291	-29742	
-32902	-37797	-28773	
-32404	-34736	-32763	
-32869	-37922	-28499	
-33060	-37376	-29856	
-33114	-37029	-30652	
-32207	-33340	-32960	
-32199	-33325	-32981	
-33045	-36147	-31555	
-33104	-37065	-30117	
-33109	-36956	-30737	
-32191	-34187	-33010	
-32880	-37854	-28649	
-33102	-36304	-31096	
-33083	-37033	-30265	
-33083	-36655	-31059	
-33081	-37141	-30344	
-32971	-35908	-31760	
-33039	-36593	-31294	
-32867	-37967	-28772	
-32422	-34365	-32712	
-33042	-37561	-29566	
-33087	-36495	-30948	
-33053	-37273	-29961	
-33022	-36122	-31658	
-33073	-36258	-31156	
-32174	-34120	-33020	
-32696	-35267	-32279	
-32956	-35752	-31783	
-32720	-35681	-32217	
-32832	-38094	-28834	
-33068	-36670	-30739	
-32930	-37654	-29481	
-33063	-36815	-30754	
-32938	-35626	-31850	
-32656	-35128	-32316	
-33058	-36742	-30839	
-32631	-34813	-32403	
-33051	-37226	-30056	
-33015	-37319	-30087	
-33019	-37498	-29632	
-32909	-35895	-31926	
-32985	-37430	-29916	
-32999	-37377	-30304	
-32927	-37688	-29183	
-32296	-34450	-32862	
-32970	-37579	-30095	
-32917	-37661	-29319	
-32548	-34877	-32571	
-32896	-37662	-29876	
-32891	-37716	-29315	
-33000	-37329	-30071	
-32866	-37869	-29163	
-33052	-36682	-30840	
-33017	-36691	-31036	
-29885	-40202	-28081	
-33050	-37103	-30417	
-33037	-36319	-31320	
-32291	-34243	-32878	
-32999	-36787	-31188	
-32354	-34799	-32791	
-32841	-37952	-29484	
-32881	-37735	-29944	
-32971	-36367	-31348	
-32232	-34107	-32932	
-33011	-36738	-30974	
-32950	-36287	-31662	
-32918	-35934	-31717	
-32962	-37102	-30826	
-32346	-34134	-32802	
-32996	-36794	-30882	
-32985	-36437	-31296	
-32827	-35619	-31946	
-32970	-36921	-30979	
-32848	-37770	-29584	
-32884	-36269	-31855	
-32013	-33530	-33207	
-32820	-35716	-31954	
-32941	-36375	-31531	
-32981	-37251	-30371	
-32969	-36148	-31615	
-32950	-37224	-30479	
-31988	-35029	-33215	
-32908	-36401	-31407	
-32539	-34924	-32539	
-32920	-37587	-29770	
-32669	-38239	-28846	
-32908	-36491	-31315	
-32801	-35997	-31994	
-32900	-36455	-31609	
-32201	-34560	-32893	
-32595	-38249	-29233	
-32827	-38005	-29096	
-32929	-37214	-30518	
-32786	-36051	-32092	
-32875	-36486	-31345	
-32924	-37118	-30802	
-32965	-37490	-30357	
-32848	-36595	-31382	
-32842	-36008	-31921	
-32959	-36705	-31213	
-32266	-34592	-32878	
-32915	-37233	-30564	
-32871	-36488	-31410	
-32189	-34554	-32912	
-28264	-32142	-35341	
-32958	-36970	-31193	
-32935	-36613	-31225	
-32914	-37498	-30544	
-32762	-38097	-29139	
-32375	-35080	-32732	
-32926	-36617	-31248	
-32183	-34931	-32944	
-32286	-34635	-32860	
-32885	-37266	-30976	
-32617	-35717	-32223	
-32000	-33990	-33188	
-32678	-38190	-29271	
-32844	-36801	-31266	
-32615	-35771	-32319	
-31989	-34420	-33199	
-32846	-36515	-31638	
-32807	-36778	-31387	
-32750	-35783	-32096	
-31967	-33620	-33225	
-28218	-32242	-35362	
-32707	-35905	-32139	
-32957	-37029	-30911	
-32823	-37826	-29551	
-31929	-34946	-33300	
-32895	-37605	-30280	
-32816	-36043	-31909	
-32830	-36573	-31855	
-32767	-37958	-29311	
-32810	-37926	-30177	
-32426	-35294	-32630	
-32578	-38311	-29333	
-29648	-40284	-27368	
-32805	-36123	-31902	
-32685	-35737	-32181	
-32734	-38050	-29285	
-32895	-37015	-31164	
-32275	-35201	-32794	
-32609	-35464	-32352	
-32795	-36680	-31500	
-32574	-36096	-32353	
-32269	-35077	-32799	
-32254	-34795	-32844	
-32666	-35985	-32217	
-32828	-37620	-29993	
-32779	-36359	-31957	
-32337	-34849	-32758	
-32816	-37280	-30781	
-32810	-37726	-30520	
-32560	-35510	-32387	
-32794	-37404	-30567	
-32805	-36827	-31248	
-32187	-34708	-32874	
-32305	-35009	-32742	
-32291	-35424	-32777	
-32516	-38396	-28747	
-32763	-37306	-30738	
-32209	-35055	-32852	
-32697	-37961	-29616	
-32640	-37963	-30026	
-32534	-35545	-32375	
-32632	-37968	-29447	
-32716	-36164	-31971	
-32803	-36984	-31271	
-32629	-38024	-29562	
-32367	-35211	-32715	
-32683	-36076	-32006	
-32854	-37198	-31169	
-32738	-37381	-30660	
-32672	-36314	-32116	
-32791	-36905	-31311	
-32511	-38415	-28636	
-32790	-36607	-31585	
-32787	-37042	-31488	
-28138	-32423	-35368	
-32228	-35720	-32802	
-32681	-36173	-32056	
-31867	-34744	-33327	
-32585	-35858	-32243	
-32523	-35882	-32455	
-32446	-38488	-28344	
-32740	-36691	-31725	
-32664	-38215	-28917	
-28125	-32121	-35424	
-32617	-38089	-29876	
-32721	-37420	-30888	
-32680	-36438	-32036	
-32326	-35415	-32692	
-32666	-38093	-29274	
-32663	-38092	-29278	
-32740	-37281	-30841	
-32363	-35344	-32610	
-32736	-37283	-30906	
-32350	-35144	-32725	
-32671	-36841	-31597	
-32712	-37508	-30757	
-32344	-35572	-32621	
-32656	-37941	-29702	
-32348	-35434	-32609	
-32434	-38423	-29611	
-32454	-35663	-32552	
-32610	-38170	-29313	
-32434	-38431	-28629	
-32176	-35014	-32893	
-32602	-38164	-29481	
-32419	-38557	-28830	
-32564	-36237	-32145	
-32743	-37088	-31338	
-32725	-37552	-30521	
-32731	-37210	-30991	
-32199	-35693	-32811	
-32503	-38389	-29295	
-32696	-37592	-30580	
-32714	-37222	-31129	
-32178	-35376	-32831	
-32662	-36871	-31714	
-32421	-35995	-32485	
-32701	-37292	-30991	
-32529	-36246	-32230	
-32627	-36779	-31832	
-32589	-36499	-31919	
-32323	-35535	-32634	
-32668	-37419	-30952	
-32101	-35475	-33048	
-32738	-37782	-30395	
-32171	-35199	-32937	
-32175	-35279	-32873	
-32684	-37235	-31018	
-32669	-37127	-31225	
-32273	-35497	-32636	
-32404	-35743	-32506	
-32694	-37525	-30629	
-32271	-35455	-32746	
-32655	-37402	-31081	
-32442	-35616	-32583	
-32493	-36188	-32378	
-32671	-37588	-30835	
-32265	-36063	-32686	
-32370	-35781	-32587	
-32588	-36764	-31899	
-32477	-38404	-29267	
-32682	-37437	-30764	
-32654	-37244	-31187	
-32532	-38187	-29504	
-32576	-36666	-32012	
-32605	-37280	-31317	
-32622	-36924	-31657	
-32560	-36344	-32059	
-32136	-35831	-32938	
-32519	-38157	-29945	
-31895	-34566	-33301	
-32667	-37794	-30371	
-32296	-35624	-32597	
-32658	-37644	-30571	
-32378	-35778	-32494	
-32045	-34980	-33108	
-32348	-38560	-28648	
-32497	-36378	-32118	
-32460	-36465	-32121	
-32443	-36857	-32226	
-32656	-37817	-30277	
-32498	-38392	-29457	
-32554	-37149	-31414	
-32629	-37567	-31126	
-31399	-34409	-33793	
-32234	-36049	-32701	
-32372	-35903	-32490	
-32658	-37465	-30859	
-32510	-38195	-29343	
-32593	-37023	-31550	
-32655	-37602	-30738	
-32505	-38210	-29557	
-32331	-36086	-32495	
-32486	-36478	-32096	
-32557	-38042	-30091	
-32329	-36462	-32532	
-32654	-37834	-30303	
-32648	-37716	-30671	
-32557	-37184	-31318	
-32502	-38266	-29656	
-32652	-37895	-30216	
-32429	-36271	-32260	
-32621	-37827	-30409	
-32393	-36309	-32440	
-31811	-34684	-33336	
-32146	-35737	-32869	
-32278	-35899	-32556	
-32619	-37728	-30608	
-32546	-36968	-31552	
-32539	-37115	-31419	
-32564	-37952	-30173	
-32586	-37855	-30569	
-32515	-37060	-31682	
-32535	-37206	-31461	
-32617	-37889	-30219	
-31802	-34503	-33395	
-32572	-36891	-31823	
-32550	-37492	-31183	
-32477	-36522	-32088	
-31328	-34586	-33842	
-32416	-36198	-32284	
-32266	-36009	-32563	
-32414	-36341	-32292	
-32541	-37322	-31363	
-32407	-38436	-28861	
-31711	-34184	-33453	
-32617	-37648	-30864	
-32573	-37876	-30364	
-31691	-33969	-33528	
-31526	-34852	-33698	
-32391	-38510	-28976	
-31579	-33752	-33617	
-31465	-33251	-33738	
-32552	-38045	-30253	
-32544	-37292	-31250	
-32513	-37095	-31513	
-32363	-36281	-32449	
-31681	-34972	-33497	
-32521	-36677	-31925	
-31564	-33526	-33623	
-32024	-35087	-33067	
-32515	-37956	-30584	
-32487	-36718	-31948	
-32510	-36944	-31888	
-31559	-34257	-33627	
-32611	-37713	-30820	
-32468	-38198	-29940	
-32494	-37102	-31629	
-31740	-35111	-33416	
-32490	-37108	-31465	
-32529	-37361	-31221	
-32474	-37243	-31687	
-32385	-38474	-29032	
-32482	-38083	-30545	
-32392	-36643	-32328	
-32558	-37765	-30633	
-32446	-36901	-31953	
-31734	-34312	-33424	
-32554	-37872	-30547	
-32601	-37706	-31081	
-32461	-38303	-29788	
-32503	-37475	-31255	
-31985	-35629	-33102	
-31665	-34004	-33516	
-32487	-37013	-31828	
-32357	-38511	-29073	
-31684	-34241	-33431	
-32552	-37753	-30696	
-29616	-40327	-27166	
-32197	-35951	-32767	
-32463	-38221	-29820	
-31661	-34476	-33506	
-31650	-35211	-33531	
-32343	-38536	-29720	
-32472	-37529	-31315	
-32446	-38185	-30105	
-31432	-33814	-33722	
-31308	-34090	-33851	
-31650	-34576	-33569	
-32444	-37482	-31461	
-32506	-37797	-30688	
-31303	-33754	-33943	
-31964	-35117	-33113	
-32498	-37791	-30996	
-32501	-37961	-30540	
-32447	-38308	-29744	
-31759	-35686	-33352	
-31947	-35050	-33123	
-28097	-32476	-35428	
-31704	-34331	-33418	
-31419	-33458	-33748	
-32423	-37029	-31789	
-32491	-37864	-30596	
-31906	-35307	-33206	
-31757	-35085	-33370	
-32253	-36248	-32556	
-32271	-38568	-29623	
-32484	-37816	-30642	
-32416	-37055	-31821	
-27844	-32340	-35442	
-32454	-37993	-30609	
-31748	-35089	-33393	
-32245	-36270	-32579	
-31637	-34220	-33595	
-32405	-37257	-31492	
-32430	-38244	-30066	
-32440	-37893	-30730	
-32406	-37172	-31864	
-32198	-38673	-28675	
-32182	-38710	-29097	
-32390	-37330	-31605	
-32425	-38377	-30413	
-32088	-35476	-32946	
-32258	-38575	-28826	
-32047	-35537	-32960	
-32211	-36125	-32598	
-32257	-38632	-29135	
-32484	-36992	-31875	
-32355	-36958	-31966	
-31888	-35150	-33277	
-32436	-37588	-31250	
-32170	-36355	-32669	
-32039	-35522	-32981	
-32423	-37835	-30783	
-32013	-35557	-32969	
-32063	-35898	-32836	
-32384	-36948	-31886	
-32339	-37016	-32183	
-32292	-36665	-32420	
-32126	-35972	-32730	
-32429	-37702	-31183	
-32044	-35984	-32759	
-32365	-37635	-31515	
-32419	-37944	-30910	
-32029	-36053	-32723	
-31181	-33647	-33946	
-32040	-35960	-32810	
-31894	-35310	-33160	
-31879	-35395	-33121	
-32351	-37183	-31777	
-32293	-37290	-31655	
-32161	-36359	-32692	
-32316	-37192	-31973	
-32009	-35993	-32844	
-31983	-35730	-33070	
-32196	-38633	-28822	
-32186	-38635	-29035	
-27822	-30673	-35471	
-32008	-36258	-32824	
-32335	-37341	-31518	
-32380	-37581	-31417	
-32155	-36370	-32694	
-31417	-34086	-33717	
-32329	-37367	-31519	
-32301	-37382	-31541	
-32290	-37269	-31702	
-32062	-36195	-32699	
-31802	-35547	-33228	
-32230	-36779	-32246	
-32038	-35875	-32899	
-32430	-37771	-31038	
-32022	-36200	-32706	
-32399	-37703	-31231	
-32290	-37220	-31735	
-31828	-35181	-33223	
-32293	-37404	-31564	
-32204	-37015	-32301	
-32392	-38017	-30821	
-32085	-38855	-29453	
-32259	-36577	-32455	
-32238	-37403	-31779	
-31803	-35282	-33248	
-31829	-35568	-33106	
-32273	-37394	-31583	
-32398	-37912	-31058	
-32255	-37229	-32199	
-32285	-37196	-31787	
-32189	-38627	-29477	
-31990	-36000	-32934	
-32345	-38007	-31231	
-31931	-35835	-32960	
-32196	-36711	-32530	
-32273	-38426	-29928	
-32113	-36409	-32597	
-31781	-35517	-33259	
-32260	-37565	-31546	
-32400	-38118	-30427	
-32363	-38029	-30758	
-31889	-35768	-33004	
-32397	-38189	-30516	
-31779	-35190	-33260	
-31772	-35185	-33271	
-32353	-38032	-30553	
-32286	-38193	-30908	
-32247	-37442	-31570	
-32296	-37636	-31310	
-32091	-36641	-32561	
-32273	-37662	-31371	
-32221	-36823	-32238	
-31888	-36033	-32984	
-31976	-36076	-32877	
-32231	-37500	-31787	
-32174	-36898	-32352	
-32226	-37241	-31824	
-32169	-38678	-30563	
-29319	-40420	-27174	
-32255	-37819	-31315	
-32090	-36471	-32571	
-32206	-37307	-31921	
-31879	-35958	-33046	
-31546	-34804	-33545	
-32232	-38540	-30112	
-31789	-35770	-33130	
-32073	-36651	-32620	
-31887	-35683	-33093	
-32005	-36592	-32811	
-32040	-36763	-32624	
-32124	-36865	-32518	
-31901	-36087	-32932	
-32040	-36427	-32663	
-31765	-35639	-33170	
-31893	-36353	-32886	
-32255	-38414	-30262	
-31857	-35790	-33088	
-31730	-35303	-33361	
-32237	-37693	-31382	
-32211	-37757	-31550	
-32146	-37621	-32027	
-32203	-37504	-31679	
-31691	-35552	-33367	
-32091	-38679	-29211	
-32169	-37622	-31559	
-32153	-37680	-31776	
-32216	-37830	-31465	
-32253	-38305	-30600	
-31763	-35549	-33175	
-32181	-38616	-29479	
-32173	-38573	-29569	
-31851	-35915	-33084	
-31246	-34217	-33917	
-31092	-35147	-33962	
-31878	-36149	-32906	
-31854	-36400	-33005	
-31757	-35911	-33150	
-31780	-35994	-33101	
-31090	-34538	-34004	
-31632	-35243	-33447	
-32102	-36966	-32370	
-27817	-31936	-35517	
-31780	-35814	-33122	
-32097	-37207	-32227	
-31746	-36149	-33260	
-31580	-35289	-33491	
-31478	-34876	-33652	
-31817	-35969	-33014	
-32022	-38903	-28626	
-31806	-36045	-33013	
-32267	-38017	-31084	
-31793	-36210	-33083	
-31351	-34433	-33747	
-31460	-34908	-33568	
-32020	-37154	-32259	
-32013	-37095	-32510	
-32258	-38146	-31054	
-31344	-35348	-33709	
-31568	-35492	-33457	
-31946	-38951	-28806	
-32197	-37965	-31397	
-31452	-34915	-33637	
-31449	-35161	-33573	
-32081	-37334	-32151	
-32245	-38262	-30690	
-31165	-34375	-33928	
-31076	-34684	-34046	
-32001	-36604	-32631	
-31994	-38899	-28857	
-31918	-36844	-32722	
-31698	-39080	-27901	
-31165	-33792	-33934	
-32203	-38343	-30425	
-31160	-34786	-33940	
-31966	-36826	-32563	
-31408	-34954	-33612	
-32087	-37768	-31707	
-31849	-36507	-32872	
-32163	-38245	-31060	
-31389	-35182	-33623	
-31988	-37362	-32288	
-31324	-34852	-33718	
-32134	-38266	-31082	
-32063	-37798	-31646	
-32112	-38031	-31162	
-31643	-35796	-33276	
-32010	-37375	-32123	
-31316	-35065	-33748	
-32101	-38378	-30774	
-32074	-37276	-32167	
-31217	-34981	-33909	
-31930	-37142	-32345	
-31933	-38928	-29627	
-31527	-35342	-33459	
-32180	-37889	-31400	
-31515	-35257	-33506	
-31890	-37144	-32525	
-31538	-35798	-33380	
-31490	-35569	-33476	
-32040	-37905	-31417	
-31640	-35788	-33292	
-31879	-36928	-32759	
-32096	-38089	-31379	
-31993	-37435	-32203	
-32012	-37812	-31494	
-31987	-37889	-31769	
-31533	-35562	-33418	
-31619	-35706	-33355	
-31771	-36677	-33014	
-31355	-35945	-33668	
-31456	-35226	-33523	
-31635	-35781	-33297	
-31458	-35680	-33483	
-31996	-37456	-32156	
-31433	-35288	-33497	
-31427	-35463	-33521	
-31783	-36558	-32823	
-31292	-34818	-33833	
-31454	-35696	-33486	
-32106	-38028	-31261	
-31864	-38962	-29943	
-31377	-35185	-33577	
-31726	-36222	-33080	
-31368	-35780	-33598	
-31885	-37153	-32377	
-31865	-36616	-32771	
-31606	-35719	-33344	
-31389	-35610	-33530	
-31720	-36463	-33116	
-31866	-37272	-32427	
-31894	-38936	-29184	
-31392	-35299	-33523	
-31624	-35876	-33273	
-31818	-36965	-32784	
-31842	-38972	-29031	
-31513	-35657	-33391	
-31855	-36836	-32771	
-32018	-37679	-31894	
-31868	-38948	-29279	
-31498	-35529	-33429	
-31609	-35872	-33289	
-32028	-37706	-31764	
-31824	-37023	-32533	
-31468	-36036	-33407	
-32055	-38171	-31119	
-31945	-38031	-31578	
-31975	-37931	-31409	
-31537	-35824	-33298	
-31988	-38697	-29764	
-32030	-38494	-31058	
-31466	-35658	-33460	
-31976	-38841	-30262	
-31524	-35942	-33346	
-31910	-37514	-32061	
-32024	-38121	-31282	
-31554	-35891	-33288	
-31675	-36723	-33124	
-31817	-37082	-32554	
-31541	-36153	-33282	
-32079	-38490	-30647	
-31503	-35677	-33390	
-31911	-37871	-31820	
-31653	-36376	-33146	
-31490	-35939	-33384	
-31893	-37706	-32124	
-31711	-37128	-32857	
-31801	-37140	-32771	
-32014	-38354	-31124	
-32002	-38447	-31204	
-31602	-36498	-33209	
-31242	-35561	-33769	
-31862	-37321	-32428	
-31989	-37660	-32014	
-31511	-36648	-33380	
-31911	-37370	-32262	
-31457	-35712	-33434	
-31842	-37194	-32430	
-31808	-37202	-32489	
-31849	-37551	-32287	
-31885	-37713	-31903	
-31455	-36088	-33471	
-31844	-37784	-31846	
-31916	-37987	-31614	
-31989	-38145	-31260	
-31825	-37635	-32301	
-31811	-37107	-32530	
-31686	-36730	-32887	
-31798	-37337	-32389	
-31839	-37850	-31908	
-31936	-38133	-31393	
-31764	-37672	-32527	
-31686	-36600	-33103	
-31895	-37998	-31744	
-31880	-38192	-31467	
-31548	-36280	-33219	
-31778	-37345	-32303	
-31986	-38166	-31227	
-31912	-38259	-31288	
-31670	-37311	-32862	
-31923	-38230	-31222	
-31827	-37759	-32103	
-31670	-36926	-32923	
-31755	-37190	-32622	
-31388	-35870	-33472	
-31372	-35974	-33477	
-31207	-34990	-33774	
-31997	-38606	-30750	
-31875	-38170	-31619	
-31198	-34994	-33797	
-31191	-35347	-33871	
-31678	-37240	-32549	
-31815	-37917	-31930	
-31597	-36863	-32947	
-27449	-31960	-35552	
-31831	-37872	-31787	
-31888	-37940	-31760	
-31361	-35898	-33486	
-31749	-37939	-32092	
-31558	-36781	-32952	
-31868	-38196	-31339	
-31842	-38282	-31311	
-31534	-36803	-33061	
-31810	-38120	-31749	
-31818	-38366	-31325	
-31807	-38099	-31796	
-31910	-38745	-30573	
-31528	-36561	-33148	
-31798	-38220	-31546	
-30904	-34349	-34167	
-31884	-38532	-30941	
-30842	-34067	-34187	
-31376	-36253	-33417	
-31634	-37727	-32131	
-31823	-38351	-31284	
-31777	-38227	-31455	
-31591	-38106	-32261	
-31532	-36872	-33034	
-31667	-37329	-32578	
-31757	-38403	-31551	
-31764	-38969	-29504	
-31516	-36991	-32866	
-31740	-37943	-32115	
-31743	-38071	-31918	
-31496	-37401	-32873	
-31716	-39021	-29453	
-31468	-36945	-33034	
-31607	-37417	-32598	
-31028	-34708	-34000	
-31333	-36412	-33599	
-30715	-33624	-34282	
-31116	-35626	-33873	
-31739	-38968	-29687	
-31002	-34747	-33985	
-31464	-37112	-32945	
-31894	-38691	-30665	
-31849	-38564	-30916	
-31625	-37771	-32123	
-31206	-35969	-33694	
-31764	-38907	-29973	
-30989	-35183	-33968	
-31411	-36754	-33069	
-31759	-38934	-30088	
-30705	-33683	-34301	
-31860	-38783	-30398	
-31393	-36733	-33117	
-31552	-37396	-32599	
-31189	-35524	-33775	
-31512	-37343	-32656	
-31379	-36817	-33139	
-31813	-38587	-30884	
-31711	-38145	-31906	
-31200	-35980	-33696	
-30761	-34634	-34244	
-31124	-35646	-33729	
-31809	-38610	-30903	
-31367	-36738	-33179	
-31430	-37031	-33037	
-31707	-38370	-31717	
-31758	-38818	-30747	
-30692	-34218	-34279	
-31429	-37063	-33045	
-31753	-38529	-31352	
-31601	-37471	-32551	
-31578	-37804	-32317	
-31654	-39046	-30723	
-31633	-38036	-31930	
-31370	-36937	-33074	
-31612	-38001	-31982	
-31046	-35155	-33909	
-31563	-37557	-32554	
-31727	-38916	-30417	
-31045	-35420	-33889	
-31848	-38792	-30614	
-31562	-37589	-32562	
-31464	-37593	-32609	
-31119	-35602	-33735	
-31728	-38639	-30959	
-31115	-35650	-33752	
-31363	-36875	-33356	
-31109	-35697	-33739	
-31758	-38627	-30780	
-28987	-40466	-26835	
-31030	-35194	-33895	
-30918	-34977	-33984	
-31525	-37792	-32450	
-31709	-38608	-31109	
-31459	-37447	-32701	
-31107	-35805	-33701	
-30976	-35445	-33962	
-31409	-37154	-32939	
-31103	-35888	-33867	
-30898	-35119	-33985	
-30888	-35077	-34149	
-31731	-38825	-30375	
-31656	-38156	-31819	
-31296	-35981	-33608	
-31679	-38723	-30784	
-31331	-37067	-33092	
-31639	-38299	-31894	
-31667	-38946	-30097	
-31458	-37580	-32744	
-31351	-37064	-32999	
-31392	-37266	-32933	
-30817	-35156	-34166	
-31676	-38720	-30801	
-31152	-36031	-33606	
-31300	-37235	-33040	
-31250	-36491	-33457	
-31326	-36921	-33184	
-31133	-36083	-33614	
-31620	-38695	-30998	
-31666	-38953	-30643	
-31085	-36012	-33649	
-31655	-38955	-30313	
-31575	-37825	-32284	
-31589	-38455	-31454	
-31647	-39055	-29769	
-31669	-38925	-30294	
-31077	-36194	-33682	
-31317	-36925	-33207	
-31296	-36931	-33252	
-31681	-38561	-31255	
-30885	-35126	-34020	
-31241	-37055	-33178	
-31561	-37843	-32315	
-30878	-35355	-34007	
-31634	-39058	-29789	
-31216	-36527	-33424	
-31445	-37810	-32603	
-31546	-39103	-30010	
-31351	-37449	-32938	
-31484	-37975	-32455	
-31578	-38336	-32120	
-31053	-35971	-33750	
-30924	-35904	-33882	
-31205	-36650	-33445	
-31429	-37457	-32769	
-31592	-38648	-31144	
-30883	-35661	-33953	
-31603	-38832	-30825	
-30690	-34713	-34261	
-31141	-36572	-33558	
-31641	-38744	-30779	
-31274	-37098	-33075	
-31531	-38467	-31487	
-31588	-38732	-30912	
-27200	-31232	-35582	
-31561	-38408	-31600	
-31556	-38567	-31146	
-31535	-38423	-31485	
-31508	-38678	-31208	
-30986	-36003	-33692	
-30864	-35264	-34013	
-31638	-38906	-30789	
-31394	-37596	-32705	
-31499	-38504	-31401	
-31196	-37135	-33207	
-30974	-35999	-33697	
-30963	-36336	-33777	
-31311	-37674	-32677	
-31194	-37364	-32962	
-31274	-37499	-32865	
-31453	-38464	-31639	
-31046	-36214	-33633	
-31205	-37079	-33078	
-31540	-38539	-31279	
-31508	-39270	-29654	
-31187	-36682	-33395	
-30748	-34705	-34178	
-31560	-38685	-31058	
-30794	-35253	-34113	
-31480	-39117	-30416	
-31014	-36550	-33675	
-31499	-38722	-31284	
-31526	-38557	-31310	
-31496	-38495	-31427	
-31126	-37325	-33051	
-31189	-37312	-33007	
-31474	-38733	-30881	
-31441	-38772	-30930	
-30699	-35099	-34184	
-31161	-36717	-33383	
-31465	-38376	-31653	
-30855	-35378	-33992	
-31109	-37145	-33088	
-31448	-38508	-31386	
-31458	-38486	-31487	
-31027	-35713	-33871	
-31473	-39144	-30108	
-31198	-37543	-32760	
-31438	-38541	-31627	
-31105	-37194	-33089	
-31168	-37088	-33353	
-30767	-35815	-34007	
-31177	-37539	-32949	
-31155	-36786	-33409	
-30773	-35285	-34038	
-31434	-38667	-31428	
-30959	-35953	-33782	
-31090	-36601	-33447	
-31488	-38724	-30954	
-31087	-36593	-33463	
-31193	-37661	-32711	
-31422	-38392	-31720	
-30770	-35287	-34022	
-30780	-35697	-33959	
-30756	-35311	-34084	
-31243	-37727	-32638	
-31264	-37857	-32571	
-31122	-36801	-33420	
-31397	-38383	-32088	
-30918	-36596	-33785	
-31064	-37377	-33094	
-31424	-38819	-30954	
-31407	-38025	-32382	
-30966	-36611	-33475	
-31153	-37841	-32846	
-30889	-36145	-33849	
-30842	-35684	-33920	
-31046	-37325	-33101	
-30746	-35550	-34051	
-31061	-36838	-33445	
-31426	-38808	-30881	
-31541	-39081	-30162	
-31370	-38470	-31804	
-31423	-39166	-29899	
-31381	-38807	-31021	
-30954	-37001	-33518	
-31026	-37328	-33194	
-31176	-37542	-32866	
-30840	-35712	-33929	
-31087	-37527	-33035	
-31527	-38122	-32222	
-30820	-35807	-33902	
-31089	-36871	-33371	
-31225	-37950	-32465	
-30667	-34810	-34208	
-31122	-37518	-32950	
-31197	-37903	-32611	
-31336	-38202	-32431	
-30658	-35340	-34186	
-31201	-38034	-32479	
-31370	-38854	-31054	
-31422	-39200	-29797	
-30632	-34859	-34232	
-31431	-38651	-31461	
-30797	-35764	-33949	
-31355	-38737	-31137	
-30720	-35316	-34052	
-30626	-35453	-34211	
-30711	-35909	-34068	
-31380	-38841	-30919	
-31392	-38621	-31477	
-31007	-37013	-33385	
-30784	-36026	-33943	
-31051	-37122	-33302	
-31347	-38604	-31491	
-30913	-37184	-33523	
-31346	-38816	-31106	
-30488	-34554	-34385	
-30835	-36294	-33852	
-30913	-36799	-33584	
-30691	-35168	-34152	
-31074	-37624	-32864	
-31364	-38495	-31780	
-31335	-38697	-31571	
-30791	-36153	-33880	
-30989	-36992	-33433	
-31140	-38071	-32705	
-30474	-34164	-34440	
-31320	-38858	-30830	
-31020	-37315	-33329	
-31318	-38413	-31945	
-31364	-39208	-29707	
-31046	-37710	-33040	
-31313	-38886	-31057	
-31361	-39237	-30023	
-30631	-35438	-34069	
-30620	-35058	-34238	
-31343	-38730	-31292	
-31311	-38767	-31206	
-30629	-34851	-34248	
-31297	-38571	-31657	
-30470	-34644	-34431	
-30733	-35812	-34045	
-31303	-38314	-32123	
-31208	-38260	-32298	
-31221	-38030	-32439	
-30569	-34844	-34340	
-31007	-37545	-33188	
-30852	-36264	-33790	
-31269	-38441	-31955	
-31239	-38537	-31702	
-31345	-38970	-30727	
-31333	-39160	-30774	
-30615	-34997	-34290	
-31311	-38907	-30831	
-31289	-38889	-31176	
-30893	-36802	-33677	
-31275	-38758	-31479	
-30600	-35488	-34199	
-31437	-39139	-30549	
-31204	-38546	-31787	
-30494	-35123	-34342	
-30745	-36000	-33954	
-31294	-38982	-30819	
-31353	-39266	-29709	
-31213	-38442	-31834	
-31136	-38574	-31974	
-31284	-38970	-30901	
-31257	-38588	-31595	
-30182	-33973	-34574	
-30596	-36070	-34070	
-30730	-35907	-34017	
-30552	-35516	-34150	
-31143	-38365	-32130	
-30165	-33688	-34582	
-31150	-38705	-31671	
-31217	-38782	-31308	
-31115	-38318	-32276	
-31299	-39304	-30009	
-30748	-36290	-33922	
-31445	-39069	-30488	
-31292	-39163	-30310	
-30547	-35825	-34075	
-30585	-35442	-34284	
-28822	-40495	-26109	
-30335	-34315	-34487	
-31266	-39205	-30034	
-31163	-38409	-32000	
-30137	-34043	-34586	
-30527	-35520	-34091	
-30367	-34680	-34437	
-30524	-35702	-34077	
-31244	-39247	-30663	
-31272	-38979	-31117	
-30518	-35766	-34190	
-31187	-38792	-31259	
-30117	-33553	-34640	
-30225	-35110	-34564	
-31088	-38163	-32458	
-30798	-37012	-33531	
-30724	-36477	-33786	
-30706	-36320	-33857	
-31184	-38852	-31460	
-30866	-38129	-32752	
-30959	-37765	-32881	
-30767	-36814	-33663	
-30673	-36453	-33998	
-31108	-38527	-32120	
-30844	-37344	-33212	
-30652	-37027	-33600	
-30408	-34691	-34364	
-31132	-38578	-31690	
-30990	-38206	-32459	
-30976	-38082	-32520	
-31149	-38344	-32115	
-27186	-31272	-35590	
-31083	-38605	-31728	
-31291	-39363	-29480	
-30805	-37462	-33223	
-31012	-38207	-32353	
-30745	-36282	-33938	
-31078	-38521	-32164	
-30920	-38086	-32552	
-30882	-38172	-32555	
-30951	-38244	-32378	
-30400	-34735	-34421	
-31282	-39375	-29363	
-30942	-37795	-32943	
-30890	-39647	-29485	
-30707	-37466	-33270	
-30834	-37979	-32922	
-30785	-37553	-33117	
-31151	-39480	-29274	
-30846	-36750	-33773	
-30768	-37665	-33111	
-30826	-37239	-33364	
-31049	-38584	-31855	
-30943	-38353	-32212	
-30309	-34416	-34479	
-31213	-39007	-31119	
-31045	-38633	-31856	
-30380	-34802	-34431	
-31110	-38765	-31512	
-30104	-34088	-34618	
-31086	-39492	-29646	
-31193	-39437	-30121	
-30316	-34219	-34506	
-30645	-36121	-34016	
-30927	-38310	-32409	
-31071	-38735	-31528	
-30528	-35496	-34212	
-31089	-38923	-31224	
-30354	-34942	-34431	
-30141	-34178	-34577	
-30894	-38440	-32285	
-30674	-37319	-33357	
-30732	-37260	-33378	
-30960	-38754	-32096	
-30672	-37330	-33430	
-31028	-38742	-31567	
-30929	-38431	-32200	
-31183	-39066	-31006	
-30804	-37716	-32976	
-30546	-36585	-33822	
-30611	-36825	-33666	
-30300	-34947	-34488	
-30783	-37765	-33024	
-30635	-37357	-33276	
-30581	-37049	-33623	
-30617	-37454	-33356	
-30082	-34185	-34641	
-30497	-35774	-34078	
-31065	-38968	-31258	
-30477	-35777	-34171	
-30236	-34243	-34495	
-30465	-35841	-34089	
-31016	-38835	-31647	
-30882	-38390	-32438	
-27075	-32058	-35632	
-30683	-37768	-33167	
-30727	-37848	-33116	
-30831	-38176	-32540	
-30676	-37634	-33218	
-30229	-35026	-34505	
-30821	-38209	-32781	
-30861	-39653	-28829	
-30481	-35385	-34336	
-30550	-37242	-33650	
-31024	-38868	-31368	
-30990	-38612	-31857	
-30463	-36217	-34126	
-30833	-38241	-32444	
-30832	-39654	-27890	
-30780	-37860	-32983	
-30509	-36486	-33880	
-30537	-36940	-33706	
-30759	-38510	-32507	
-30352	-35570	-34400	
-30515	-35758	-34206	
-30992	-38905	-31282	
-30655	-37503	-33256	
-30500	-35609	-34261	
-30609	-37200	-33468	
-30492	-36734	-33825	
-30484	-36928	-33839	
-30924	-38929	-31285	
-31189	-39258	-30576	
-30921	-39123	-31322	
-31014	-39524	-29549	
-31024	-39084	-30778	
-30548	-37592	-33293	
-30448	-36523	-34106	
-30997	-39075	-30827	
-30498	-36266	-34026	
-31168	-39333	-30339	
-30898	-38920	-31384	
-30519	-36133	-34002	
-30504	-37530	-33528	
-30401	-35840	-34154	
-30770	-37995	-32883	
-30799	-39668	-28521	
-30714	-38590	-32536	
-30966	-39159	-30832	
-30870	-38909	-31424	
-30524	-37265	-33446	
-30386	-36644	-33853	
-30650	-37898	-33043	
-30587	-38077	-32884	
-30963	-39084	-30952	
-30970	-39027	-31252	
-30405	-35210	-34340	
-30701	-38288	-32592	
-30502	-36480	-33906	
-30861	-38849	-31703	
-30376	-36677	-34094	
-30802	-38906	-31438	
-30379	-36025	-34173	
-30370	-35639	-34250	
-30799	-38928	-31473	
-30458	-36989	-33713	
-30565	-37711	-33185	
-30928	-39092	-30908	
-30640	-37903	-32957	
-30764	-38603	-32150	
-30626	-37984	-32990	
-30337	-35676	-34213	
-31000	-39588	-29061	
-30787	-38961	-31665	
-30247	-35253	-34439	
-30472	-37722	-33264	
-30537	-37736	-33188	
-30263	-35816	-34243	
-30360	-35831	-34195	
-30675	-38247	-32664	
-30831	-38843	-31747	
-30934	-39573	-29100	
-30432	-37185	-33668	
-30798	-38955	-31439	
-31105	-39175	-30712	
-30896	-39609	-29286	
-30454	-37551	-33367	
-30527	-38208	-32803	
-30581	-38064	-33019	
-31067	-39276	-30413	
-30325	-36463	-34196	
-30767	-38917	-31795	
-30321	-36080	-34201	
-28688	-40533	-26591	
-30378	-37066	-33729	
-30351	-37604	-33299	
-30698	-38309	-32559	
-30670	-38262	-32705	
-30923	-39361	-30714	
-30341	-36904	-33861	
-30874	-39171	-30841	
-30257	-35609	-34267	
-30313	-37692	-33345	
-30230	-35761	-34259	
-30381	-37794	-33249	
-30412	-38099	-32876	
-30552	-37941	-33044	
-30365	-37940	-33102	
-30862	-39180	-31057	
-30335	-37389	-33544	
-30318	-37695	-33273	
-30224	-35654	-34329	
-30600	-38325	-32626	
-31027	-39340	-30489	
-31018	-39441	-29691	
-30742	-39027	-31402	
-30689	-38771	-31885	
-30362	-36091	-34128	
-30241	-34953	-34478	
-30429	-37750	-33209	
-30406	-38124	-32852	
-30248	-37268	-33732	
-30364	-37906	-33243	
-30960	-39467	-30023	
-30235	-36966	-33788	
-30222	-35916	-34208	
-30182	-36954	-33921	
-30651	-38678	-32100	
-30614	-38758	-32124	
-30976	-39370	-30394	
-30803	-39208	-31059	
-30512	-38494	-32595	
-30222	-35859	-34211	
-30216	-35792	-34272	
-30579	-38812	-31797	
-30440	-38263	-32644	
-30577	-38773	-32013	
-30427	-38346	-32639	
-30196	-35896	-34282	
-30262	-37187	-33699	
-30575	-38796	-32043	
-30183	-37305	-33549	
-30010	-34726	-34609	
-30298	-37592	-33432	
-30566	-38673	-32206	
-30378	-38235	-32807	
-30165	-37284	-33597	
-30640	-38256	-32749	
-30374	-38170	-32850	
-30406	-38282	-32661	
-30211	-36973	-33801	
-30967	-39263	-30497	
-30769	-39665	-28838	
-30139	-37127	-33789	
-30405	-38093	-32902	
-30130	-37628	-33608	
-30713	-39076	-31679	
-30345	-37943	-33195	
-30343	-38127	-32924	
-30278	-37999	-33091	
-30389	-38434	-32685	
-30488	-38843	-31866	
-30636	-38759	-32018	
-30836	-39482	-29874	
-30182	-35772	-34343	
-30722	-39335	-30768	
-30189	-36093	-34218	
-30255	-37650	-33409	
-30848	-39630	-29650	
-30263	-37737	-33267	
-30192	-37730	-33322	
-30392	-38217	-32776	
-30881	-39441	-30158	
-30351	-38400	-32781	
-30206	-35585	-34479	
-30544	-38638	-32217	
-30316	-38145	-32986	
-30158	-35915	-34247	
-30300	-38186	-32883	
-30490	-38681	-32417	
-30330	-36466	-34124	
-30246	-37849	-33261	
-30824	-39373	-30185	
-30424	-38367	-32606	
-30767	-39630	-29722	
-30138	-35951	-34237	
-30627	-39232	-31186	
-30715	-39673	-28850	
-30179	-36684	-34002	
-30758	-39381	-30248	
-30348	-37924	-33125	
-30162	-36808	-33941	
-30244	-38517	-32857	
-30205	-38032	-33266	
-30180	-37825	-33364	
-30202	-37638	-33542	
-30130	-37293	-33682	
-30241	-38006	-33021	
-30740	-39124	-31254	
-30483	-38858	-31907	
-30655	-39169	-31198	
-30233	-38079	-33120	
-30726	-39571	-30193	
-30088	-36208	-34317	
-30713	-39725	-29071	
-30207	-37660	-33390	
-30045	-36981	-33804	
-30034	-37457	-33849	
-30763	-39526	-29895	
-30119	-37336	-33609	
-30157	-35870	-34293	
-30115	-35922	-34261	
-30231	-38215	-32913	
-30064	-37296	-33613	
-30023	-36695	-34005	
-29988	-34823	-34632	
-30712	-39395	-30239	
-30467	-38696	-32158	
-30712	-39378	-30298	
-30351	-38801	-31916	
-30009	-36740	-33993	
-30145	-35682	-34384	
-30557	-39267	-30810	
-30340	-38804	-32005	
-30123	-35779	-34407	
-30317	-38888	-31986	
-30174	-37690	-33373	
-30417	-38885	-31843	
-30665	-39390	-30536	
-30219	-37955	-33181	
-30445	-38761	-32446	
-30193	-38303	-32959	
-30170	-38183	-33070	
-30130	-37211	-33750	
-30098	-37689	-33396	
-30695	-38949	-31698	
-30089	-36315	-34206	
-30661	-39443	-30212	
-30691	-39377	-30317	
-30553	-39285	-30892	
-30817	-39474	-30047	
-30156	-35380	-34532	
-30006	-36761	-33960	
-30633	-39422	-30657	
-30517	-38925	-31733	
-30060	-37777	-33442	
-29758	-34299	-34900	
-29996	-36927	-33946	
-30272	-38954	-31723	
-30487	-39120	-31324	
-30297	-38844	-32116	
-29976	-35061	-34747	
-30442	-39093	-31468	
-30022	-37042	-33937	
-30124	-35755	-34528	
-29993	-36919	-33962	
-30433	-39132	-31237	
-30723	-39364	-30442	
-30111	-37991	-33340	
-30237	-38963	-31808	
-30073	-36036	-34487	
-30379	-38447	-32635	
-29971	-36828	-34039	
-30058	-37283	-33748	
-30214	-38923	-31974	
-30388	-39156	-31379	
-30528	-39265	-31106	
-30421	-39044	-31687	
-30344	-38514	-32714	
-30392	-39107	-31378	
-30003	-36698	-34098	
-29900	-37664	-33624	
-30440	-38648	-32583	
-30762	-39560	-29793	
-30566	-39571	-30334	
-30220	-39018	-31741	
-30518	-39293	-30848	
-30247	-38811	-32282	
-30118	-38087	-33107	
-30679	-39702	-29112	
-30154	-36522	-34128	
-30012	-38195	-32965	
-29878	-37851	-33446	
-30178	-38039	-33124	
-29796	-37672	-33572	
-30032	-36407	-34227	
-30002	-38383	-33168	
-30380	-39200	-31458	
-30052	-38126	-33088	
-29962	-37112	-33989	
-29776	-37776	-33582	
-30437	-39311	-30782	
-30164	-38996	-31983	
-29895	-37867	-33423	
-30673	-39740	-29311	
-30353	-39300	-30881	
-30240	-38856	-32204	
-29956	-36564	-34204	
-30453	-39288	-31035	
-29944	-37875	-33343	
-30335	-39428	-30805	
-30036	-36465	-34146	
-30389	-39081	-31601	
-29893	-35255	-34675	
-30225	-38876	-32019	
-29785	-37492	-33632	
-29995	-36235	-34263	
-30369	-39125	-31580	
-30557	-39464	-30437	
-30330	-39325	-31194	
-30137	-38531	-32628	
-29949	-36810	-34045	
-29776	-37612	-33660	
-29921	-36574	-34102	
-29989	-38081	-33224	
-29931	-36770	-34096	
-30569	-39761	-29536	
-29886	-36655	-34126	
-29873	-36262	-34271	
-29694	-36953	-34028	
-30051	-38898	-32304	
-29902	-38551	-32756	
-29660	-37555	-33929	
-30588	-39338	-30757	
-30168	-38881	-31991	
-30387	-39354	-30746	
-30125	-38946	-32018	
-29860	-36393	-34445	
-29831	-38130	-33346	
-29749	-37882	-33502	
-29872	-37947	-33341	
-30046	-39081	-31720	
-30303	-39277	-31619	
-30096	-39008	-31789	
-29725	-37562	-33684	
-30388	-39440	-30672	
-29908	-37637	-33564	
-29901	-38669	-32589	
-30639	-39581	-30074	
-29642	-37983	-33357	
-29857	-38631	-32785	
-30267	-39452	-30808	
-29786	-36776	-34188	
-30263	-39346	-30835	
-30480	-39505	-30438	
-30411	-39484	-30458	
-30593	-39740	-29493	
-30070	-38732	-32449	
-29942	-36223	-34396	
-29904	-38097	-33171	
-30037	-39036	-31791	
-30036	-38651	-32541	
-29859	-38177	-33200	
-29603	-37920	-33385	
-29805	-36782	-34082	
-29998	-38722	-32515	
-29798	-35335	-34572	
-30406	-39276	-31058	
-30214	-39531	-30837	
-29837	-36698	-34100	
-30196	-39355	-30858	
-30566	-39692	-29918	
-29674	-36893	-34116	
-29793	-36684	-34101	
-29992	-39001	-31970	
-29680	-37822	-33692	
-29674	-37057	-34038	
-30190	-39341	-30859	
-29898	-39042	-31859	
-29942	-38935	-32043	
-30183	-39410	-30937	
-29890	-36480	-34225	
-29667	-37520	-33748	
-29874	-38441	-33035	
-30107	-39126	-31673	
-30185	-38838	-32271	
-30492	-39484	-30386	
-29582	-38053	-33409	
-30030	-38834	-32326	
-29887	-39161	-31740	
-29751	-39044	-32098	
-30322	-39449	-30466	
-29787	-35536	-34588	
-30312	-39536	-30708	
-29772	-37859	-33436	
-26963	-30396	-35677	
-29858	-39061	-32003	
-29732	-36588	-34257	
-29881	-38827	-32331	
-29870	-38780	-32382	
-29570	-37973	-33423	
-29721	-37736	-33586	
-30166	-39365	-30945	
-30163	-39349	-30978	
-29762	-37652	-33643	
-29660	-37138	-34071	
-29848	-38939	-32023	
-29562	-37907	-33429	
-29733	-38917	-32117	
-29715	-38765	-32592	
-29826	-38190	-33207	
-29849	-39247	-31743	
-29521	-38090	-33434	
-29420	-38796	-32588	
-29792	-39070	-31797	
-30146	-39342	-31244	
-29565	-38176	-33222	
-29306	-37920	-33772	
-29694	-38923	-32304	
-29809	-38546	-32867	
-29696	-34521	-34836	
-29588	-37210	-34069	
-29613	-38633	-32889	
-29560	-38761	-32647	
-30496	-39588	-30098	
-29733	-39216	-31786	
-29752	-38459	-32872	
-29719	-36401	-34330	
-29524	-38216	-33289	
-29460	-37678	-33725	
-29398	-38824	-32715	
-29667	-38458	-32949	
-29714	-36431	-34328	
-29543	-36776	-34194	
-29414	-37868	-33568	
-30114	-39534	-30980	
-30326	-39591	-30118	
-29594	-38935	-32150	
-29647	-36836	-34127	
-30238	-39280	-31380	
-29715	-39147	-31958	
-29530	-36702	-34244	
-30089	-39362	-31050	
-30306	-39615	-30020	
-29278	-38090	-33440	
-29778	-35416	-34677	
-29594	-36439	-34321	
-29660	-36933	-34099	
-29260	-37933	-33511	
-29551	-36498	-34280	
-29541	-39017	-32126	
-30390	-39810	-28920	
-29629	-36796	-34178	
-28681	-40547	-27593	
-29763	-35967	-34573	
-29512	-38919	-32310	
-29382	-38281	-33321	
-30376	-39833	-29319	
-29550	-38462	-33014	
-29378	-38866	-32344	
-29528	-38649	-32836	
-29208	-38151	-33489	
-29432	-38515	-32967	
-29408	-37324	-33931	
-29423	-37588	-33766	
-29623	-36843	-34140	
-29286	-37236	-34151	
-29522	-38928	-32291	
-30036	-39313	-31249	
-29428	-38969	-32180	
-29402	-37874	-33662	
-29802	-38591	-32789	
-29348	-38828	-32491	
-29602	-37047	-34104	
-30032	-39294	-31408	
-30484	-39577	-30129	
-30088	-39360	-31117	
-30032	-39374	-31138	
-29280	-38909	-32452	
-29575	-36908	-34125	
-29483	-38729	-32865	
-29643	-34648	-34764	
-29909	-35952	-34494	
-30299	-39647	-30085	
-29516	-36578	-34305	
-29503	-36808	-34164	
-29248	-37412	-33947	
-30270	-39616	-30152	
-29351	-32760	-34993	
-29378	-37848	-33774	
-29412	-36874	-34268	
-29768	-35807	-34520	
-29915	-39412	-31311	
-29372	-38954	-32266	
-29996	-39477	-30998	
-30213	-39577	-30228	
-29194	-33521	-35019	
-29484	-36945	-34110	
-30243	-39568	-30577	
-29519	-38419	-33088	
-29221	-37273	-33968	
-29315	-33680	-34993	
-29512	-36753	-34206	
-29337	-38361	-33350	
-30184	-39625	-30312	
-30288	-39604	-30087	
-29261	-38163	-33356	
-29366	-36932	-34121	
-29306	-36917	-34151	
-29188	-38005	-33509	
-29430	-36614	-34339	
-29298	-38992	-32303	
-30550	-39723	-29548	
-29750	-35853	-34608	
-29560	-34654	-34830	
-28900	-38526	-33153	
-30446	-39744	-29773	
-29293	-37618	-33828	
-29147	-38188	-33514	
-29300	-37155	-34118	
-29486	-36491	-34525	
-29040	-37966	-33648	
-29876	-39295	-31318	
-29146	-38465	-32972	
-29599	-34690	-34759	
-30194	-39577	-30284	
-29852	-39316	-31361	
-29040	-37348	-33966	
-29040	-38491	-33212	
-28834	-38535	-32947	
-28919	-37299	-34050	
-29492	-39077	-32052	
-29791	-35154	-34683	
-29274	-38428	-33073	
-29614	-39051	-32013	
-28828	-38558	-33056	
-29546	-34699	-34781	
-29189	-38444	-33020	
-29634	-36038	-34489	
-29172	-39032	-32245	
-29566	-36392	-34467	
-29565	-39055	-32074	
-29273	-36934	-34207	
-29540	-34730	-34807	
-29414	-38393	-33132	
-29979	-39282	-31541	
-29195	-38877	-32523	
-29330	-38942	-32286	
-29777	-39331	-31373	
-29725	-35437	-34670	
-29565	-35146	-34745	
-29213	-38946	-32351	
-29618	-39287	-31438	
-29564	-39153	-31926	
-29407	-39093	-31999	
-29532	-35091	-34761	
-29770	-39303	-31374	
-29718	-39376	-31394	
-30245	-39806	-29969	
-29400	-39062	-32107	
-29712	-35699	-34664	
-30161	-39643	-30514	
-29827	-39480	-31320	
-28904	-38188	-33520	
-28825	-38579	-33023	
-29358	-36686	-34337	
-29610	-39297	-31660	
-29211	-39039	-32126	
-29528	-39361	-31794	
-29049	-37686	-33846	
-28886	-38031	-33591	
-30350	-39838	-28918	
-29411	-38754	-32652	
-29842	-39463	-31029	
-28886	-37590	-34013	
-29471	-39195	-31844	
-29176	-33500	-35037	
-29562	-39301	-31459	
-29519	-35353	-34755	
-28968	-37420	-33964	
-30200	-39674	-30057	
-29341	-39245	-32038	
-29249	-36941	-34220	
-29033	-38930	-32429	
-29553	-36090	-34523	
-30307	-39843	-29034	
-29213	-36954	-34173	
-28657	-38604	-32903	
-29402	-34437	-34929	
-29494	-34937	-34817	
-29132	-38870	-32591	
-29110	-37043	-34190	
-29145	-39086	-32125	
-30282	-39848	-28743	
-30349	-39785	-29744	
-28881	-38234	-33390	
-28604	-38592	-33036	
-29022	-39004	-32373	
-29032	-39038	-32179	
-29418	-39168	-31877	
-29453	-34705	-34838	
-29106	-37432	-33945	
-30295	-39694	-29865	
-29004	-37946	-33854	
-29169	-36874	-34274	
-29340	-36529	-34408	
-29415	-34739	-34873	
-29900	-39545	-30664	
-28924	-39090	-32383	
-30272	-39854	-29544	
-28980	-38903	-32462	
-28562	-38604	-32932	
-28991	-37644	-33910	
-28559	-38625	-32899	
-29125	-36815	-34305	
-30140	-39676	-30329	
-28993	-37490	-33933	
-28759	-38916	-32475	
-29110	-39123	-32050	
-28652	-38762	-32810	
-28527	-38642	-32963	
-28673	-38033	-33695	
-29875	-39566	-30627	
-30246	-39859	-29143	
-28582	-38181	-33521	
-28690	-38944	-32523	
-28995	-39097	-32073	
-29256	-36577	-34433	
-29174	-38653	-32869	
-28573	-38069	-33526	
-28860	-38727	-32888	
-28778	-37339	-34268	
-28838	-38983	-32384	
-28812	-38932	-32446	
-28561	-38035	-33588	
-28418	-38054	-33585	
-28323	-38425	-33273	
-28884	-38923	-32434	
-28679	-38211	-33508	
-28873	-37288	-34069	
-28976	-39023	-32265	
-28598	-40554	-27150	
-30218	-39933	-28957	
-28413	-38257	-33384	
-29097	-37201	-34192	
-28738	-37992	-33730	
-28891	-39159	-32173	
-28486	-38825	-32968	
-30141	-39582	-30555	
-28368	-38910	-32705	
-30070	-39706	-30378	
-29121	-36899	-34295	
-28940	-36946	-34263	
-29854	-39611	-30805	
-29535	-36050	-34574	
-28932	-37015	-34231	
-28632	-38997	-32412	
-28079	-38300	-33530	
-28513	-38873	-32543	
-29240	-36603	-34340	
-28463	-38934	-32552	
-28502	-38734	-32938	
-29177	-36596	-34360	
-30279	-39822	-29479	
-28381	-38274	-33448	
-28666	-37446	-34046	
-28594	-38773	-32764	
-28955	-36940	-34242	
-30071	-39573	-30564	
-29056	-36712	-34419	
-28797	-37259	-34137	
-29381	-33960	-34940	
-29404	-35514	-34757	
-28225	-38668	-33045	
-28834	-32651	-35129	
-29070	-36685	-34397	
-28222	-38542	-33190	
-29555	-39409	-31369	
-28519	-38949	-32466	
-29417	-35252	-34763	
-28958	-39136	-32039	
-28438	-39030	-32526	
-29379	-35098	-34819	
-28864	-36917	-34341	
-28867	-37756	-33868	
-29276	-33890	-34944	
-29587	-35774	-34612	
-29862	-39524	-30988	
-29433	-39362	-31488	
-29421	-39469	-31402	
-27916	-38568	-33064	
-28390	-38562	-33039	
-29407	-36105	-34602	
-29418	-39370	-31415	
-29168	-36593	-34406	
-29389	-36065	-34653	
-28074	-38503	-33329	
-29679	-39563	-30990	
-28918	-37105	-34272	
-29225	-33808	-34962	
-29622	-39575	-31078	
-29420	-36407	-34546	
-29403	-34500	-34891	
-29411	-39364	-31441	
-28328	-37777	-33874	
-29396	-39401	-31454	
-28290	-38461	-33229	
-28625	-37433	-34090	
-28318	-37662	-33971	
-29773	-39611	-30877	
-29214	-34325	-34957	
-28637	-37628	-33962	
-29384	-35573	-34671	
-28837	-39137	-32206	
-29276	-39248	-31799	
-30009	-39708	-30028	
-29070	-39262	-31827	
-29357	-39407	-31641	
-29985	-39729	-30071	
-29287	-34598	-34931	
-30203	-39864	-29259	
-29369	-35575	-34699	
-28062	-38936	-32579	
-28824	-39196	-32072	
-29269	-34746	-34844	
-28220	-38871	-32844	
-30096	-40039	-28216	
-29225	-34788	-34839	
-29409	-36062	-34560	
-29011	-39312	-31828	
-28658	-39136	-32259	
-28958	-39300	-31961	
-29700	-39630	-30556	
-28584	-37616	-34095	
-29261	-39575	-31285	
-28846	-36760	-34412	
-30155	-39869	-29431	
-29268	-35729	-34678	
-28249	-39007	-32545	
-28525	-40588	-26117	
-28589	-37638	-33943	
-29122	-33897	-35018	
-29982	-39660	-30453	
-29284	-35121	-34765	
-27903	-38912	-32732	
-29135	-34199	-34962	
-27900	-38933	-32699	
-29209	-35284	-34841	
-29252	-35418	-34794	
-28806	-39175	-32120	
-28860	-37169	-34219	
-28809	-36955	-34321	
-30089	-39954	-29393	
-29600	-39633	-30699	
-27953	-38945	-32566	
-29875	-39730	-30147	
-28808	-32304	-35146	
-29192	-36490	-34547	
-29184	-36232	-34573	
-29049	-36554	-34435	
-28727	-37125	-34370	
-27709	-38949	-32596	
-29046	-36505	-34626	
-29265	-35720	-34738	
-28236	-39066	-32411	
-29237	-39486	-31452	
-28602	-39121	-32345	
-30116	-39963	-28654	
-28512	-37385	-34144	
-29873	-39752	-30123	
-29301	-35784	-34662	
-28789	-39237	-32101	
-28997	-36514	-34511	
-28765	-37037	-34324	
-29776	-39680	-30495	
-28964	-36675	-34675	
-28771	-39184	-32205	
-29949	-39677	-30441	
-29097	-33481	-35080	
-29571	-39649	-30646	
-29204	-34792	-34859	
-29799	-39723	-30167	
-29082	-34138	-35028	
-29029	-33618	-35094	
-29003	-33271	-35111	
-30102	-39857	-29564	
-29661	-39774	-30504	
-29193	-39418	-31456	
-29765	-39753	-30279	
-29097	-39484	-31466	
-28405	-39142	-32218	
-29955	-39867	-29912	
-28325	-37393	-34118	
-29014	-39460	-31513	
-29177	-35581	-34870	
-29218	-35930	-34668	
-28410	-39189	-32102	
-28338	-39198	-32114	
-29186	-34752	-34910	
-28251	-39140	-32274	
-28049	-39280	-32247	
-29556	-39704	-30703	
-28714	-36823	-34426	
-29179	-36188	-34603	
-28769	-39277	-31980	
-28302	-39227	-32133	
-29907	-40105	-29088	
-29214	-35759	-34693	
-29122	-39391	-31780	
-28799	-33283	-35130	
-29452	-39725	-30928	
-29110	-33783	-35024	
-28424	-39343	-31815	
-28597	-39305	-31858	
-28198	-39124	-32303	
-29751	-39844	-30454	
-28587	-39273	-31986	
-29607	-39595	-30893	
-29759	-39756	-30037	
-27877	-39238	-32354	
-28942	-39480	-31521	
-28395	-39375	-32060	
-29213	-35872	-34692	
-28933	-39438	-31570	
-30089	-40011	-28442	
-28866	-36701	-34420	
-28562	-36943	-34423	
-29079	-33823	-35041	
-29313	-39579	-31039	
-29152	-39502	-31399	
-28698	-36721	-34551	
-28802	-33598	-35117	
-29034	-34656	-34947	
-29199	-39611	-30933	
-29079	-34803	-34918	
-28867	-39410	-31630	
-29198	-39619	-30989	
-30055	-39988	-28483	
-28213	-39371	-32066	
-28865	-39448	-31739	
-28974	-35728	-34700	
-28959	-35796	-34707	
-30034	-40024	-28685	
-29029	-34598	-34971	
-27955	-37135	-34291	
-29047	-34958	-34891	
-28419	-36722	-34494	
-29033	-36203	-34682	
-28399	-36742	-34447	
-29069	-33836	-35084	
-28910	-39508	-31335	
-27942	-37153	-34318	
-29153	-35890	-34680	
-30015	-39867	-29445	
-28990	-39592	-31074	
-29983	-39888	-29467	
-30089	-40071	-28281	
-28397	-36897	-34437	
-28815	-39523	-31307	
-28951	-36373	-34731	
-29025	-35584	-34759	
-28959	-34819	-35023	
-28911	-35627	-34746	
-29958	-39936	-29530	
-28785	-39576	-31448	
-28793	-39473	-31526	
-29981	-39959	-28734	
-28843	-39506	-31360	
-28740	-39492	-31548	
-28344	-36885	-34570	
-28904	-39647	-31165	
-28910	-35745	-34761	
-28315	-39503	-31769	
-27884	-39453	-31812	
-28073	-36966	-34409	
-29951	-40009	-28708	
-28997	-35537	-34905	
-29517	-39712	-30557	
-27712	-39411	-31919	
-29100	-39669	-30929	
-29068	-39738	-30984	
-28984	-35235	-34961	
-28891	-35818	-34818	
-28618	-39529	-31512	
-29879	-39909	-29692	
-30078	-40039	-28382	
-28909	-34153	-35069	
-28862	-39608	-31230	
-28078	-36931	-34446	
-27860	-39257	-32266	
-29342	-39734	-30549	
-28971	-33646	-35107	
-28844	-36028	-34748	
-28713	-39601	-31235	
-29335	-39728	-30575	
-28524	-39578	-31254	
-27535	-39379	-31966	
-29295	-39790	-30553	
-28244	-39627	-31592	
-28428	-39579	-31240	
-28404	-39723	-31247	
-29835	-39919	-29767	
-29281	-39771	-30775	
-28351	-39547	-31458	
-28882	-39664	-31095	
-28746	-35913	-34828	
-29992	-40060	-28441	
-29634	-39981	-29963	
-28972	-35121	-34967	
-29906	-39957	-29267	
-27851	-39512	-31662	
-28931	-34173	-35026	
-29840	-39977	-29106	
-29943	-40031	-28463	
-29519	-39860	-30057	
-27881	-39474	-31779	
-29789	-39972	-29154	
-28840	-34423	-35037	
-28702	-39754	-31033	
-28741	-33772	-35150	
-28812	-33828	-35104	
-29760	-39977	-29288	
-28550	-36027	-34770	
-28475	-36698	-34661	
-28803	-35679	-34950	
-28657	-39670	-31133	
-28754	-34074	-35094	
-27241	-39506	-31687	
-29365	-39846	-30088	
-28615	-36100	-34737	
-29738	-39960	-29738	
-28726	-34276	-35057	
-29423	-39873	-30003	
-29319	-39894	-30228	
-29080	-39745	-30829	
-28390	-36051	-34857	
-26460	-29544	-35697	
-29399	-39894	-30046	
-29736	-39998	-29331	
-29251	-39809	-30658	
-28232	-39681	-31354	
-28275	-36212	-34859	
-28692	-34581	-35056	
-28673	-35056	-34971	
-29712	-39965	-29337	
-28618	-35772	-34886	
-29664	-39965	-29614	
-28629	-34997	-35002	
-28996	-39770	-30887	
-28462	-36396	-34717	
-28679	-34279	-35112	
-28691	-33106	-35196	
-29278	-39857	-30233	
-28989	-39808	-30693	
-29161	-39850	-30586	
-27848	-36407	-34714	
-28705	-33921	-35121	
-27973	-39644	-31381	
-27655	-36422	-34754	
-28791	-39774	-30764	
-29149	-39897	-30248	
-29657	-40004	-29167	
-28655	-33716	-35174	
-28789	-39812	-30873	
-29140	-40019	-30448	
-28259	-36238	-34766	
-29345	-39902	-29976	
-28455	-35895	-34875	
-29264	-39905	-30141	
-29635	-40034	-29137	
-28009	-36258	-34735	
-28585	-34917	-35103	
-29592	-40039	-29253	
-27770	-36261	-34752	
-28660	-34754	-35027	
-29608	-39986	-29562	
-28626	-33217	-35177	
-29148	-39908	-30181	
-28372	-39751	-31061	
-28598	-35219	-35047	
-28616	-35259	-34996	
-28597	-33744	-35187	
-29021	-39848	-30600	
-28522	-39779	-30933	
-29516	-40022	-29539	
-29858	-40154	-28506	
-29145	-39958	-30137	
-28878	-39855	-30624	
-27202	-39706	-31301	
-28319	-39739	-31194	
-28623	-34091	-35170	
-29543	-40010	-29275	
-28866	-39844	-30655	
-28505	-33058	-35203	
-28324	-39851	-30956	
-28289	-39777	-31077	
-28443	-33379	-35217	
-29188	-39898	-30161	
-28730	-39816	-30763	
-27979	-36220	-34805	
-27786	-36235	-34845	
-29095	-39935	-30548	
-28670	-39946	-30769	
-28344	-35278	-34953	
-29537	-40029	-29266	
-28193	-40634	-25778	
-27747	-39863	-31108	
-28250	-35435	-34972	
-28430	-33077	-35273	
-28314	-35702	-34936	
-29419	-40011	-29699	
-28092	-35772	-34890	
-28168	-35867	-34876	
-27820	-35933	-34940	
-27785	-39782	-31048	
-28444	-34290	-35139	
-29543	-40070	-29114	
-29475	-40034	-29278	
-27966	-35918	-34861	
-29498	-40069	-29131	
-29439	-40091	-29339	
-29446	-40059	-29274	
-28242	-35357	-35076	
-27159	-35944	-34898	
-28368	-33584	-35235	
-29437	-40032	-29409	
-29412	-40043	-29764	
-28104	-35551	-34958	
-28460	-34575	-35108	
-29713	-40138	-28736	
-28390	-33360	-35225	
-28104	-35450	-35051	
-29392	-39987	-29899	
-28283	-34658	-35151	
-27894	-35573	-35001	
-29222	-39990	-29919	
-28380	-34172	-35174	
-28412	-33037	-35324	
-27779	-35734	-35003	
-28367	-33870	-35230	
-28308	-35074	-35089	
-27775	-39876	-30796	
-29268	-40084	-29686	
-29582	-40203	-28255	
-29636	-40213	-27560	
-29541	-40208	-28811	
-28340	-33155	-35278	
-27500	-35735	-34946	
-27290	-35757	-34989	
-28335	-33934	-35199	
-29475	-40155	-28862	
-27233	-39962	-30827	
-28282	-33183	-35291	
-29621	-40236	-27793	
-28252	-33315	-35257	
-29434	-40118	-28867	
-28255	-35095	-35082	
-29313	-40136	-29127	
-28267	-34229	-35199	
-29622	-40145	-28514	
-28091	-35148	-35107	
-28881	-40023	-30166	
-28174	-34492	-35152	
-28173	-34306	-35176	
-28086	-34673	-35188	
-27748	-35588	-35080	
-28855	-40059	-29874	
-28065	-34728	-35109	
-29229	-40092	-29261	
-28242	-33813	-35261	
-28003	-34867	-35116	
-29202	-40104	-29525	
-26340	-30986	-35713	
-28089	-34315	-35162	
-27909	-34756	-35231	
-28140	-39955	-30473	
-29122	-40104	-29707	
-28719	-40119	-29891	
-28255	-34115	-35205	
-27962	-39992	-30552	
-29098	-40125	-29750	
-28588	-40026	-29934	
-29177	-40109	-29234	
-28531	-40038	-30022	
-29519	-40305	-27804	
-27888	-35028	-35118	
-29513	-40222	-27817	
-28241	-33882	-35216	
-29478	-40246	-28275	
-28151	-33960	-35221	
-27831	-34932	-35125	
-29161	-40139	-29211	
-28069	-33477	-35297	
-27919	-39991	-30585	
-29305	-40158	-28882	
-29125	-40173	-29325	
-27640	-39971	-30716	
-29229	-40152	-29100	
-27709	-34866	-35138	
-28070	-34388	-35219	
-28519	-40098	-29913	
-28355	-40024	-30078	
-28349	-40043	-30069	
-28491	-40075	-29933	
-28801	-40218	-29758	
-28126	-40083	-30371	
-28003	-34118	-35240	
-28266	-40100	-29964	
-28150	-32537	-35362	
-27563	-34881	-35217	
-27561	-34972	-35156	
-27227	-35116	-35113	
-28248	-40060	-30015	
-28033	-33836	-35243	
-27443	-35026	-35122	
-29268	-40163	-28843	
-28065	-33611	-35278	
-26962	-39979	-30616	
-27415	-34987	-35235	
-28056	-33175	-35353	
-26428	-40022	-30470	
-27961	-34032	-35279	
-28213	-40084	-29993	
-28981	-40193	-29347	
-29347	-40241	-28459	
-27989	-33785	-35289	
-28905	-40137	-29694	
-28984	-40272	-28933	
-27642	-40050	-30385	
-28016	-33458	-35305	
-27126	-40070	-30435	
-29292	-40251	-28015	
-27906	-34441	-35244	
-28905	-40197	-29533	
-29308	-40227	-28500	
-27966	-33253	-35358	
-29236	-40252	-28211	
-29216	-40306	-27978	
-29278	-40244	-28757	
-27881	-34213	-35285	
-28088	-40102	-30016	
-27975	-33575	-35294	
-27962	-33273	-35350	
-27934	-33628	-35354	
-28045	-40129	-30162	
-29258	-40248	-28688	
-28002	-32643	-35380	
-28149	-40108	-29937	
-29154	-40310	-28026	
-28854	-40230	-29625	
-27868	-33911	-35341	
-29115	-40299	-28283	
-28633	-40259	-29823	
-27811	-34566	-35254	
-28944	-40232	-29037	
-27992	-40113	-30191	
-27936	-32926	-35367	
-29419	-40306	-27386	
-27671	-40227	-30242	
-29292	-40372	-27599	
-27798	-34264	-35310	
-28926	-40204	-29260	
-29109	-40258	-28585	
-27515	-40093	-30246	
-26693	-40084	-30344	
-27670	-34266	-35271	
-27525	-34351	-35314	
-28027	-40139	-30011	
-26221	-30596	-35718	
-27455	-34704	-35283	
-27908	-33281	-35371	
-27805	-32864	-35386	
-27892	-40198	-30044	
-29084	-40277	-28405	
-27782	-32561	-35397	
-29043	-40278	-28424	
-27327	-34706	-35244	
-29011	-40320	-28508	
-29088	-40251	-28708	
-29251	-40335	-27604	
-27754	-32916	-35401	
-29051	-40256	-28669	
-27642	-32925	-35389	
-29147	-40356	-27829	
-27613	-33557	-35447	
-28764	-40286	-29173	
-27591	-34068	-35327	
-27764	-32521	-35448	
-27692	-33423	-35363	
-29064	-40332	-28375	
-26159	-30537	-35739	
-27410	-34512	-35316	
-27723	-32574	-35508	
-29078	-40304	-28244	
-27691	-33709	-35358	
-28939	-40299	-28649	
-29127	-40396	-27901	
-27688	-33394	-35371	
-27634	-32667	-35415	
-28660	-40307	-29398	
-29070	-40326	-27999	
-27270	-33997	-35420	
-27235	-34120	-35319	
-27565	-33721	-35344	
-27345	-33834	-35344	
-26921	-34535	-35302	
-27122	-34103	-35438	
-26980	-34150	-35350	
-27566	-33652	-35389	
-29181	-40358	-27601	
-27775	-40206	-30017	
-27751	-32219	-35504	
-28754	-40289	-28838	
-28754	-40349	-28677	
-28966	-40347	-28224	
-27869	-40679	-26211	
-28912	-40347	-28480	
-27313	-33624	-35417	
-28160	-40272	-29602	
-27198	-40240	-30021	
-28892	-40351	-28411	
-28382	-40315	-28759	
-28749	-40440	-28050	
-28305	-40332	-28828	
-27465	-32662	-35464	
-28254	-40365	-28920	
-26866	-40287	-29885	
-28070	-40313	-29530	
-27990	-40275	-29622	
-28747	-40354	-28220	
-27431	-32962	-35466	
-27698	-40275	-29817	
-28201	-40353	-29053	
-28746	-40371	-28432	
-27775	-40307	-29599	
-28964	-40451	-27427	
-28170	-40317	-29212	
-27380	-33014	-35481	
-27192	-33750	-35469	
-27408	-32659	-35477	
-27286	-33112	-35478	
-28722	-40392	-28475	
-28058	-40360	-29192	
-28642	-40392	-28657	
-28937	-40403	-27852	
-26684	-40339	-29740	
-27771	-40353	-29298	
-28017	-40323	-29197	
-28857	-40417	-27772	
-28601	-40355	-28662	
-27646	-40371	-29321	
-27292	-40333	-29339	
-27192	-40341	-29445	
-27260	-32765	-35495	
-26788	-40318	-29515	
-27296	-31998	-35523	
-27264	-32173	-35511	
-27229	-32805	-35512	
-28645	-40423	-28231	
-27012	-33233	-35499	
-28036	-40385	-28756	
-27261	-32430	-35516	
-27963	-40482	-29081	
-26886	-33245	-35485	
-27209	-32229	-35521	
-26650	-33335	-35486	
-28425	-40485	-28483	
-26075	-30149	-35770	
-26161	-33358	-35472	
-26413	-40356	-29529	
-27181	-32159	-35525	
-27704	-40416	-29253	
-27179	-32600	-35565	
-28815	-40461	-27324	
-28328	-40474	-28643	
-26873	-32857	-35504	
-28007	-40386	-28701	
-26843	-32912	-35501	
-26495	-33249	-35490	
-26836	-33040	-35538	
-27048	-32610	-35533	
-26922	-32622	-35519	
-28287	-40437	-28648	
-26848	-32629	-35545	
-26728	-33073	-35503	
-28536	-40531	-27823	
-26705	-33050	-35506	
-26975	-40434	-29271	
-28491	-40447	-27923	
-26697	-32664	-35543	
-26633	-32912	-35548	
-26558	-32749	-35561	
-26835	-32327	-35601	
-27061	-40470	-29096	
-26492	-32767	-35574	
-26487	-32465	-35600	
-28147	-40493	-27844	
-28111	-40567	-28469	
-26780	-31434	-35639	
-27678	-40522	-28507	
-26581	-32289	-35636	
-27224	-40504	-28564	
-27171	-40488	-28593	
-26850	-40602	-28644	
-26769	-40502	-28793	
-26664	-30501	-35640	
-26648	-31482	-35647	
-28408	-40562	-26891	
-26620	-31837	-35651	
-26617	-31666	-35670	
-28310	-40577	-26740	
-28159	-40552	-27418	
-28113	-40556	-26960	
-26395	-31879	-35675	
-26274	-32106	-35643	
-28118	-40553	-27467	
-27672	-40704	-27159	
-28038	-40601	-27436	
-26431	-30596	-35671	
-26403	-30951	-35675	
-27841	-40580	-27656	
-27794	-40598	-27900	
-25957	-31122	-35686	
-25732	-31590	-35744	
-27395	-40620	-28023	
-25781	-30148	-35792	
-26961	-40589	-28148	
-27986	-40622	-27173	
-25878	-31036	-35691	
-25847	-31021	-35724	
-27631	-40653	-27426	
-27534	-40642	-27586	
-27494	-40616	-27661	
-27441	-40604	-27794	
-25873	-30734	-35717	
-26722	-40633	-27712	
-26669	-40621	-27845	
-25776	-30888	-35749	
-25755	-30435	-35799	
-26999	-40717	-26848	
