-22388	-13805	-14657	
-22283	-13731	-14672	
-22210	-14260	-15142	
-22278	-13990	-13213	
-22265	-14017	-13835	
-22237	-14259	-14415	
-22176	-14863	-16123	
-22231	-14933	-13765	
-22086	-15395	-15093	
-21938	-14060	-16173	
-21907	-15116	-16281	
-21872	-15107	-16614	
-22014	-15459	-14814	
-21951	-15526	-14777	
-21770	-14907	-16825	
-21914	-15688	-14906	
-21763	-15884	-17223	
-21878	-15710	-15327	
-21866	-15781	-15964	
-21836	-16023	-15928	
-21773	-16090	-15891	
-21759	-15438	-17431	
-21708	-16126	-14954	
-21601	-16480	-15914	
-21502	-15473	-17470	
-21427	-15422	-17612	
-21357	-15928	-17925	
-21505	-16635	-16195	
-21434	-16793	-16378	
-21311	-16169	-18078	
-21409	-16830	-15733	
-21063	-15814	-18098	
-21404	-17035	-16342	
-21057	-15435	-18293	
-20829	-16514	-18403	
-21270	-17092	-16181	
-21109	-17099	-15988	
-21087	-17124	-16878	
-21084	-17137	-16344	
-20828	-16086	-18443	
-21057	-17257	-16213	
-20754	-16326	-18549	
-21035	-17314	-16188	
-20701	-17008	-18580	
-20615	-16545	-18745	
-21023	-17385	-16825	
-20986	-17524	-17025	
-20447	-16274	-18795	
-22180	-14272	-15022	
-20387	-17200	-18810	
-20297	-16782	-18881	
-20961	-17561	-16380	
-20923	-17590	-15987	
-20219	-17353	-18905	
-20898	-17628	-16343	
-20218	-16925	-18945	
-20754	-17638	-16983	
-20174	-17659	-19112	
-20742	-17678	-16659	
-20599	-17891	-15952	
-20077	-16532	-19229	
-20507	-17900	-16666	
-20045	-16764	-19289	
-20479	-17906	-16705	
-20444	-17967	-16629	
-22081	-14887	-15606	
-22009	-14951	-15327	
-19772	-16171	-19290	
-19760	-16058	-19352	
-21996	-15118	-15863	
-20416	-17973	-16668	
-21930	-14853	-16154	
-20281	-18002	-17645	
-21919	-14898	-16162	
-21977	-15180	-15598	
-20276	-18008	-16213	
-20264	-18079	-16850	
-19751	-16650	-19462	
-21952	-15218	-15954	
-21944	-15446	-14942	
-21952	-15276	-15462	
-21930	-15299	-15192	
-21903	-15427	-15790	
-21917	-15326	-15814	
-20226	-18224	-17461	
-21921	-15266	-15471	
-19601	-17158	-19548	
-21878	-15152	-16093	
-21844	-15183	-16244	
-21842	-15349	-16578	
-19419	-16634	-19643	
-20101	-18235	-16466	
-21638	-16126	-15740	
-20012	-18255	-17803	
-19995	-18332	-17008	
-19319	-17172	-19719	
-21738	-15921	-16578	
-19870	-18343	-16013	
-21700	-15950	-16185	
-21616	-16067	-16250	
-19794	-18353	-16538	
-21641	-16029	-15894	
-19150	-16897	-19854	
-19752	-18362	-15967	
-19731	-18420	-16501	
-21598	-16326	-16268	
-21604	-16021	-16612	
-21603	-16052	-16262	
-21596	-16196	-16686	
-19705	-18664	-16973	
-21535	-16393	-16231	
-21571	-16234	-17042	
-21533	-16263	-16649	
-21506	-15919	-17262	
-21492	-16265	-16419	
-21467	-16303	-16775	
-21462	-16507	-16383	
-21494	-16137	-17381	
-21471	-16439	-16204	
-18877	-16304	-19855	
-21437	-16545	-16739	
-18817	-17230	-19870	
-21483	-15670	-17426	
-18813	-15777	-19893	
-21397	-15664	-17576	
-21366	-15654	-17585	
-18737	-16308	-19906	
-21469	-15770	-17396	
-21327	-16449	-16844	
-21461	-15727	-17401	
-21374	-16612	-16702	
-18711	-16175	-19952	
-21302	-16487	-17200	
-21465	-16173	-17193	
-21339	-16720	-16562	
-21325	-16224	-17073	
-21316	-15964	-17469	
-21297	-16584	-16922	
-21331	-16895	-16636	
-21286	-16206	-17433	
-18642	-16919	-19961	
-21251	-16825	-17075	
-21239	-16218	-17223	
-21223	-16273	-17396	
-18641	-16491	-20001	
-21218	-16369	-17376	
-21163	-16929	-16393	
-21150	-17057	-16915	
-21196	-16426	-17351	
-21174	-16239	-17577	
-21158	-17025	-16373	
-21239	-16554	-17163	
-21165	-16278	-17744	
-21178	-16685	-17369	
-21153	-16723	-17725	
-21054	-16204	-18117	
-21147	-17070	-16381	
-21017	-16055	-18251	
-18545	-16288	-20036	
-21032	-17283	-16872	
-21148	-16927	-17333	
-21149	-16277	-17933	
-18449	-16471	-20131	
-21119	-16519	-17897	
-21123	-16965	-17689	
-21085	-16994	-17296	
-19388	-18688	-16338	
-21060	-17032	-17652	
-21021	-16501	-18043	
-21013	-17058	-17017	
-21038	-17113	-16890	
-20998	-17079	-17044	
-20988	-17096	-17373	
-21056	-16586	-17860	
-21013	-16458	-18048	
-19299	-18708	-17675	
-20966	-16723	-17859	
-20881	-17310	-17073	
-20879	-17180	-17491	
-20884	-16976	-17883	
-20873	-16509	-17928	
-20859	-16609	-17898	
-20788	-16550	-17947	
-20900	-16977	-17694	
-19174	-18719	-16680	
-20772	-16729	-18071	
-20854	-17218	-17847	
-20929	-17073	-17507	
-19082	-18728	-17394	
-20805	-17611	-16696	
-20849	-17315	-17569	
-20574	-17719	-16243	
-20764	-16536	-18082	
-20752	-16754	-18201	
-19056	-18738	-16634	
-20533	-17792	-16652	
-20818	-17377	-17036	
-20808	-17351	-17113	
-20747	-16767	-18427	
-20742	-16971	-18035	
-18037	-16310	-20143	
-19024	-18766	-17196	
-20769	-17366	-17048	
-20719	-17349	-17531	
-20729	-17559	-17064	
-20692	-17410	-17198	
-18036	-15882	-20183	
-20617	-17429	-17527	
-20726	-16970	-18224	
-20668	-17402	-17240	
-20605	-17469	-17203	
-20652	-17401	-17429	
-20717	-17009	-18391	
-20589	-17512	-17456	
-20591	-17642	-17038	
-20679	-17038	-17998	
-20571	-17670	-17680	
-20791	-17285	-17810	
-20671	-17068	-18050	
-18928	-18794	-16552	
-20528	-17709	-17001	
-20580	-17568	-17727	
-20657	-17166	-18179	
-20631	-17362	-17477	
-20660	-17326	-17665	
-20583	-17599	-17043	
-20504	-17869	-17350	
-20592	-17350	-17608	
-20625	-17309	-18203	
-18029	-15849	-20215	
-20650	-17271	-17847	
-20407	-16894	-18753	
-20564	-17550	-17812	
-20453	-16653	-18600	
-20654	-17076	-18354	
-18810	-18813	-16506	
-20431	-17594	-17833	
-20427	-17341	-18356	
-20451	-16720	-18587	
-20413	-17391	-18034	
-20523	-17117	-18209	
-20457	-17099	-18392	
-20478	-17870	-16978	
-20463	-17905	-16894	
-20434	-17188	-18237	
-20388	-17429	-18390	
-20293	-17931	-17008	
-20429	-17681	-17496	
-18739	-18996	-17231	
-17963	-15846	-20221	
-20381	-17524	-18005	
-20354	-17690	-17399	
-20411	-17340	-18545	
-20336	-17722	-17361	
-20326	-17696	-17438	
-20290	-17900	-17692	
-17699	-14762	-20222	
-17617	-15688	-20227	
-20501	-17617	-17775	
-17551	-15685	-20233	
-20356	-17562	-18361	
-20295	-17629	-17688	
-20185	-17686	-17740	
-17550	-15257	-20273	
-20175	-17599	-17788	
-20169	-17685	-17929	
-20157	-17736	-18317	
-20122	-17753	-17703	
-20098	-17761	-18355	
-20091	-17856	-17970	
-20244	-17315	-18549	
-20089	-18015	-18005	
-20066	-17894	-18326	
-17527	-16152	-20316	
-20005	-17384	-19247	
-19750	-18358	-16766	
-20095	-17661	-18477	
-19931	-17736	-18359	
-19929	-17685	-18870	
-19906	-17774	-18715	
-20043	-17983	-18171	
-19622	-16679	-19376	
-19755	-17096	-19254	
-19778	-18352	-16727	
-19875	-18046	-18347	
-19811	-18276	-17333	
-19829	-18014	-18513	
-19658	-18066	-18066	
-19767	-18281	-17561	
-19748	-18343	-17296	
-19629	-18180	-17868	
-19616	-18184	-17911	
-19529	-18172	-18168	
-19692	-17805	-19057	
-19795	-18275	-17522	
-19568	-18455	-17517	
-19685	-17900	-18672	
-17115	-15991	-20328	
-19593	-17223	-19259	
-19415	-18211	-18210	
-19522	-18218	-17998	
-19522	-18423	-17683	
-19497	-17406	-19354	
-19389	-18319	-18224	
-19539	-17520	-19182	
-19660	-17938	-19028	
-19385	-18214	-18227	
-19337	-18152	-18298	
-19410	-18261	-17690	
-19429	-18046	-18575	
-19200	-18084	-18336	
-19194	-18148	-18570	
-19493	-17761	-19335	
-19492	-17333	-19375	
-19339	-17977	-18708	
-17114	-15563	-20368	
-19486	-17349	-19412	
-19468	-18544	-17170	
-19148	-18081	-18647	
-19353	-18347	-18198	
-19186	-18170	-18505	
-19324	-17486	-19470	
-19116	-18467	-18385	
-19064	-17955	-18761	
-18917	-18423	-18663	
-19339	-18512	-17833	
-18916	-17995	-18703	
-18829	-18266	-18722	
-19452	-18543	-17359	
-18780	-18214	-19207	
-19300	-17313	-19505	
-19331	-18357	-18026	
-19115	-18356	-18521	
-19147	-17887	-19156	
-19141	-18429	-18029	
-19010	-17678	-19700	
-19405	-18611	-17133	
-18955	-17867	-19286	
-19334	-18562	-17313	
-18714	-16563	-19901	
-18907	-17011	-19731	
-19003	-17724	-19530	
-18587	-17766	-19377	
-17974	-17779	-19329	
-19046	-18587	-18061	
-18434	-18340	-19028	
-17303	-17255	-19732	
-18874	-18556	-18140	
-18719	-18509	-18542	
-16867	-16158	-20380	
-18416	-16546	-19966	
-18928	-18606	-18015	
-18405	-17069	-19882	
-18228	-16578	-20039	
-18043	-18530	-18246	
-17413	-17012	-19912	
-17924	-16586	-20015	
-17720	-16600	-20146	
-17690	-16684	-19990	
-18643	-18664	-17687	
-18618	-18810	-17898	
-17891	-18845	-18198	
-17807	-18719	-18312	
-17652	-16710	-19989	
-18488	-18617	-18089	
-17389	-16834	-19982	
-17235	-16917	-20119	
-17962	-18766	-17910	
-17732	-16566	-20145	
-16866	-15730	-20420	
-18697	-18714	-17562	
-18030	-16277	-20175	
-17731	-16138	-20185	
-17250	-16480	-20238	
-17719	-16172	-20186	
-17623	-15969	-20221	
-18567	-18965	-17310	
-18129	-18847	-17311	
-18016	-18816	-17785	
-17953	-18826	-17908	
-17059	-16178	-20250	
-18621	-19015	-17185	
-16454	-15569	-20432	
