-28674	-15495	-17187	
-28649	-16690	-17832	
-28573	-17448	-17903	
-28375	-17795	-18329	
-28306	-17838	-18146	
-28281	-17847	-17844	
-28280	-17913	-18415	
-28226	-18016	-18048	
-28195	-18142	-18192	
-28517	-17134	-18329	
-28163	-18143	-18455	
-28158	-18179	-18814	
-28111	-18184	-18597	
-28083	-18321	-18357	
-28076	-18324	-18620	
-28072	-18515	-18744	
-28022	-18587	-18219	
-28429	-16889	-18461	
-27992	-18693	-18646	
-27896	-18807	-18971	
-28374	-17058	-18665	
-27864	-18905	-18780	
-27817	-19135	-18677	
-28319	-17481	-18755	
-28279	-17057	-18926	
-27737	-19313	-18579	
-28264	-17650	-18959	
-28208	-17886	-19342	
-27690	-19376	-18547	
-27463	-19643	-18187	
-27967	-16889	-19446	
-27330	-19709	-19154	
-27920	-17942	-19784	
-27303	-19893	-18574	
-27136	-19938	-19054	
-27118	-19966	-18788	
-27031	-20051	-18162	
-27771	-17771	-19854	
-26979	-20316	-18374	
-27655	-17189	-19878	
-27653	-16594	-19901	
-27605	-16859	-20008	
-27544	-16474	-20089	
-26816	-20467	-19051	
-27449	-16672	-20158	
-27409	-17741	-20416	
-26532	-20470	-19116	
-26484	-20471	-18749	
-26459	-20472	-18951	
-26451	-20525	-18921	
-26394	-20637	-18396	
-26325	-20708	-18595	
-27170	-17819	-20424	
-27144	-16963	-20442	
-26229	-20851	-19042	
-27106	-17014	-20488	
-27065	-17376	-20636	
-26116	-20928	-18659	
-26951	-17484	-20677	
-25926	-20982	-18830	
-26891	-18459	-20717	
-25863	-20996	-18295	
-26836	-17809	-20726	
-25847	-21057	-18983	
-26732	-18359	-20823	
-25740	-21198	-19090	
-26703	-17908	-20836	
-26676	-16912	-20902	
-26647	-16461	-20915	
-26521	-17895	-20933	
-25715	-21202	-18843	
-25516	-21229	-19145	
-26500	-17419	-20951	
-26426	-18093	-21002	
-25452	-21240	-18230	
-25361	-21287	-18571	
-26405	-17617	-21020	
-25360	-21312	-18388	
-26235	-17857	-21296	
-25316	-21416	-18882	
-25194	-21589	-18976	
-28445	-17261	-18003	
-28422	-17332	-18398	
-25869	-17371	-21342	
-24873	-21625	-18742	
-25814	-16721	-21351	
-24848	-21629	-18495	
-24795	-21674	-18774	
-25781	-16434	-21366	
-28285	-17504	-18345	
-25681	-18067	-21388	
-25660	-17591	-21406	
-24702	-21775	-18898	
-28171	-18126	-18551	
-25605	-16941	-21415	
-25539	-17590	-21471	
-25510	-17139	-21484	
-28160	-18044	-18745	
-25385	-18044	-21529	
-24453	-21878	-18540	
-27941	-17977	-19387	
-28060	-18221	-19130	
-25356	-17593	-21542	
-25325	-17890	-21639	
-28005	-18461	-19016	
-28050	-18097	-19199	
-27991	-18609	-18902	
-24294	-21889	-18127	
-24250	-21993	-18621	
-28002	-18362	-19306	
-27925	-18639	-18918	
-27910	-18659	-19085	
-27520	-16693	-20011	
-27465	-17505	-20033	
-27923	-18393	-19077	
-25296	-17439	-21652	
-27579	-17947	-19949	
-27888	-18470	-19347	
-27867	-18079	-19503	
-25263	-17152	-21667	
-27560	-17307	-19964	
-27438	-18039	-20130	
-27814	-19036	-18967	
-27465	-18055	-19990	
-27861	-18454	-19487	
-27882	-18489	-19090	
-27867	-18509	-19257	
-27446	-19388	-18985	
-25191	-17039	-21676	
-27617	-17215	-19856	
-27433	-19404	-18587	
-27581	-18041	-19866	
-27808	-18591	-19206	
-27428	-19416	-18719	
-27787	-19020	-19107	
-27412	-19480	-19158	
-25116	-18110	-21703	
-27832	-18156	-19773	
-27729	-19052	-18731	
-27620	-19265	-18867	
-27634	-19117	-18981	
-27388	-19580	-18875	
-27787	-18687	-19159	
-27758	-18722	-19393	
-27846	-18508	-19404	
-27779	-18293	-19492	
-27753	-18187	-19544	
-27602	-19293	-18601	
-25101	-17511	-21830	
-27724	-18559	-19529	
-27740	-18750	-19127	
-27507	-19282	-19089	
-27701	-18879	-19149	
-27467	-19307	-18733	
-23961	-22064	-18462	
-27712	-18283	-19557	
-27692	-18912	-19375	
-27684	-18491	-19561	
-27674	-18367	-19630	
-27740	-17835	-19802	
-27588	-19188	-18931	
-27585	-19089	-19221	
-27664	-18405	-19639	
-27608	-18245	-19663	
-27592	-18969	-19390	
-27585	-18615	-19459	
-27554	-19233	-19045	
-27563	-18671	-19676	
-27556	-18317	-19745	
-27578	-19020	-19416	
-27555	-18285	-19827	
-27570	-18544	-19594	
-27511	-19145	-19055	
-27594	-18545	-19532	
-27551	-19004	-19556	
-27504	-19183	-19379	
-27522	-18706	-19842	
-27493	-18255	-19855	
-27422	-18763	-19857	
-27393	-18465	-20143	
-27518	-19035	-19493	
-27534	-18311	-19766	
-27439	-19264	-19172	
-27300	-19794	-18864	
-27393	-19215	-19413	
-27380	-19578	-18967	
-27475	-18711	-19625	
-27458	-18881	-19603	
-23851	-22078	-18419	
-27393	-19318	-19272	
-27141	-17368	-20437	
-27449	-18779	-19717	
-27364	-18105	-20233	
-27299	-19853	-18978	
-27478	-19077	-19431	
-23744	-22120	-18437	
-26950	-19967	-18838	
-26950	-20018	-18660	
-27358	-19341	-19275	
-27390	-19116	-19703	
-27436	-19165	-19462	
-27390	-19291	-19420	
-27344	-19462	-19241	
-26949	-20025	-19034	
-27362	-18609	-19967	
-26919	-20162	-18484	
-27333	-18311	-20253	
-27305	-19429	-19402	
-27348	-18829	-19960	
-27329	-17919	-20318	
-27383	-19182	-19444	
-27362	-19181	-19591	
-27303	-19693	-19294	
-27349	-19227	-19558	
-26904	-20253	-19062	
-27334	-18977	-19846	
-27027	-18045	-20432	
-27274	-19395	-19580	
-27005	-17752	-20439	
-26989	-17946	-20473	
-27320	-18499	-20090	
-27288	-18675	-20070	
-27282	-17982	-20286	
-27243	-19539	-19404	
-24812	-18112	-21839	
-27122	-17847	-20363	
-27216	-19239	-19821	
-27114	-17983	-20336	
-27109	-18085	-20286	
-27290	-19021	-19850	
-23515	-22121	-18312	
-27117	-19722	-19078	
-23506	-22143	-17745	
-27083	-19868	-19341	
-27049	-18100	-20363	
-26930	-17523	-20587	
-27231	-19533	-19553	
-24714	-18028	-21857	
-27087	-18199	-20322	
-27193	-18907	-19889	
-27253	-18489	-20155	
-26925	-18414	-20603	
-27152	-19564	-19324	
-27217	-18352	-20229	
-27177	-18782	-20014	
-27214	-19241	-19690	
-27186	-19312	-19634	
-27232	-18515	-20094	
-27114	-19623	-19368	
-27131	-19552	-19520	
-27206	-18552	-20123	
-27073	-18415	-20200	
-27172	-18843	-19966	
-27156	-19085	-19931	
-27106	-18571	-20090	
-27025	-18204	-20315	
-27009	-18446	-20280	
-27095	-18620	-20136	
-27098	-18707	-20063	
-27038	-18553	-20173	
-27142	-19356	-19638	
-27107	-19640	-19340	
-27151	-19320	-19614	
-27118	-19294	-19717	
-27092	-19579	-19401	
-27067	-18952	-20036	
-27035	-18466	-20246	
-27019	-18181	-20405	
-27011	-18769	-20159	
-26980	-19881	-19210	
-23419	-22163	-18168	
-27073	-19685	-19454	
-26954	-18712	-20317	
-24635	-17827	-21885	
-27134	-19419	-19592	
-26908	-19942	-19142	
-27048	-19488	-19687	
-27095	-19358	-19623	
-27071	-19398	-19630	
-27027	-18602	-20219	
-27037	-18560	-20163	
-27087	-19482	-19560	
-27063	-19534	-19603	
-26947	-18223	-20334	
-27148	-19221	-19904	
-27096	-19250	-19750	
-27041	-19608	-19518	
-27009	-18928	-20042	
-26935	-18208	-20404	
-26981	-18082	-20446	
-27011	-19326	-19946	
-27003	-18905	-20132	
-27019	-19190	-19973	
-26896	-17963	-20616	
-27004	-19793	-19390	
-26875	-19955	-19348	
-26902	-19907	-19282	
-26844	-20099	-19172	
-27008	-19464	-19739	
-26981	-18728	-20177	
-26973	-19590	-19601	
-26960	-19702	-19676	
-26993	-19170	-20007	
-26978	-19687	-19442	
-26978	-18611	-20219	
-26915	-19869	-19391	
-26952	-19838	-19649	
-23413	-22197	-18754	
-26991	-19384	-19812	
-26951	-19172	-20056	
-26949	-18774	-20152	
-26922	-19065	-20163	
-26933	-19016	-20117	
-26902	-18565	-20356	
-26943	-18751	-20242	
-26841	-20000	-19462	
-26673	-17317	-20897	
-26890	-19901	-19431	
-26980	-19470	-19770	
-26877	-18941	-20224	
-24603	-18332	-21903	
-26934	-19596	-19728	
-26944	-19417	-19835	
-26813	-20140	-19211	
-26894	-18558	-20427	
-26345	-20557	-19096	
-26939	-19368	-19875	
-26906	-19789	-19890	
-26925	-19152	-20090	
-26905	-19843	-19432	
-26804	-20173	-19437	
-26924	-19388	-20042	
-26898	-18750	-20326	
-26875	-19183	-20444	
-26848	-19939	-19488	
-26865	-19900	-19745	
-26756	-20313	-19161	
-26893	-19075	-20154	
-24508	-18530	-21972	
-26878	-19282	-20154	
-26846	-19635	-20000	
-26579	-17397	-20891	
-26820	-18533	-20453	
-23312	-22236	-18393	
-26738	-18501	-20583	
-26742	-20236	-19219	
-26786	-19931	-19516	
-26760	-20153	-19477	
-26724	-18704	-20477	
-26310	-20590	-18984	
-26744	-20019	-19547	
-26822	-19320	-20163	
-26681	-20184	-19248	
-26717	-18595	-20501	
-26674	-20218	-19302	
-26700	-19999	-19587	
-26310	-20594	-18867	
-26593	-20398	-19237	
-26290	-20610	-19148	
-26790	-19496	-20143	
-26673	-18871	-20526	
-26281	-20617	-18881	
-26686	-19922	-19645	
-26277	-20625	-19025	
-26754	-19302	-20246	
-26589	-20358	-19641	
-26243	-20687	-18789	
-26698	-20145	-19505	
-26637	-20196	-19393	
-26640	-20057	-19633	
-26664	-18719	-20554	
-26678	-20085	-19538	
-26709	-18731	-20474	
-26845	-19840	-19778	
-26424	-20482	-18943	
-26634	-19967	-19904	
-26838	-19771	-19973	
-26533	-20456	-19283	
-26672	-19758	-20118	
-26596	-18701	-20637	
-26412	-20478	-19074	
-26797	-19882	-19828	
-26708	-19428	-20204	
-26238	-20698	-19203	
-26630	-20127	-19588	
-26611	-20031	-19810	
-26748	-19188	-20281	
-26492	-17444	-20946	
-26722	-19225	-20310	
-26648	-19846	-19938	
-26633	-19301	-20311	
-26701	-19319	-20228	
-26525	-19119	-20467	
-26777	-19684	-19980	
-26467	-18157	-20864	
-26580	-19425	-20364	
-26550	-18827	-20595	
-26401	-20475	-19255	
-26510	-18560	-20679	
-26693	-19455	-20201	
-26570	-20142	-19665	
-26521	-19002	-20478	
-26334	-20480	-19162	
-26604	-19740	-20201	
-26483	-18903	-20519	
-26621	-19497	-20130	
-26515	-20072	-19801	
-26465	-20438	-19366	
-23160	-22265	-18390	
-26465	-18965	-20577	
-26505	-18619	-20660	
-26624	-19843	-19973	
-26475	-18700	-20702	
-26472	-18395	-20778	
-26535	-18854	-20592	
-26287	-20583	-19296	
-26497	-20139	-19851	
-26549	-19670	-20337	
-26543	-18718	-20619	
-26437	-18601	-20743	
-26574	-19813	-20014	
-26457	-19101	-20550	
-26494	-19284	-20406	
-26551	-19877	-19920	
-26423	-18749	-20629	
-26405	-20453	-19443	
-26505	-20003	-19878	
-26456	-20075	-19989	
-26401	-18906	-20634	
-26476	-20178	-19761	
-26365	-20457	-19333	
-26412	-18241	-20888	
-26408	-18494	-20850	
-26441	-19825	-20277	
-26477	-20142	-19709	
-26391	-19069	-20728	
-26459	-19424	-20429	
-26455	-19192	-20460	
-26456	-20250	-19706	
-26274	-20460	-19305	
-26270	-20600	-19394	
-26423	-19853	-20011	
-26411	-19172	-20500	
-26361	-20362	-19729	
-26397	-17642	-21015	
-26359	-20367	-19465	
-26349	-20419	-19631	
-26392	-19218	-20577	
-26378	-18681	-20917	
-26420	-19850	-20026	
-26400	-19936	-20132	
-26396	-18965	-20615	
-26395	-19038	-20570	
-25949	-20894	-18703	
-26375	-19793	-20455	
-26402	-20282	-19912	
-26410	-20146	-19939	
-26247	-20470	-19770	
-26354	-19269	-20623	
-26381	-19671	-20387	
-26299	-20425	-19511	
-26289	-20440	-19458	
-24281	-17747	-22036	
-26246	-20519	-19434	
-26194	-20607	-19489	
-26219	-18581	-21023	
-26107	-20705	-19065	
-26100	-20670	-19276	
-26342	-20128	-20022	
-26103	-20845	-19154	
-26449	-19689	-20304	
-26346	-19342	-20468	
-26266	-18920	-20766	
-26235	-20527	-19672	
-26278	-19271	-20610	
-26257	-19363	-20478	
-22995	-22381	-17960	
-26306	-19958	-20067	
-26250	-19644	-20493	
-25914	-20978	-18961	
-26301	-20359	-20075	
-26341	-19832	-20205	
-26099	-20805	-19558	
-26240	-19377	-20664	
-26333	-19857	-20200	
-26217	-18313	-21066	
-26225	-18723	-20783	
-26322	-19930	-20174	
-26279	-19942	-20207	
-26178	-18837	-20820	
-26270	-19975	-20433	
-26192	-18689	-20934	
-26326	-19074	-20656	
-26286	-19251	-20706	
-26379	-19762	-20297	
-26208	-20038	-20215	
-26134	-20604	-19835	
-26176	-19413	-20661	
-25907	-20953	-19330	
-26188	-17862	-21079	
-26156	-17917	-21123	
-26112	-19374	-20824	
-26140	-18738	-20861	
-26162	-19561	-20547	
-26095	-18167	-21089	
-25684	-16919	-21355	
-26191	-20156	-20196	
-26099	-18762	-20869	
-26175	-20373	-19782	
-26083	-18923	-20837	
-26081	-20830	-19212	
-26218	-19117	-20720	
-26016	-18092	-21138	
-26015	-18852	-20979	
-25994	-19440	-20556	
-26023	-18716	-21006	
-26160	-19093	-20726	
-25977	-19521	-20775	
-26019	-18737	-20926	
-26115	-20388	-19859	
-26035	-17916	-21188	
-26036	-19892	-20537	
-26102	-19979	-20281	
-26073	-20418	-20171	
-25948	-20633	-19619	
-26059	-20117	-20254	
-26004	-18960	-20938	
-26066	-18606	-20979	
-26179	-20213	-20098	
-26017	-18317	-21036	
-25955	-18698	-21089	
-26087	-18192	-21084	
-26008	-18117	-21133	
-26119	-20059	-20208	
-25945	-19619	-20584	
-25906	-20663	-19931	
-26043	-20491	-19984	
-25982	-18137	-21252	
-26040	-19984	-20257	
-25980	-20042	-20303	
-25998	-19092	-20874	
-25926	-18247	-21102	
-25869	-20814	-19382	
-25894	-20698	-19614	
-25863	-20862	-19616	
-25921	-18290	-21207	
-25896	-19575	-20626	
-26012	-19381	-20752	
-25696	-21107	-19376	
-25917	-19692	-20571	
-25945	-20182	-20326	
-26024	-20129	-20228	
-25880	-20744	-19635	
-25951	-20272	-20194	
-25959	-20136	-20221	
-26001	-20496	-19900	
-25881	-20667	-19684	
-25884	-19732	-20619	
-25850	-20349	-20357	
-25900	-19008	-20892	
-25907	-18438	-21093	
-25906	-19184	-20830	
-25866	-19625	-20630	
-25861	-18136	-21317	
-25881	-18467	-21257	
-25851	-20919	-19518	
-25811	-20806	-19992	
-25884	-19169	-20860	
-25850	-19762	-20645	
-25769	-20027	-20359	
-25878	-19291	-20928	
-25741	-20134	-20457	
-25928	-18914	-21075	
-25844	-19620	-20885	
-25336	-21288	-18773	
-25966	-18861	-20979	
-25322	-21311	-18899	
-25342	-21254	-19188	
-25868	-19893	-20587	
-25824	-20430	-20061	
-25768	-19900	-20515	
-25757	-19973	-20489	
-25832	-17685	-21330	
-25772	-20475	-20320	
-25865	-19191	-20984	
-25791	-20940	-19345	
-25818	-20831	-19623	
-25943	-20297	-20189	
-25860	-18896	-21158	
-25559	-17921	-21411	
-25752	-19678	-20663	
-25939	-19422	-20816	
-25762	-20517	-20049	
-25683	-20984	-19385	
-25662	-20171	-20558	
-25778	-20427	-20086	
-25644	-21051	-19752	
-25694	-19654	-20669	
-25687	-19795	-20690	
-25693	-19992	-20458	
-25724	-20873	-19530	
-25767	-19107	-21002	
-25683	-20539	-20109	
-25677	-19865	-20645	
-25829	-20350	-20222	
-25739	-20853	-19683	
-25736	-20402	-20390	
-25619	-19777	-20773	
-25734	-20517	-20253	
-25592	-20597	-20089	
-25694	-19510	-21007	
-25665	-19059	-21020	
-25576	-19916	-20644	
-23686	-17933	-22056	
-25334	-21279	-19183	
-25656	-19411	-21048	
-25614	-19874	-20711	
-25466	-21116	-19200	
-25471	-20112	-20561	
-25441	-19922	-20703	
-25843	-18537	-21165	
-25789	-19312	-20938	
-25430	-20136	-20569	
-25456	-21201	-19155	
-25661	-20185	-20391	
-25606	-20281	-20408	
-25450	-21133	-19506	
-25721	-18615	-21193	
-25403	-19964	-20636	
-25773	-19473	-20906	
-25588	-20737	-20178	
-25751	-19268	-20970	
-25512	-20176	-20423	
-25452	-20405	-20455	
-25835	-18562	-21160	
-25404	-21145	-19531	
-25672	-18687	-21321	
-25650	-18957	-21076	
-25527	-20809	-20057	
-25705	-19339	-20920	
-25392	-20037	-20610	
-25459	-20172	-20543	
-25490	-20842	-19758	
-25421	-20815	-19882	
-25489	-19656	-20791	
-25408	-21108	-19810	
-25627	-18960	-21061	
-25436	-19029	-21076	
-25568	-21052	-19412	
-25679	-18911	-21134	
-25301	-21190	-19326	
-25448	-19680	-20799	
-25419	-20192	-20458	
-25519	-19796	-20740	
-25506	-18959	-21126	
-25378	-20340	-20504	
-25652	-17616	-21401	
-25402	-19646	-20814	
-25278	-20145	-20651	
-25378	-20174	-20623	
-25399	-19752	-20927	
-25449	-19869	-20733	
-25289	-21391	-18907	
-25394	-20819	-19932	
-25428	-19109	-21073	
-25280	-21286	-19203	
-25360	-21054	-19817	
-25482	-20542	-20190	
-25418	-18977	-21089	
-25553	-18828	-21179	
-25348	-20831	-19957	
-25276	-21323	-18924	
-25275	-19973	-20793	
-25410	-18978	-21131	
-25407	-19048	-21104	
-25403	-19798	-20755	
-25325	-20646	-20325	
-25241	-21353	-19570	
-25334	-20877	-19978	
-25353	-19847	-20830	
-25352	-20262	-20532	
-25643	-18236	-21334	
-25332	-20413	-20413	
-25531	-17615	-21466	
-25424	-19376	-21059	
-25537	-18737	-21261	
-25245	-21213	-19481	
-25204	-20070	-20674	
-25498	-18810	-21439	
-25399	-19073	-21099	
-25259	-20473	-20376	
-25387	-19230	-21092	
-25528	-18184	-21395	
-25398	-18985	-21108	
-25442	-18920	-21289	
-25257	-20184	-20561	
-25350	-19145	-21227	
-25225	-20216	-20544	
-25286	-20962	-19833	
-25164	-20053	-20695	
-25383	-18967	-21144	
-25189	-20951	-19869	
-25151	-20223	-20562	
-23568	-18028	-22128	
-25331	-19618	-20941	
-25091	-20235	-20651	
-25363	-18957	-21390	
-25106	-19999	-20973	
-25256	-20415	-20406	
-25130	-20480	-20439	
-25251	-20581	-20374	
-25084	-20270	-20510	
-25522	-18235	-21399	
-24951	-20369	-20620	
-25469	-18359	-21452	
-25189	-20899	-19907	
-25313	-19511	-20952	
-25232	-19599	-20957	
-25335	-19780	-20838	
-25304	-20740	-20243	
-24996	-20054	-20745	
-25048	-20416	-20478	
-25053	-20136	-20692	
-25266	-20859	-20061	
-25158	-20891	-20085	
-25315	-19779	-20909	
-25310	-19484	-21100	
-25239	-19900	-20863	
-25341	-19227	-21145	
-25165	-19669	-21031	
-25185	-21039	-19996	
-25079	-20800	-20120	
-25399	-21142	-19713	
-25134	-21435	-19086	
-24994	-20148	-20716	
-24957	-20566	-20388	
-24923	-20564	-20479	
-24975	-20476	-20441	
-24917	-20514	-20488	
-25158	-19911	-20935	
-25278	-20987	-19828	
-25036	-20926	-20148	
-24894	-20537	-20497	
-25226	-19800	-20919	
-24939	-20244	-20733	
-24920	-20028	-20757	
-24846	-20483	-20504	
-24872	-20807	-20252	
-25254	-19329	-21202	
-25162	-19819	-20888	
-24906	-20058	-20865	
-24841	-20423	-20610	
-24848	-20717	-20311	
-25243	-20634	-20344	
-24901	-20252	-20814	
-25055	-21360	-19135	
-25168	-21202	-19589	
-24929	-20639	-20375	
-24739	-20303	-20625	
-25039	-21377	-19441	
-25052	-21189	-19604	
-24728	-20300	-20806	
-25127	-19570	-21072	
-25052	-20931	-20061	
-24784	-20614	-20380	
-24957	-21356	-19635	
-24734	-20442	-20566	
-24706	-20570	-20561	
-24579	-20811	-20431	
-25180	-19363	-21118	
-24616	-20682	-20322	
-25001	-21447	-19349	
-24732	-20536	-20537	
-24992	-19717	-21023	
-24859	-20644	-20337	
-24944	-21233	-19644	
-25124	-21111	-19875	
-25347	-19118	-21358	
-24601	-20541	-20676	
-24952	-19367	-21206	
-24848	-20883	-20192	
-24834	-20913	-20300	
-24902	-21231	-19743	
-24944	-19420	-21176	
-24849	-20640	-20360	
-24998	-20968	-20081	
-25004	-21119	-19833	
-24974	-19610	-21034	
-24881	-19672	-21096	
-24588	-20810	-20317	
-24945	-21133	-19775	
-24829	-19769	-21126	
-24913	-19568	-21175	
-24555	-20636	-20579	
-24976	-21451	-19102	
-25027	-21055	-19927	
-24863	-20153	-20855	
-25368	-18689	-21457	
-24960	-21558	-19204	
-25236	-19198	-21260	
-24610	-20540	-20562	
-24901	-21042	-20061	
-25348	-18358	-21517	
-24822	-20002	-21038	
-24869	-21171	-19908	
-24890	-21227	-19874	
-24545	-20427	-20702	
-24629	-20070	-20959	
-24827	-21146	-20212	
-25122	-19275	-21246	
-24422	-20362	-20763	
-24384	-20722	-20453	
-24567	-20157	-20947	
-24355	-20695	-20471	
-24852	-19645	-21114	
-24421	-20210	-20822	
-24869	-21266	-19784	
-25022	-19294	-21213	
-24283	-20160	-21012	
-24938	-19397	-21314	
-24276	-20185	-20827	
-25000	-19310	-21326	
-24330	-20644	-20685	
-24199	-20459	-20830	
-24121	-20180	-20870	
-25068	-19199	-21310	
-24185	-20775	-20511	
-24550	-20916	-20365	
-24337	-20411	-20773	
-24830	-21597	-19505	
-24843	-19573	-21137	
-24679	-19485	-21279	
-24454	-19867	-21093	
-24083	-20461	-20845	
-24248	-20313	-20822	
-24829	-21301	-19671	
-24738	-19698	-21147	
-25287	-17960	-21547	
-24753	-21081	-20261	
-24082	-20309	-20904	
-24317	-20544	-20741	
-24423	-20285	-20812	
-24177	-20729	-20585	
-25319	-18404	-21459	
-24805	-21343	-19715	
-25270	-18605	-21475	
-24574	-19667	-21257	
-24415	-20068	-21062	
-25279	-17985	-21542	
-25224	-18602	-21528	
-24774	-21283	-19931	
-24348	-20928	-20383	
-25209	-18058	-21535	
-24788	-21412	-19526	
-24828	-21255	-19785	
-25176	-18264	-21593	
-24443	-19940	-21067	
-24660	-21391	-19972	
-24249	-20909	-20399	
-25195	-18151	-21541	
-24691	-21451	-19756	
-24345	-20073	-21024	
-24163	-20889	-20445	
-24300	-20932	-20358	
-22603	-22386	-17582	
-24076	-20167	-21144	
-24276	-19787	-21097	
-24185	-20946	-20335	
-23858	-20193	-20944	
-24242	-19801	-21098	
-25159	-18909	-21521	
-24570	-19699	-21197	
-24116	-20801	-20464	
-24454	-19701	-21212	
-24231	-19798	-21279	
-24699	-21346	-19824	
-24402	-19757	-21143	
-25005	-19032	-21499	
-24641	-21175	-19996	
-24049	-20968	-20291	
-24159	-19943	-21132	
-23893	-20732	-20650	
-23755	-20203	-20910	
-24214	-19874	-21085	
-23971	-20776	-20469	
-23901	-20778	-20576	
-23957	-20751	-20569	
-24621	-21657	-19286	
-24171	-19969	-21075	
-23893	-20828	-20500	
-24870	-19189	-21344	
-23688	-20273	-20984	
-24456	-21168	-19999	
-23931	-20927	-20459	
-24372	-21201	-20085	
-23915	-20462	-20895	
-23788	-20703	-20765	
-24324	-19727	-21187	
-23981	-21024	-20271	
-23854	-20638	-20720	
-23963	-20948	-20337	
-23935	-21021	-20324	
-24845	-19045	-21399	
-24413	-21263	-19989	
-24834	-19116	-21414	
-23846	-20176	-20968	
-22246	-22441	-17635	
-23684	-20472	-20781	
-24743	-19143	-21356	
-23730	-20178	-20983	
-23791	-20802	-20659	
-24729	-19298	-21392	
-23823	-21003	-20344	
-23452	-20510	-20795	
-23458	-21067	-20465	
-23705	-20959	-20351	
-24104	-20039	-21149	
-25021	-18308	-21772	
-23987	-20908	-20441	
-23366	-20836	-20529	
-23662	-20941	-20371	
-23490	-20406	-20914	
-23360	-20843	-20546	
-24661	-19409	-21408	
-23655	-20999	-20356	
-23354	-20986	-20474	
-23574	-21001	-20382	
-24461	-19468	-21300	
-25015	-18406	-21595	
-23404	-20276	-21049	
-24302	-21274	-20078	
-23438	-20519	-20797	
-24476	-19486	-21264	
-23290	-20297	-20975	
-24409	-19556	-21338	
-23293	-20494	-20802	
-24326	-21198	-20138	
-23822	-21299	-20271	
-23332	-20886	-20482	
-23602	-20928	-20395	
-24006	-19858	-21156	
-23469	-21016	-20409	
-24664	-19369	-21322	
-23274	-20470	-20829	
-23673	-21075	-20290	
-23574	-20196	-21009	
-23234	-20908	-20579	
-23382	-20573	-20791	
-23113	-20609	-20877	
-23074	-20400	-20961	
-23958	-19804	-21163	
-23925	-19860	-21236	
-24458	-21510	-19719	
-24351	-21140	-20247	
-23460	-20249	-21042	
-23620	-21004	-20329	
-24912	-18680	-21584	
-24366	-19651	-21328	
-23209	-20594	-20796	
-24577	-21665	-19141	
-23930	-19877	-21150	
-24288	-21304	-20186	
-23562	-20179	-21033	
-23873	-19873	-21388	
-23820	-20042	-21214	
-23138	-20863	-20667	
-24710	-19274	-21419	
-24432	-21728	-19014	
-23130	-20726	-20712	
-23403	-21152	-20277	
-22982	-21061	-20500	
-24550	-19119	-21479	
-23344	-21106	-20284	
-23435	-20420	-20903	
-23006	-20300	-21040	
-23343	-21081	-20442	
-22998	-20405	-20972	
-24299	-21371	-20030	
-25046	-18143	-21611	
-23933	-21158	-20205	
-22959	-20414	-20938	
-22843	-20731	-20765	
-22935	-20569	-20911	
-23193	-21088	-20306	
-22614	-20639	-20773	
-22759	-20941	-20670	
-24358	-21517	-19766	
-22910	-20315	-21121	
-22591	-20884	-20686	
-22868	-21114	-20533	
-23045	-21160	-20406	
-23879	-21158	-20242	
-22482	-20711	-20823	
-24159	-21443	-19898	
-23197	-20181	-21090	
-22857	-20484	-20947	
-24125	-19559	-21403	
-22486	-20354	-21038	
-22283	-20935	-20705	
-23099	-20229	-21100	
-24476	-19191	-21523	
-24428	-21515	-19659	
-24414	-21831	-19340	
-24389	-21577	-19550	
-23067	-20890	-20651	
-24212	-19774	-21306	
-22043	-20742	-20773	
-22088	-20378	-21029	
-24698	-18752	-21584	
-22129	-20428	-20961	
-21433	-20844	-20717	
-23278	-20988	-20467	
-22984	-20243	-21077	
-23108	-20996	-20467	
-24371	-19373	-21501	
-21727	-20415	-20978	
-22952	-20904	-20628	
-23232	-20126	-21147	
-21354	-20753	-20752	
-24196	-21553	-19673	
-23527	-19884	-21227	
-21930	-20652	-20843	
-21908	-20548	-20938	
-21329	-20439	-20969	
-23159	-20067	-21149	
-21684	-20389	-21052	
-22644	-20955	-20647	
-22875	-20070	-21214	
-23414	-19912	-21240	
-23770	-21530	-20054	
-24917	-18322	-21613	
-24695	-18761	-21552	
-24011	-19580	-21329	
-24260	-21637	-19344	
-21608	-20391	-21045	
-23955	-19607	-21336	
-24806	-18626	-21659	
-24144	-21784	-19456	
-24590	-18943	-21530	
-21049	-20417	-21001	
-22938	-21220	-20309	
-22058	-20995	-20582	
-24119	-21493	-19799	
-22871	-20106	-21205	
-23968	-19675	-21319	
-22441	-20718	-20782	
-23172	-19927	-21300	
-23451	-21321	-20058	
-23446	-21337	-20132	
-25087	-17659	-21716	
-22158	-20728	-20796	
-22931	-19944	-21254	
-23886	-21508	-19913	
-24492	-18762	-21537	
-24416	-19066	-21648	
-21682	-20722	-20831	
-22125	-20334	-21096	
-22900	-21135	-20411	
-23359	-19885	-21277	
-24544	-19069	-21488	
-24088	-21470	-19882	
-22777	-19968	-21302	
-23884	-21422	-20013	
-22756	-20120	-21182	
-22930	-21174	-20383	
-23926	-19783	-21285	
-22578	-20192	-21184	
-21727	-20358	-21087	
-24187	-21587	-19576	
-22671	-19979	-21226	
-21885	-21016	-20587	
-24092	-19443	-21417	
-22836	-21212	-20342	
-22557	-20032	-21259	
-23389	-21344	-20087	
-23991	-21633	-19648	
-23972	-21638	-19778	
-24023	-21654	-19526	
-23358	-21392	-20150	
-23824	-19377	-21510	
-22592	-21186	-20430	
-23662	-19409	-21498	
-23973	-21484	-19859	
-21017	-21078	-20552	
-22874	-21311	-20301	
-21323	-20369	-21110	
-24256	-21832	-18748	
-23798	-21423	-19956	
-23878	-19515	-21417	
-22637	-21213	-20343	
-22622	-21225	-20402	
-22569	-21154	-20441	
-23321	-21351	-20197	
-23548	-19517	-21539	
-22273	-20035	-21324	
-21997	-20107	-21221	
-21926	-20134	-21205	
-24680	-18676	-21650	
-21636	-21138	-20473	
-21524	-20121	-21222	
-20970	-20086	-21248	
-22194	-21267	-20312	
-23727	-19583	-21394	
-24219	-21847	-18768	
-21891	-21240	-20342	
-23520	-19590	-21526	
-23291	-21312	-20225	
-23883	-21550	-19857	
-23625	-19601	-21392	
-21343	-21132	-20525	
-23018	-19619	-21391	
-22846	-21384	-20288	
-22647	-19947	-21319	
-23314	-21409	-20182	
-22942	-19705	-21399	
-24308	-19126	-21546	
-22926	-19604	-21456	
-24104	-21861	-18745	
-24273	-19192	-21508	
-23965	-19243	-21527	
-22848	-19699	-21431	
-23294	-21469	-20081	
-21220	-21372	-20308	
-22301	-19962	-21337	
-24726	-18550	-21692	
-23921	-21715	-19642	
-24000	-19185	-21558	
-22924	-21428	-20107	
-24089	-21886	-19069	
-23768	-21564	-19834	
-22752	-19714	-21512	
-21940	-19887	-21387	
-24018	-19090	-21639	
-22192	-19734	-21466	
-23769	-19284	-21520	
-22570	-21456	-20185	
-23749	-21569	-19964	
-22701	-21359	-20293	
-21972	-19853	-21431	
-23735	-19336	-21530	
-23715	-19272	-21779	
-23496	-21632	-19813	
-22819	-19644	-21438	
-23389	-17622	-22148	
-23957	-19167	-21578	
-23371	-21813	-19828	
-24992	-17857	-21785	
-24016	-21962	-18849	
-22644	-21580	-20061	
-22399	-21485	-20087	
-23344	-21708	-19831	
-23857	-21652	-19755	
-23269	-21582	-19980	
-22384	-21497	-20146	
-24528	-18594	-21723	
-24455	-18667	-21691	
-24559	-18397	-21722	
-23222	-21589	-19847	
-23735	-21885	-19645	
-23485	-21705	-19787	
-23264	-19465	-21596	
-24341	-18775	-21732	
-23889	-19149	-21661	
-23048	-21623	-19876	
-23805	-21883	-19538	
-22786	-21579	-19992	
-21869	-21510	-20097	
-22679	-21629	-20048	
-22878	-21703	-19916	
-23886	-22001	-19150	
-24105	-18832	-21790	
-22857	-21595	-19934	
-22978	-21696	-19869	
-24046	-19017	-21652	
-23979	-21900	-19026	
-21716	-19728	-21501	
-21640	-19730	-21494	
-23905	-18891	-21682	
-24029	-21798	-19433	
-23824	-21878	-19408	
-24387	-18649	-21774	
-22255	-19570	-21527	
-21477	-19526	-21542	
-22592	-19469	-21582	
-23414	-21706	-19724	
-22319	-19493	-21596	
-22123	-19503	-21547	
-21839	-19506	-21612	
-23810	-19074	-21710	
-22963	-19283	-21703	
-22454	-19346	-21645	
-23901	-21976	-18826	
-21363	-19445	-21639	
-22377	-21755	-19842	
-23677	-22061	-18931	
-23541	-22019	-19361	
-24213	-18772	-21892	
-22707	-17437	-22164	
-22835	-21865	-19689	
-23514	-21914	-19364	
-23400	-22022	-19405	
-22562	-21930	-19704	
-21858	-22509	-17036	
-23104	-21937	-19450	
-23029	-21888	-19504	
-22934	-22017	-19490	
-22842	-21893	-19566	
-23633	-22069	-18786	
-23506	-22096	-18630	
-23536	-18866	-21799	
-23440	-22058	-19000	
-22918	-18949	-21822	
-23475	-22085	-18717	
-21734	-21943	-19621	
-23268	-18800	-21892	
-23297	-22079	-19077	
-22802	-18951	-21837	
-22784	-19104	-21790	
-23085	-22202	-19078	
-22976	-22029	-19215	
-22610	-19000	-21841	
-22974	-22053	-19085	
-21814	-19252	-21822	
-22913	-22056	-19400	
-23288	-22087	-18997	
-23270	-22138	-19040	
-22438	-17482	-22231	
-22816	-22079	-19158	
-22615	-18850	-21847	
-22711	-22080	-19186	
-22239	-18812	-21898	
-22433	-22069	-19416	
-22646	-22159	-19198	
-22477	-22139	-19219	
-22386	-22076	-19283	
-23348	-18560	-21951	
-21887	-22103	-19224	
-23282	-18604	-21903	
-23213	-18707	-21902	
-22599	-18749	-21904	
-22501	-18769	-21944	
-22871	-18752	-21897	
-21654	-18777	-21904	
-23123	-22203	-18567	
-23742	-17905	-22010	
-22920	-22318	-18648	
-23711	-18207	-22015	
-22593	-22257	-18896	
-22298	-22180	-19094	
-22262	-18567	-21985	
-20698	-18729	-21947	
-23369	-18252	-22010	
-23070	-18528	-22015	
-22582	-22219	-18898	
-21848	-22226	-19004	
-22891	-18122	-22035	
-22152	-18277	-22017	
-21868	-22317	-18693	
-22097	-18184	-22027	
-21648	-22285	-18896	
-21965	-18256	-22077	
-21123	-18289	-22023	
-22760	-18067	-22098	
-22558	-22373	-18186	
-22340	-22325	-18532	
-22338	-22341	-18389	
-21650	-22329	-18481	
-21520	-22338	-18589	
-22219	-22433	-18247	
-21803	-22354	-18316	
-21738	-22433	-18328	
-21518	-22401	-18531	
-22415	-17727	-22144	
-21491	-17987	-22140	
-21813	-22496	-17640	
-21913	-17499	-22156	
-22175	-22441	-18102	
-21783	-22446	-17724	
-21390	-22454	-18224	
-21593	-22464	-17843	
-21465	-22517	-17536	
-21486	-22498	-17402	
-21038	-22522	-17093	
