-17494	-11677	-14225	-14018	
-17359	-12073	-14052	-14590	
-17236	-12120	-13858	-13721	
-17219	-12147	-14049	-14588	
-17207	-12231	-13766	-14138	
-17162	-12264	-14327	-14384	
-17098	-12363	-13337	-13749	
-17050	-12373	-13443	-15102	
-17014	-12673	-13412	-13255	
-16949	-12674	-13399	-13841	
-16907	-12964	-13832	-13904	
-16879	-13069	-13239	-13827	
-16785	-13440	-13531	-14571	
-16509	-13481	-13462	-13605	
-16497	-13565	-13179	-13155	
-16452	-13598	-13740	-13401	
-16435	-13625	-13931	-14268	
-16371	-13724	-12941	-13633	
-16293	-13869	-13743	-14733	
-17216	-11385	-14276	-14521	
-16974	-11675	-13043	-15208	
-17056	-11227	-14386	-14317	
-16819	-12623	-13614	-15277	
-16222	-14035	-13003	-13725	
-17002	-12106	-14437	-14180	
-16763	-11192	-13179	-15301	
-16967	-12223	-14490	-14762	
-16692	-12693	-14314	-15332	
-16679	-11913	-12980	-15576	
-16817	-11035	-14888	-13595	
-16177	-14068	-13564	-13971	
-16025	-14226	-13278	-13519	
-16434	-11260	-12683	-15611	
-15829	-14267	-12582	-13233	
-16363	-12761	-13818	-15642	
-16317	-10916	-12754	-15644	
-16287	-12063	-13418	-15748	
-15730	-14464	-13215	-13887	
-16235	-11982	-13487	-15786	
-16485	-11622	-14990	-13961	
-16159	-11284	-13087	-15892	
-15338	-14614	-13653	-14059	
-16325	-11464	-15100	-13757	
-15988	-10984	-12258	-15954	
-15948	-10801	-13223	-15985	
-15881	-10717	-12456	-16010	
-16290	-11581	-15153	-14339	
-15810	-12218	-13591	-16041	
-15142	-14655	-12957	-13773	
-15682	-11439	-13260	-16185	
-16130	-11423	-15263	-14135	
-14762	-14693	-12468	-12783	
-14710	-14720	-13165	-12556	
-14614	-14721	-11977	-12173	
-14566	-14734	-11772	-12497	
-14503	-14804	-12211	-12249	
-15871	-10934	-15308	-13304	
-15523	-11037	-13327	-16240	
-15817	-11813	-15359	-13167	
-16971	-12461	-13686	-14035	
-15468	-10355	-12365	-16270	
-14370	-14843	-12906	-12955	
-16969	-12569	-13223	-13814	
-15397	-11856	-13500	-16301	
-15798	-12010	-15365	-14501	
-15792	-11288	-15432	-13998	
-14319	-14971	-12409	-12651	
-15395	-10258	-12996	-16384	
-17067	-12305	-13763	-14136	
-17067	-12346	-13252	-14235	
-15573	-11300	-15437	-13719	
-15379	-11363	-15520	-13466	
-16904	-12707	-13960	-14087	
-17084	-12278	-13572	-13269	
-16933	-12452	-13582	-14084	
-15193	-11649	-13012	-16469	
-16927	-12420	-13249	-14233	
-16898	-12531	-13157	-14650	
-17039	-12311	-14133	-13515	
-17022	-12338	-14324	-14382	
-16978	-12352	-13611	-13945	
-16887	-12734	-14151	-14954	
-14278	-14984	-12294	-12695	
-16856	-12828	-13310	-14612	
-14186	-14998	-12609	-13247	
-15159	-10063	-15554	-14115	
-16849	-12937	-13385	-14702	
-14145	-15011	-12494	-13291	
-17199	-11915	-14162	-14386	
-15110	-10675	-13236	-16500	
-14075	-15081	-12843	-13323	
-15105	-10942	-15605	-13978	
-16456	-13508	-13035	-14881	
-15086	-11382	-13210	-16525	
-16807	-12065	-14600	-14558	
-16903	-12287	-13264	-15167	
-15003	-10408	-13434	-16556	
-14964	-11305	-15650	-14036	
-16690	-11314	-14660	-13397	
-16784	-13011	-13638	-13035	
-13927	-15109	-12352	-12713	
-16767	-13038	-13829	-13902	
-14844	-10424	-12359	-16628	
-16765	-13208	-13644	-14369	
-16678	-11348	-14820	-13823	
-16764	-12781	-13957	-14085	
-16747	-12806	-13942	-13700	
-16603	-12769	-13094	-15018	
-16867	-12502	-14264	-14752	
-16548	-11576	-14645	-13727	
-16735	-12892	-13865	-14502	
-16340	-13707	-12856	-14119	
-16561	-13066	-13247	-14980	
-16632	-13434	-13656	-14474	
-16612	-13202	-13769	-14272	
-16623	-12902	-13944	-14676	
-16595	-13007	-13351	-14599	
-13879	-15122	-12147	-13037	
-14928	-10884	-15676	-13911	
-16357	-13639	-13176	-13153	
-16529	-11773	-14651	-15061	
-16569	-12740	-14120	-14463	
-16494	-12455	-14696	-13590	
-16312	-13672	-13737	-13399	
-16540	-12851	-14028	-14880	
-17030	-12141	-13556	-14900	
-16727	-12576	-14261	-14750	
-13816	-15192	-12586	-12789	
-16615	-12416	-13126	-15445	
-16827	-12297	-14487	-14760	
-16499	-13122	-13785	-14399	
-16512	-12857	-14398	-14259	
-16495	-12884	-14589	-15126	
-16672	-12461	-14427	-15130	
-16415	-13393	-14044	-14066	
-16487	-13219	-13677	-13999	
-16495	-11273	-14823	-13775	
-16472	-13276	-13766	-14270	
-14850	-10475	-15690	-13613	
-17220	-11648	-14071	-14397	
-16613	-12374	-14547	-14071	
-16608	-12625	-14502	-14328	
-16574	-12355	-12768	-15477	
-16558	-12802	-13655	-15264	
-16372	-12931	-14395	-14257	
-16475	-12652	-14702	-14924	
-14821	-10617	-15874	-13967	
-16967	-11399	-13667	-15133	
-16418	-12333	-14710	-14449	
-16362	-11669	-14796	-13092	
-16350	-13068	-14135	-14031	
-16520	-13005	-12889	-15012	
-14807	-10883	-12499	-16640	
-16346	-11935	-14922	-14189	
-14640	-11106	-12785	-16868	
-16324	-13580	-14385	-13851	
-16336	-12900	-13514	-15198	
-16328	-13140	-13881	-15044	
-16947	-11167	-13780	-14931	
-16426	-12442	-13437	-15460	
-16128	-12079	-12343	-15820	
-16310	-12938	-13390	-15094	
-16265	-12066	-14745	-14155	
-16200	-13122	-14526	-15494	
-16169	-13216	-13685	-15152	
-15917	-12485	-13393	-15985	
-15981	-14109	-12868	-13685	
-16211	-12919	-13532	-15190	
-16076	-11580	-13554	-15841	
-16672	-11637	-13604	-15501	
-16015	-13880	-13776	-14363	
-16921	-11623	-14213	-14889	
-16258	-12175	-14820	-14245	
-15982	-14027	-13727	-14349	
-16411	-12716	-13476	-15329	
-16062	-11873	-12899	-15844	
-16215	-12806	-13090	-15248	
-16021	-11812	-12541	-15876	
-16162	-13325	-13760	-15242	
-15879	-14153	-13153	-13795	
-13159	-15242	-11974	-12086	
-16903	-11902	-13813	-15002	
-15893	-14103	-12507	-14035	
-16119	-12488	-14752	-14473	
-15830	-14185	-13441	-13897	
-16216	-12675	-13639	-15707	
-16070	-11976	-14853	-13223	
-16098	-13828	-13906	-15111	
-16896	-12011	-13888	-15092	
-16186	-11777	-15032	-13985	
-16219	-12925	-14520	-14160	
-16140	-13863	-13868	-14636	
-16056	-12005	-14857	-13889	
-15785	-14218	-14002	-14143	
-15967	-12267	-14759	-13774	
-16024	-12173	-14857	-14369	
-15952	-12456	-14841	-13187	
-16278	-12407	-14707	-14447	
-16028	-11941	-14891	-13698	
-15945	-12565	-14916	-13277	
-15848	-14136	-13068	-14281	
-16536	-11225	-13204	-15507	
-16139	-12150	-14087	-15731	
-16163	-11860	-14925	-14141	
-16151	-11894	-15085	-14567	
-16335	-12726	-14699	-14922	
-16084	-12262	-13107	-15757	
-16117	-13631	-13900	-13777	
-16240	-13584	-14094	-14646	
-15748	-14013	-14306	-14808	
-15988	-13757	-13964	-14251	
-15953	-12885	-14734	-14723	
-16017	-13910	-13674	-13767	
-16053	-12974	-14631	-12975	
-15875	-11935	-15016	-13601	
-15926	-12762	-14922	-14611	
-15864	-12015	-14967	-14165	
-15945	-13822	-14031	-15014	
-16164	-13422	-14495	-13647	
-15946	-12994	-14809	-14813	
-15883	-13302	-13310	-15279	
-15957	-12315	-12687	-15745	
-15849	-12039	-14935	-13782	
-16141	-12859	-13677	-15576	
-15974	-13374	-13716	-15174	
-15835	-12215	-15061	-13836	
-15701	-13146	-13253	-15402	
-15765	-13986	-14115	-13941	
-15675	-13184	-13970	-15557	
-15824	-13280	-14550	-14174	
-15908	-13395	-13726	-15139	
-15653	-14095	-13231	-14659	
-15652	-13333	-13145	-15394	
-15730	-13417	-13602	-15133	
-15898	-13959	-13915	-13345	
-16744	-12046	-14375	-14885	
-15934	-12871	-13649	-15622	
-15535	-14423	-13378	-14265	
-15818	-13367	-13602	-15256	
-15823	-13041	-14615	-13944	
-15991	-11736	-15195	-14363	
-15645	-13442	-13220	-15484	
-15853	-12988	-13539	-15854	
-16608	-12140	-13750	-15370	
-15720	-13663	-14018	-15131	
-13118	-15255	-11859	-12130	
-16413	-10842	-14798	-14011	
-15696	-12528	-14993	-14064	
-15814	-13198	-14666	-14951	
-16020	-12765	-13253	-15626	
-16839	-11444	-14159	-14906	
-15663	-12132	-13412	-16106	
-16371	-11342	-13617	-15473	
-15558	-13508	-13236	-15213	
-15933	-12653	-14847	-14521	
-15490	-14456	-13939	-14511	
-15589	-14259	-13306	-13857	
-15816	-13065	-13603	-15510	
-15804	-11936	-15067	-13786	
-15512	-13545	-14678	-15409	
-15649	-13288	-13889	-15738	
-12956	-15274	-11670	-11629	
-16549	-12005	-14538	-15263	
-15451	-13897	-13087	-14994	
-15807	-13307	-14741	-15041	
-15688	-13437	-14442	-14516	
-15489	-13694	-13853	-15246	
-15695	-12289	-15058	-13834	
-15657	-13466	-14445	-14033	
-15682	-12209	-15186	-13739	
-15656	-13179	-13814	-15648	
-15364	-11053	-12252	-16312	
-15684	-13354	-14547	-14172	
-16334	-12191	-13924	-15353	
-15459	-11540	-13473	-16109	
-15452	-11649	-13548	-16199	
-15455	-11497	-12741	-16184	
-15806	-12878	-14848	-13505	
-15650	-13575	-14520	-14123	
-14500	-14740	-12276	-12269	
-15681	-12717	-15075	-13477	
-14481	-14760	-12672	-12879	
-16280	-11787	-14042	-15673	
-15327	-10718	-12410	-16328	
-15549	-13750	-14374	-14744	
-15415	-11314	-13706	-16215	
-14671	-14694	-13011	-12914	
-14534	-14720	-12203	-12685	
-14699	-14662	-12814	-13457	
-15330	-13961	-13642	-14884	
-15102	-14146	-14025	-14660	
-14691	-14683	-12834	-13942	
-15630	-13343	-14633	-13921	
-15235	-14043	-12567	-14735	
-15519	-13436	-14603	-15319	
-15787	-13075	-14854	-14839	
-16152	-11008	-13711	-15817	
-15290	-11589	-13698	-16357	
-14495	-14724	-12138	-13656	
-15786	-12836	-14919	-14609	
-14464	-14778	-12057	-12607	
-15746	-12721	-13737	-15910	
-15482	-13803	-13928	-15336	
-15531	-13348	-14672	-14075	
-14503	-14703	-12118	-13171	
-15190	-14076	-13128	-14981	
-15389	-13592	-14484	-14540	
-15213	-13927	-13112	-14885	
-15197	-13967	-13053	-14891	
-15362	-13704	-14382	-14401	
-12694	-15318	-12292	-12050	
-15659	-12323	-15297	-14729	
-15255	-13604	-14396	-15041	
-14394	-14785	-12473	-13457	
-15073	-14187	-12894	-14614	
-15265	-13308	-14886	-14638	
-15172	-13874	-12637	-15031	
-15623	-13326	-13765	-15634	
-15651	-13232	-14746	-15181	
-15107	-13840	-14416	-12593	
-15647	-13149	-14851	-14837	
-14381	-14788	-12669	-12866	
-15101	-14082	-13487	-14691	
-15739	-12830	-13812	-16000	
-15044	-14180	-13514	-14854	
-15401	-12766	-14930	-14432	
-15007	-13751	-14519	-14341	
-15284	-13464	-13720	-15497	
-15168	-13960	-13673	-15131	
-14522	-14685	-13192	-13407	
-15264	-12879	-14993	-13102	
-15426	-13517	-14040	-15428	
-15165	-13411	-13691	-15769	
-15467	-12222	-13026	-16025	
-15333	-12359	-13646	-16170	
-15072	-14404	-13275	-14587	
-15543	-12522	-15118	-13967	
-15398	-13622	-13447	-15351	
-16216	-12290	-14188	-15542	
-15391	-13731	-13522	-15441	
-15384	-12109	-12962	-16143	
-15625	-14060	-14112	-13939	
-15245	-13076	-14999	-14436	
-15302	-13446	-12655	-15468	
-14440	-14773	-12557	-12923	
-15108	-13576	-14665	-13720	
-15349	-13346	-14692	-13485	
-15135	-13669	-12941	-15696	
-15023	-13835	-13598	-15139	
-16057	-12434	-14750	-15425	
-15583	-13082	-14445	-15762	
-15009	-14235	-13345	-14883	
-15678	-12126	-15291	-13395	
-14983	-13827	-12655	-15244	
-15088	-13344	-14778	-13518	
-14422	-14775	-12784	-12822	
-15300	-12445	-13312	-16253	
-15142	-13355	-14692	-13769	
-15307	-14071	-14041	-14076	
-14433	-14761	-11972	-13093	
-14969	-13889	-14597	-13948	
-14938	-13860	-13216	-15490	
-14970	-13546	-14823	-15006	
-15528	-12711	-15200	-13380	
-14801	-14117	-14005	-15161	
-15542	-13021	-14087	-15794	
-14989	-13349	-14817	-13672	
-14859	-12767	-15075	-14029	
-15199	-13025	-13522	-15778	
-15199	-13166	-12795	-15827	
-14668	-14228	-14121	-14242	
-15996	-10954	-14834	-14700	
-15229	-12908	-13545	-15900	
-15297	-14561	-13178	-14205	
-14687	-14031	-14115	-12908	
-14967	-14305	-13279	-14671	
-15103	-12636	-13587	-16047	
-14560	-14147	-14170	-14257	
-14852	-12876	-15150	-14119	
-14710	-14045	-13599	-15266	
-14847	-14080	-12563	-14965	
-16209	-12399	-14263	-15632	
-15539	-11521	-15410	-13670	
-14401	-14747	-12403	-13281	
-15105	-13150	-14996	-14434	
-14810	-13984	-14309	-13777	
-14702	-13903	-14358	-13792	
-15068	-12911	-13354	-15963	
-15032	-13248	-13808	-16006	
-14949	-13657	-14710	-13746	
-14515	-14222	-14246	-14145	
-14725	-14270	-12288	-14947	
-14654	-13909	-14314	-13917	
-15843	-12132	-13925	-15958	
-13723	-13943	-14319	-12605	
-14578	-12962	-15059	-14618	
-15294	-14497	-13243	-14225	
-15096	-12745	-13662	-16137	
-15996	-10863	-14781	-14742	
-14515	-13183	-14937	-13553	
-14542	-13899	-14545	-12875	
-14843	-14525	-13120	-14394	
-14528	-14461	-12563	-14741	
-15933	-10892	-13778	-15772	
-15007	-12712	-15210	-13749	
-14680	-14303	-12849	-15193	
-15980	-11883	-14871	-14748	
-14133	-13342	-14972	-13354	
-14205	-14788	-11707	-12995	
-14675	-13341	-14827	-13757	
-15399	-11595	-15407	-13668	
-13428	-14181	-14256	-12973	
-14552	-14427	-13942	-13480	
-15383	-12364	-15228	-13763	
-14809	-13731	-14707	-13744	
-14392	-14269	-14052	-13276	
-14190	-14832	-12426	-13193	
-14113	-13110	-15085	-13152	
-15147	-12638	-15213	-13751	
-15894	-11497	-13790	-15766	
-15240	-11676	-15452	-13694	
-14385	-13317	-12989	-15889	
-15936	-11391	-14887	-14601	
-13991	-13586	-14784	-13819	
-14865	-13763	-13847	-15604	
-15137	-12556	-15329	-14528	
-15324	-11404	-15449	-13400	
-15846	-11230	-14784	-14844	
-15070	-12783	-13538	-16033	
-16061	-12697	-14545	-15301	
-14647	-14566	-12424	-14108	
-16060	-10509	-14623	-15185	
-14363	-14380	-13960	-13693	
-15136	-12127	-15436	-12992	
-14391	-14718	-13352	-14412	
-14774	-13691	-13441	-15709	
-15737	-11038	-14926	-14738	
-13875	-13785	-14605	-13057	
-14153	-14280	-14017	-12895	
-14370	-14730	-12318	-13767	
-13715	-13627	-14715	-12853	
-15841	-12196	-14803	-14976	
-15797	-11704	-14819	-14829	
-15219	-12201	-13919	-16316	
-14509	-14390	-13205	-14806	
-14357	-13483	-12681	-15715	
-14458	-14475	-12891	-14407	
-14664	-12837	-13504	-16028	
-14105	-14286	-13973	-13020	
-14368	-14782	-12343	-13601	
-13953	-13409	-12831	-15780	
-14653	-14674	-12730	-13991	
-13973	-13184	-15082	-13150	
-13002	-13318	-13086	-15829	
-16172	-12064	-14421	-15648	
-14645	-12782	-13798	-16085	
-14615	-13040	-13048	-16012	
-15723	-11969	-15139	-15172	
-14400	-14585	-13656	-13028	
-14373	-14470	-13727	-13030	
-14612	-12868	-13464	-16168	
-14194	-13844	-13389	-15567	
-14455	-14364	-13194	-14855	
-14892	-12538	-13174	-16305	
-12665	-15346	-11424	-11943	
-14105	-14823	-13593	-13396	
-15785	-10979	-14447	-15755	
-14963	-11926	-12953	-16346	
-14334	-14525	-13800	-12902	
-14582	-13126	-12714	-16095	
-14994	-12632	-15338	-13654	
-14276	-14736	-13237	-13783	
-15996	-11462	-14311	-15662	
-15129	-12236	-15511	-13082	
-14367	-14779	-12971	-12975	
-14259	-14775	-12676	-13833	
-16152	-11832	-14534	-15446	
-15706	-11556	-14109	-15789	
-15808	-12538	-14762	-15106	
-14063	-14816	-11980	-13547	
-14854	-12706	-15335	-13652	
-14308	-14726	-13044	-12768	
-14216	-14740	-13359	-13320	
-14109	-14693	-13388	-13238	
-13945	-14442	-12927	-14755	
-14304	-14783	-13050	-12829	
-15680	-12493	-14633	-15810	
-14923	-11743	-13918	-16377	
-14504	-10606	-15912	-13165	
-15117	-12324	-15442	-14326	
-14293	-14538	-13685	-12946	
-14451	-12871	-13273	-16231	
-14195	-14759	-12656	-14126	
-13943	-14832	-12329	-13416	
-15663	-11747	-13961	-15941	
-13925	-14812	-13113	-13634	
-15619	-11521	-14194	-16047	
-14780	-11816	-13419	-16569	
-15556	-10951	-13661	-16157	
-14620	-11930	-12388	-16330	
-14550	-12154	-13645	-16349	
-13895	-15070	-12363	-13561	
-13801	-14860	-12602	-13968	
-15656	-11856	-14036	-16031	
-15110	-12433	-15517	-14416	
-14175	-14753	-13244	-13364	
-15932	-11965	-14457	-15531	
-13804	-12940	-12454	-16114	
-14515	-12368	-13127	-16362	
-14263	-14796	-12935	-12873	
-14149	-14877	-12829	-12397	
-15765	-10747	-14560	-15553	
-15793	-10703	-15111	-14532	
-13467	-12950	-13371	-16154	
-15647	-12579	-14299	-15893	
-14505	-12072	-13164	-16384	
-15871	-12953	-14583	-15484	
-15718	-10662	-14885	-15203	
-14851	-11944	-15562	-13585	
-13998	-14776	-13622	-13314	
-14834	-12474	-15448	-13450	
-13630	-12589	-12663	-16302	
-15568	-10938	-14835	-15347	
-15667	-11530	-13815	-15972	
-15731	-11858	-14498	-15618	
-14413	-11970	-13639	-16589	
-14108	-14890	-12714	-12441	
-14016	-15028	-12916	-13116	
-13957	-14851	-13102	-12786	
-15456	-11047	-13951	-16065	
-14079	-14951	-12638	-13165	
-15683	-10568	-14506	-15570	
-15588	-11170	-14722	-15549	
-14092	-12239	-13571	-16484	
-14062	-12497	-12821	-16411	
-14341	-12017	-13336	-16550	
-12498	-15359	-11596	-11764	
-13856	-14870	-13026	-12912	
-15408	-11038	-14330	-16140	
-15369	-11779	-14873	-15434	
-14698	-11677	-15597	-13291	
-13477	-14929	-13105	-11893	
-15361	-10972	-14913	-15240	
-15319	-10221	-15444	-14319	
-15368	-11449	-14885	-15246	
-15285	-10962	-15449	-13648	
-15599	-11289	-14307	-15845	
-15265	-11100	-15495	-14182	
-15341	-10721	-14768	-15588	
-15325	-12365	-14918	-15193	
-15555	-12024	-14340	-15916	
-15226	-11091	-15097	-15365	
-15383	-9867	-15286	-14762	
-15530	-11648	-14715	-15578	
-15504	-11891	-14523	-15824	
-15244	-10180	-15218	-14990	
-15440	-12394	-14669	-15693	
-15388	-10806	-14443	-15938	
-14691	-11786	-15672	-13381	
-15229	-11762	-14817	-15474	
-15272	-10626	-13930	-16146	
-15226	-12092	-13844	-16226	
-11945	-15466	-11251	-10992	
-15131	-12603	-14853	-15497	
-13858	-12290	-12333	-16579	
-15238	-11728	-14705	-15601	
-15201	-10704	-14712	-15628	
-15186	-11373	-13636	-16394	
-15014	-10939	-14789	-15665	
-15181	-10563	-14878	-15384	
-15051	-10548	-14945	-15385	
-14686	-11013	-15701	-14539	
-14915	-11529	-15093	-15423	
-14576	-11609	-12931	-16737	
-15191	-10997	-14718	-15732	
-14901	-10824	-14895	-15529	
-15293	-11408	-14659	-15917	
-14006	-10226	-15918	-14651	
-15040	-10835	-14870	-15484	
-15329	-10746	-15337	-14625	
-14849	-11150	-14980	-15750	
-15190	-11059	-15269	-14853	
-15269	-10613	-14349	-15947	
-15054	-11216	-15161	-15195	
-14854	-10781	-14899	-15461	
-13888	-12032	-13083	-16652	
-15245	-10118	-14667	-15869	
-15127	-11950	-14406	-16209	
-15223	-9709	-15396	-14558	
-15265	-10350	-14554	-16071	
-13972	-9755	-16002	-13646	
-15042	-12283	-15216	-14997	
-14992	-12916	-14785	-15725	
-15162	-11445	-15255	-14922	
-15006	-9926	-15169	-15147	
-15301	-11132	-15323	-14694	
-14647	-11294	-15688	-13234	
-14526	-10855	-15811	-14335	
-14982	-10713	-15213	-15050	
-15045	-10629	-14717	-15768	
-15062	-12515	-15103	-15199	
-15181	-11970	-15284	-14769	
-15169	-10588	-15447	-14421	
-15084	-10022	-15328	-14786	
-15030	-10901	-15379	-14649	
-15034	-10984	-15274	-14993	
-14286	-9935	-13145	-16892	
-14895	-11297	-15206	-15221	
-14924	-11191	-15206	-15079	
-14891	-10296	-15498	-14924	
-14852	-11821	-14700	-15859	
-14146	-11055	-15786	-14264	
-14867	-10239	-15101	-15375	
-14848	-10820	-14992	-15562	
-14843	-11026	-15145	-15278	
-14159	-10935	-15762	-13862	
-15079	-11106	-13834	-16450	
-14942	-10530	-14018	-16281	
-14752	-10609	-15430	-15152	
-14805	-11736	-15025	-15509	
-14773	-10779	-14766	-16233	
-14970	-11338	-15432	-14550	
-13728	-15083	-12535	-13382	
-13687	-15096	-12420	-13426	
-14785	-11504	-15138	-15307	
-15211	-11229	-14605	-15934	
-14707	-11183	-15037	-15620	
-14756	-10786	-14882	-15753	
-14687	-10951	-15150	-15418	
-13968	-15034	-12872	-13241	
-14716	-10460	-14774	-15758	
-14846	-9768	-15279	-14943	
-14936	-10418	-14058	-16381	
-14372	-11909	-13281	-16621	
-14559	-10977	-15157	-15547	
-14709	-11133	-14924	-15790	
-14906	-10942	-14649	-15996	
-14548	-10526	-15169	-15225	
-14534	-10587	-15268	-15511	
-14916	-11467	-14542	-16302	
-14605	-11831	-14811	-15832	
-14707	-10081	-15211	-15171	
-14537	-10106	-15232	-15186	
-14637	-10867	-15211	-15190	
-14800	-10607	-13123	-16565	
-15063	-12453	-14552	-16078	
-15018	-10426	-15599	-14173	
-15043	-10685	-13860	-16325	
-14777	-11042	-14561	-16109	
-14568	-11496	-14969	-15848	
-14724	-10385	-12984	-16593	
-14524	-10883	-14778	-15914	
-16913	-11797	-13627	-14933	
-14548	-11264	-15082	-15646	
-14847	-10882	-15543	-14683	
-13922	-11787	-12187	-16710	
-14289	-11303	-14842	-15876	
-16907	-11685	-13667	-15033	
-14395	-10900	-15200	-15739	
-12938	-15244	-11379	-12368	
-14514	-10355	-15381	-15309	
-14252	-11193	-14798	-15908	
-14932	-11020	-13655	-16515	
-17076	-11459	-14273	-14519	
-14236	-10157	-14989	-16069	
-14827	-10650	-15656	-14481	
-14780	-11055	-14142	-16308	
-14415	-11511	-14163	-16329	
-14410	-11477	-14117	-16545	
-14182	-11036	-15040	-15932	
-16911	-11948	-13462	-14909	
-13970	-9632	-12974	-16952	
-14375	-10668	-15313	-15537	
-14353	-10399	-14422	-16395	
-14436	-11021	-13684	-16587	
-16890	-12215	-13553	-14898	
-16630	-12793	-13869	-14586	
-14633	-10830	-13409	-16793	
-14426	-10645	-13779	-16593	
-14021	-10478	-15047	-15799	
-14230	-10842	-15462	-14951	
-13898	-10022	-15158	-15932	
-16891	-12099	-13448	-14923	
-14450	-10709	-15539	-14866	
-14053	-10592	-15476	-15063	
-16356	-11586	-14755	-14003	
-14569	-11333	-13555	-16662	
-16612	-11923	-13604	-15401	
-14037	-9709	-15226	-15704	
-14117	-10238	-15318	-15506	
-12776	-15263	-11190	-11867	
-14017	-9477	-15339	-15502	
-13973	-10063	-15384	-15261	
-14309	-11072	-15584	-14924	
-13887	-9790	-15407	-15271	
-16497	-11830	-13216	-15501	
-13878	-9790	-15271	-15730	
-14085	-11202	-14918	-16148	
-13853	-10901	-15345	-15336	
-16567	-12079	-13392	-15402	
-16530	-11744	-13550	-15418	
-13833	-10669	-15458	-15134	
-14490	-10142	-13633	-16724	
-13623	-10621	-15367	-15313	
-13452	-9836	-15354	-15344	
-12514	-15307	-11812	-12288	
-13826	-10778	-15533	-15224	
-16373	-13107	-13320	-14798	
-13953	-9831	-15497	-15059	
-13448	-9485	-15340	-15529	
-13350	-9363	-15399	-15684	
-13436	-10552	-15395	-15331	
-14204	-11028	-14299	-16422	
-16364	-13257	-13522	-14774	
-14289	-10902	-14568	-16264	
-16406	-12960	-13369	-14812	
-13736	-10760	-14615	-16275	
-13408	-9485	-15056	-16118	
-13428	-9253	-15453	-15327	
-14224	-9814	-14461	-16313	
-16400	-12966	-13514	-14977	
-13494	-11459	-15192	-15847	
-16506	-13013	-13710	-14309	
-16303	-13502	-13160	-14784	
-14166	-10384	-15808	-14855	
-13952	-11529	-12937	-16783	
-14061	-10340	-14523	-16353	
-13918	-10633	-14121	-16522	
-13895	-10595	-14183	-16467	
-13569	-10090	-14662	-16242	
-14052	-11063	-14786	-16215	
-16431	-12983	-13599	-14491	
-13525	-10277	-14751	-16368	
-16357	-13366	-13597	-14864	
-16433	-12333	-13362	-15370	
-13329	-9900	-15491	-15417	
-13309	-9798	-15272	-15757	
-13382	-9589	-14975	-16299	
-15963	-12967	-14618	-13946	
-16699	-11518	-14156	-14904	
-16461	-13113	-13681	-14448	
-13789	-11505	-14194	-16470	
-16008	-12040	-12968	-15785	
-13211	-9676	-15331	-15912	
-16335	-13031	-13806	-14954	
-13766	-9899	-14387	-16448	
-13354	-10364	-15107	-15981	
-16304	-13081	-13948	-14777	
-13812	-10194	-15542	-15117	
-16335	-12926	-13909	-14641	
-13639	-9598	-15773	-15008	
-16237	-13327	-14222	-14829	
-12711	-9893	-15558	-15474	
-13514	-10062	-14443	-16380	
-13707	-10150	-14257	-16615	
-14365	-11633	-13905	-16546	
-14061	-11321	-13897	-16591	
-13714	-10041	-14182	-16525	
-13510	-10341	-14532	-16409	
-13096	-9934	-15112	-15950	
-16199	-13157	-14303	-14869	
-12216	-9510	-15126	-15942	
-13646	-10817	-14418	-16401	
-13286	-9717	-15557	-15241	
-12669	-9677	-15476	-15509	
-13653	-11029	-14308	-16478	
-16217	-13095	-14335	-14627	
-13652	-10036	-15652	-14913	
-12561	-9193	-14418	-16423	
-13145	-10080	-15602	-15299	
-13177	-10306	-15178	-15914	
-12662	-9786	-15551	-15599	
-13778	-9538	-14036	-16656	
-13581	-9729	-14311	-16450	
-13059	-10317	-14383	-16454	
-15987	-11774	-14796	-14658	
-12701	-9903	-15052	-16124	
-16169	-13415	-13553	-14796	
-16532	-12535	-14424	-15128	
-16275	-13467	-14041	-14064	
-12898	-9712	-14777	-16330	
-16226	-12185	-14002	-15473	
-15822	-13869	-13837	-14145	
-16077	-13169	-14332	-14625	
-14498	-9797	-15706	-14489	
-16048	-13280	-14240	-15042	
-15091	-13789	-14325	-13188	
-16220	-13352	-14207	-14444	
-15943	-13181	-14244	-15126	
-15831	-13171	-14475	-14084	
-14444	-10676	-15757	-14352	
-15936	-13290	-14319	-15216	
-16080	-13426	-14204	-14442	
-13125	-9848	-15715	-15097	
-14461	-14720	-12711	-12950	
-14478	-14696	-12737	-12899	
-15820	-13489	-14140	-14454	
-16055	-11597	-13523	-15769	
-16533	-12036	-14446	-14937	
-16220	-12073	-14042	-15573	
-15906	-11813	-13544	-15776	
-16299	-12925	-13893	-14840	
-13006	-9655	-15621	-15106	
-15684	-14112	-13316	-14173	
-12740	-9676	-15605	-15242	
-15812	-13510	-14160	-14939	
-16224	-12336	-13837	-15449	
-16204	-13360	-13722	-14767	
-13506	-10107	-13784	-16700	
-15695	-13328	-14367	-14426	
-15261	-12840	-14927	-14430	
-14574	-14617	-13070	-13274	
-16270	-12694	-14070	-15222	
-15556	-12602	-14990	-14062	
-15552	-14054	-13610	-14522	
-14392	-14748	-12476	-13237	
-16204	-12487	-13823	-15463	
-15259	-12648	-14982	-14793	
-16206	-13048	-14228	-14779	
-15535	-10968	-13630	-16085	
-16389	-11847	-14648	-15059	
-15613	-13396	-14216	-15187	
-14326	-14726	-12496	-13121	
-15463	-11323	-13327	-16140	
-15403	-12596	-15115	-13965	
-14640	-14677	-12926	-13400	
-15203	-11497	-15148	-14758	
-15843	-13355	-14121	-14803	
-14272	-14764	-12825	-13106	
-15428	-11012	-14832	-15345	
-15201	-12202	-15171	-14971	
-15278	-11538	-15374	-14087	
-15376	-12748	-14827	-15250	
-15684	-11858	-13930	-15779	
-15154	-12529	-15138	-13661	
-15298	-13891	-13212	-14897	
-15540	-12453	-14998	-14204	
-12919	-9607	-13749	-16753	
-16075	-12653	-14233	-15600	
-15239	-13889	-13236	-14989	
-13785	-9814	-13412	-16731	
-13167	-9928	-13456	-16740	
-15125	-14036	-13523	-14645	
-14301	-14719	-13115	-12849	
-14241	-14779	-12598	-13360	
-15109	-14037	-13950	-14570	
-15819	-13401	-14085	-14849	
-15199	-12324	-15009	-14090	
-14294	-9831	-15839	-14120	
-15063	-14073	-13383	-14740	
-15179	-10295	-15441	-14317	
-15400	-12527	-14995	-14202	
-15529	-13518	-14487	-14542	
-15225	-13862	-13646	-14968	
-14244	-14510	-13661	-13168	
-15377	-11833	-13586	-16068	
-15262	-12341	-14949	-14239	
-15058	-13144	-13889	-15825	
-14241	-14747	-12740	-13592	
-14968	-13602	-13966	-15563	
-14185	-14457	-13734	-12961	
-14137	-14463	-13690	-13086	
-14224	-14770	-12781	-13231	
-15043	-13418	-13428	-15589	
-16034	-12592	-13875	-15632	
-15039	-13977	-14095	-14956	
-15192	-11615	-14727	-15544	
-12553	-8496	-15845	-15026	
-15147	-11583	-14763	-15491	
-15357	-13334	-13635	-15442	
-15515	-12435	-14895	-15022	
-13953	-10315	-12485	-16870	
-14421	-14414	-12592	-14659	
-15105	-10192	-14664	-15867	
-14193	-14753	-12696	-13717	
-14649	-14275	-13719	-14709	
-15318	-11496	-14407	-15878	
-14990	-11570	-15319	-14752	
-14375	-14455	-12688	-14644	
-15727	-13554	-13943	-15041	
-14919	-12591	-15112	-14325	
-14895	-13505	-14597	-15677	
-15858	-12612	-14621	-15192	
-13509	-10160	-12645	-16887	
-14497	-10418	-13009	-16799	
-15942	-12341	-14362	-15525	
-15464	-12052	-14986	-14965	
-14847	-13593	-14629	-14137	
-14942	-10280	-15327	-14704	
-15039	-11280	-14942	-15236	
-15774	-13501	-14056	-14988	
-14584	-14636	-12863	-13860	
-15851	-12721	-14696	-15282	
-15125	-11174	-15492	-14180	
-15127	-11351	-14876	-15289	
-15838	-12125	-14300	-15562	
-14997	-11427	-14996	-15248	
-14986	-11714	-14921	-15347	
-14064	-14770	-13118	-13542	
-15351	-14031	-13958	-14318	
-15260	-12113	-14289	-15972	
-13166	-10164	-12080	-16871	
-14818	-13704	-14537	-14554	
-14822	-10555	-15323	-14846	
-15592	-12359	-14182	-15900	
-15305	-12133	-15031	-14991	
-14997	-14047	-14029	-14744	
-16012	-11906	-14531	-15444	
-14827	-12858	-15047	-14937	
-15266	-12539	-14907	-14703	
-14036	-9401	-15844	-14089	
-14900	-11593	-14874	-15464	
-15248	-10880	-14440	-15936	
-14944	-11423	-15093	-15281	
-15051	-11071	-14715	-15730	
-15367	-13594	-14317	-14867	
-15285	-11582	-14073	-15961	
-14802	-10354	-15324	-14702	
-14254	-13062	-13548	-16025	
-14638	-14486	-13371	-14169	
-15564	-13403	-14042	-15073	
-15596	-12142	-14036	-15931	
-14377	-12592	-15257	-13922	
-14900	-10909	-14867	-15482	
-14999	-12807	-14710	-15635	
-13578	-12905	-13013	-16088	
-15189	-10820	-15334	-14623	
-15184	-12607	-14756	-15464	
-14237	-12666	-15254	-13920	
-15138	-12494	-14778	-15407	
-15093	-13815	-14133	-14813	
-14634	-11018	-15383	-14876	
-13598	-10358	-13297	-16807	
-14235	-12836	-15069	-14387	
-15103	-13623	-13937	-15399	
-15165	-12207	-15028	-14989	
-14485	-14480	-13496	-14072	
-14752	-12817	-14821	-15608	
-14405	-14197	-13438	-14717	
-14870	-13829	-13723	-15042	
-14932	-13710	-14293	-15012	
-14683	-10868	-15255	-15074	
-15103	-12697	-13872	-15950	
-15309	-12722	-14841	-14879	
-15658	-13123	-14671	-15091	
-15120	-12961	-14914	-15021	
-14918	-11067	-15371	-14607	
-15196	-12616	-14435	-15841	
-14947	-11593	-13133	-16341	
-14842	-10787	-15210	-15048	
-14891	-12504	-14889	-15380	
-14623	-11305	-15308	-14975	
-15711	-12795	-14693	-15280	
-14744	-11518	-14879	-15604	
-12700	-9482	-15855	-14802	
-14772	-13552	-14403	-14808	
-14847	-12012	-14905	-15233	
-15319	-13250	-14238	-15484	
-14916	-12522	-14992	-14562	
-14495	-11331	-15315	-15104	
-14743	-13663	-14311	-15225	
-15050	-11133	-15266	-14851	
-14778	-11141	-15368	-14605	
-14846	-11788	-14918	-15345	
-14794	-11504	-15274	-14848	
-15170	-13035	-14773	-15107	
-14684	-11092	-15242	-14962	
-14943	-10694	-13434	-16456	
-14613	-11555	-15475	-14609	
-14573	-11221	-15369	-14747	
-14864	-11480	-13069	-16459	
-14023	-13931	-13745	-15180	
-14688	-12093	-14950	-15259	
-14217	-12434	-15367	-13718	
-12820	-9033	-13192	-16839	
-14643	-11537	-15195	-15177	
-14257	-11077	-15266	-15261	
-15169	-12796	-14838	-14877	
-15073	-13160	-14178	-15662	
-14702	-11665	-14933	-15616	
-14662	-11339	-14825	-15621	
-14255	-13068	-14956	-14589	
-14606	-11314	-14803	-15678	
-15053	-11928	-14659	-15772	
-14470	-10941	-15426	-15068	
-14959	-13002	-14451	-15808	
-15127	-12852	-14839	-14931	
-14450	-12917	-14930	-15322	
-14224	-10889	-14986	-15920	
-14612	-11722	-14736	-15742	
-14885	-12262	-13798	-16230	
-14422	-11531	-15529	-13769	
-14153	-11775	-15153	-15303	
-14493	-12393	-15436	-14684	
-14871	-12643	-14202	-15882	
-14830	-11412	-15429	-14548	
-14962	-13174	-14035	-15652	
-14873	-12974	-13813	-15827	
-14373	-11530	-15238	-15020	
-14798	-13005	-14260	-15871	
-14063	-11832	-14956	-15429	
-14355	-11199	-15207	-15106	
-14662	-12491	-13949	-15920	
-14289	-11618	-15261	-14961	
-14021	-11979	-15010	-15441	
-14709	-12279	-13652	-16216	
-14353	-11298	-15351	-14818	
-14645	-11578	-15135	-15305	
-14375	-12876	-14704	-15993	
-14087	-13577	-13587	-15623	
-15444	-12657	-14464	-15569	
-14913	-11608	-14634	-15846	
-14092	-11093	-14843	-16058	
-14289	-12333	-13686	-16336	
-14620	-11446	-15400	-14519	
-14314	-11845	-15555	-13766	
-14553	-12531	-14285	-15978	
-14547	-11025	-15147	-15416	
-14861	-11787	-14588	-15986	
-14712	-10908	-15437	-14519	
-15191	-12498	-14681	-15374	
-14303	-11931	-14920	-15546	
-14565	-11637	-15061	-15392	
-14703	-11100	-15142	-15276	
-14437	-11824	-15141	-15034	
-14597	-11385	-15601	-13563	
-13332	-11260	-15362	-15515	
-15098	-12689	-14519	-15580	
-14307	-11151	-15125	-15347	
-14309	-11850	-15148	-15163	
-14277	-11666	-15251	-14830	
-14483	-11379	-15305	-14973	
-14428	-11305	-15329	-14733	
-14205	-12424	-13320	-16219	
-14523	-11652	-14757	-15849	
-13011	-12472	-13596	-16212	
-14654	-11607	-15368	-14445	
-14379	-10845	-14765	-16138	
-14367	-11577	-14762	-15989	
-14020	-10837	-15210	-15600	
-14263	-11737	-15170	-15106	
-14548	-12167	-14947	-15257	
-14295	-11678	-15072	-15208	
-14156	-10680	-15318	-15258	
-14346	-11407	-15426	-14908	
-14160	-11243	-15144	-15477	
-13463	-12522	-13688	-16169	
-14216	-11512	-15139	-15334	
-14176	-10912	-15205	-15460	
-14017	-10978	-15302	-15144	
-14687	-10724	-15653	-14479	
-14149	-11692	-15258	-14959	
-14118	-11390	-15198	-15489	
-14642	-12608	-14901	-15061	
-14160	-11666	-15078	-15213	
-14538	-12515	-13996	-16141	
-14074	-11746	-15591	-13649	
-14302	-11623	-15538	-13931	
-14641	-11169	-15489	-14540	
-14096	-12020	-15236	-14770	
-14089	-12129	-15311	-14860	
-14356	-11935	-14823	-15513	
-14243	-11505	-15283	-14904	
-14196	-11280	-15252	-15132	
-14912	-13163	-13987	-15725	
-14299	-11368	-15094	-15327	
-14503	-12921	-14833	-15289	
-13336	-9791	-15416	-15327	
-13999	-11374	-15302	-15333	
-14236	-11614	-15358	-14994	
-14014	-12088	-15085	-15531	
-15030	-13109	-14770	-15105	
-13078	-12462	-12972	-16387	
-14695	-12042	-14248	-16100	
-13608	-12647	-13763	-16161	
-14545	-11405	-15174	-15190	
-14019	-11606	-15189	-15535	
-13731	-10305	-15224	-15596	
-14016	-10754	-15315	-15256	
-14310	-11788	-14597	-16042	
-14478	-13297	-13837	-15683	
-14010	-11087	-15377	-15234	
-14319	-11093	-15652	-14066	
-13871	-11400	-15309	-15462	
-14296	-12224	-13611	-16246	
-14006	-11265	-15227	-15243	
-14167	-11225	-15122	-15345	
-14117	-13319	-14337	-15696	
-13770	-11710	-15201	-15216	
-13289	-9566	-15385	-15555	
-14176	-11369	-15557	-13689	
-15034	-13192	-14665	-15449	
-14294	-11136	-15365	-14965	
-13881	-11150	-15142	-15828	
-14188	-11696	-14944	-15777	
-13619	-11574	-15277	-15262	
-13633	-11146	-15260	-15619	
-14408	-11338	-15079	-15644	
-14578	-12060	-14626	-15896	
-14310	-10783	-15536	-14864	
-14147	-11651	-15318	-14831	
-14306	-11213	-15676	-14468	
-13918	-11737	-14955	-15593	
-14643	-12073	-14208	-16240	
-14024	-11331	-15589	-14434	
-14235	-11781	-14619	-16127	
-14848	-11927	-13956	-16246	
-13472	-12089	-15230	-15128	
-14439	-12373	-14558	-16124	
-14204	-12576	-13875	-16055	
-13906	-11814	-14857	-15743	
-13878	-11291	-15234	-15372	
-14168	-11464	-15057	-15575	
-14043	-11444	-15531	-14179	
-14327	-11383	-15012	-15549	
-14345	-13134	-13954	-15920	
-14409	-12631	-13808	-16051	
-14228	-11890	-14694	-16217	
-14319	-11600	-14981	-15529	
-14349	-12324	-13797	-16146	
-14211	-10919	-14224	-16332	
-13316	-9993	-15246	-15686	
-13660	-12331	-13413	-16375	
-13750	-11478	-15314	-15014	
-14490	-11513	-14625	-15916	
-13686	-11891	-14839	-15814	
-13157	-10074	-15291	-15712	
-14251	-11203	-14122	-16366	
-14028	-11538	-15054	-15573	
-14026	-11497	-15114	-15445	
-13642	-11778	-14887	-15627	
-14160	-12350	-14108	-16161	
-14857	-11204	-13693	-16384	
-14185	-12269	-13969	-16312	
-14359	-12620	-13760	-16124	
-14514	-12563	-14772	-15765	
-13996	-11515	-15394	-14877	
-13903	-11518	-15528	-14177	
-13946	-11441	-15535	-14791	
-13436	-11668	-15256	-15003	
-13526	-12014	-14832	-15672	
-13956	-11191	-15368	-15157	
-14260	-10926	-15094	-15575	
-13555	-10471	-15066	-15894	
-14507	-11597	-14322	-16248	
-14144	-12208	-13611	-16344	
-14041	-10710	-14934	-16001	
-13252	-10347	-15404	-15243	
-13599	-11472	-15058	-15602	
-13953	-11332	-15460	-14701	
-12805	-10474	-15327	-15668	
-13782	-11704	-14890	-15629	
-13875	-11663	-15104	-15338	
-13659	-11248	-15001	-15762	
-14391	-11529	-13986	-16365	
-13182	-10415	-15444	-15283	
-12608	-10184	-15511	-15399	
-13364	-11486	-14938	-16130	
-14235	-12166	-14070	-16292	
-14501	-11243	-15486	-14538	
-13017	-10148	-15288	-15710	
-14007	-12465	-14400	-16015	
-13307	-9877	-14813	-16180	
-12369	-15220	-11613	-12306	
-13576	-11391	-15343	-15086	
-13627	-11022	-15425	-15147	
-13501	-11350	-15117	-15757	
-13059	-11727	-15139	-15388	
-12769	-10053	-15353	-15543	
-13569	-11500	-15418	-15176	
-14154	-11210	-15362	-14963	
-14038	-11491	-14803	-15858	
-13691	-11268	-14917	-16053	
-12822	-11487	-15083	-15727	
-13610	-11552	-15311	-15012	
-12408	-10357	-15264	-15865	
-12844	-10591	-14828	-16193	
-14180	-11815	-14343	-16325	
-13371	-11377	-14863	-16040	
-13543	-11203	-15063	-15745	
-13504	-12315	-14806	-15743	
-12615	-10075	-15436	-15309	
-13006	-10581	-15286	-15581	
-14364	-10909	-14546	-16179	
-13802	-11936	-14777	-15831	
-12837	-10700	-14903	-16283	
-12547	-10044	-15332	-15637	
-12952	-11460	-15337	-15444	
-11866	-10358	-15409	-15462	
-13289	-11774	-14776	-16011	
-12976	-10387	-14971	-16055	
-11898	-10584	-14985	-16077	
-14249	-11766	-13823	-16443	
-13712	-10778	-14438	-16311	
-13647	-11390	-15472	-14819	
-14372	-11524	-13830	-16456	
-12984	-11686	-14913	-16059	
-13329	-11401	-15454	-15059	
-13467	-10864	-15535	-14943	
-14184	-12078	-14138	-16201	
-13997	-11824	-14043	-16460	
-13684	-11947	-13982	-16371	
-13193	-10835	-15381	-15322	
-12295	-10701	-15048	-15880	
-13456	-10784	-15282	-15533	
-13499	-12129	-14420	-16150	
-13503	-11173	-15006	-15902	
-14239	-11564	-14473	-16158	
-14339	-11671	-13781	-16442	
-12751	-10108	-15501	-15273	
-13864	-11512	-14172	-16385	
-14351	-12014	-14309	-16198	
-12152	-10013	-15272	-15811	
-13569	-12205	-13763	-16409	
-14149	-10914	-15694	-14720	
-13607	-10790	-15538	-14945	
-13800	-12015	-14318	-16254	
-13854	-11136	-14267	-16391	
-14187	-11706	-14268	-16235	
-12887	-10662	-15615	-15018	
-13252	-10883	-14417	-16306	
-13672	-11263	-14761	-16144	
-13355	-9715	-15921	-13914	
-12972	-11343	-14385	-16303	
-13729	-11791	-14194	-16370	
-13220	-8951	-15928	-13973	
-13026	-10464	-14334	-16440	
-13504	-10702	-15696	-14750	
-13202	-11005	-14159	-16523	
-13945	-11253	-13561	-16708	
-13816	-10668	-13600	-16626	
-14412	-11405	-13115	-16591	
-13714	-10426	-13633	-16690	
-14410	-11444	-13011	-16648	
-12985	-9922	-15712	-15095	
-13442	-10610	-13930	-16569	
-13266	-10502	-14013	-16654	
-13279	-10531	-13977	-16564	
-13881	-11756	-13707	-16577	
-12688	-8100	-16018	-14454	
-12843	-10170	-15631	-14871	
-13069	-8304	-15930	-13945	
-12884	-8530	-13046	-16970	
-14433	-10921	-13155	-16668	
-12540	-9324	-15965	-14598	
-13809	-10841	-13161	-16714	
-13906	-10135	-13120	-16821	
-13174	-10204	-12832	-16815	
