-31824	-22011	-24940	
-31819	-22141	-26468	
-31790	-22688	-24971	
-31777	-23384	-25756	
-31664	-23409	-26805	
-31635	-23956	-25308	
-31608	-24115	-26457	
-31568	-24331	-25137	
-31523	-24770	-25892	
-31729	-21900	-26484	
-31691	-22322	-26701	
-31426	-24833	-27145	
-31668	-22926	-26751	
-31391	-25243	-26354	
-31654	-22389	-27115	
-31606	-21823	-27192	
-31604	-22422	-27401	
-31177	-25295	-25912	
-31160	-25336	-26439	
-31124	-25344	-26667	
-31108	-25414	-25673	
-31057	-25530	-26309	
-31600	-22905	-27455	
-31582	-21864	-27696	
-31013	-25569	-26138	
-31002	-25614	-26498	
-30982	-25691	-27448	
-30927	-25753	-27265	
-31508	-21971	-27896	
-30867	-25774	-27361	
-30856	-25822	-26307	
-30806	-26120	-27332	
-31475	-21534	-28141	
-30644	-26172	-26901	
-31367	-22876	-28345	
-30635	-26182	-27827	
-30619	-26252	-26833	
-30580	-26269	-26602	
-30575	-26291	-26662	
-30553	-26327	-26711	
-31343	-22219	-28543	
-30513	-26452	-27658	
-30474	-26469	-27427	
-30469	-26491	-27487	
-30376	-26503	-27155	
-31275	-21942	-28786	
-30368	-26507	-25682	
-30341	-26565	-25791	
-30339	-26629	-28290	
-30264	-26757	-27226	
-31188	-23487	-28880	
-30193	-26826	-26268	
-31120	-23210	-29123	
-30127	-26867	-27370	
-30116	-26921	-26935	
-30069	-26947	-27630	
-30061	-26949	-26781	
-30058	-26986	-27131	
-29995	-27039	-27761	
-31031	-23514	-29215	
-29920	-27123	-27239	
-30849	-23538	-29420	
-29822	-27177	-26253	
-29817	-27199	-26313	
-29782	-27208	-26890	
-29738	-27341	-27029	
-30755	-22185	-29458	
-29716	-27377	-27078	
-30739	-23783	-29515	
-29711	-27399	-27138	
-30693	-22991	-29580	
-29555	-27406	-27992	
-29507	-27432	-27361	
-29497	-27451	-26696	
-29491	-27503	-26566	
-30669	-23665	-29615	
-30662	-24549	-29727	
-29468	-27530	-26179	
-29433	-27548	-26397	
-29428	-27570	-26457	
-29420	-27572	-25608	
-29395	-27645	-26007	
-30608	-23474	-29864	
-29351	-27659	-26505	
-29298	-27708	-27260	
-29285	-27732	-26471	
-30502	-23625	-29929	
-29235	-27761	-27890	
-29229	-27782	-26950	
-30364	-23413	-30018	
-29222	-27785	-27101	
-29160	-27845	-27368	
-29149	-27884	-26869	
-30328	-23913	-30102	
-29117	-27908	-26831	
-29099	-27920	-27753	
-28997	-27927	-27078	
-28980	-27939	-25839	
-28965	-27950	-27040	
-30148	-24509	-30221	
-28917	-27977	-26409	
-28890	-28034	-26518	
-28826	-28041	-27287	
-28816	-28091	-27072	
-30094	-23933	-30226	
-30031	-23438	-30228	
-30005	-24453	-30380	
-28809	-28094	-27223	
-28803	-28115	-26283	
-28782	-28152	-27332	
-28734	-28178	-26701	
-28707	-28236	-26810	
-29990	-24522	-30386	
-29908	-23964	-30541	
-28546	-28280	-26222	
-28469	-28287	-27099	
-28465	-28311	-26757	
-31763	-22847	-26120	
-28464	-28367	-25851	
-29659	-24836	-30621	
-28342	-28379	-26859	
-28303	-28427	-26640	
-31713	-22880	-26406	
-29542	-23765	-30628	
-28261	-28429	-27034	
-28238	-28438	-26444	
-29534	-24266	-30679	
-28195	-28500	-25907	
-31670	-23048	-25946	
-31624	-23625	-25485	
-29519	-24335	-30685	
-29448	-24999	-30898	
-28191	-28553	-26521	
-31621	-23419	-25672	
-31614	-23754	-25598	
-31612	-23632	-26403	
-28114	-28566	-27459	
-28072	-28568	-26009	
-28066	-28592	-26828	
-31526	-24226	-26565	
-28039	-28650	-26937	
-31616	-22843	-26882	
-27913	-28699	-27182	
-31539	-22038	-27491	
-31515	-22239	-27525	
-29254	-24705	-30917	
-31582	-23520	-26913	
-31597	-23784	-26634	
-29188	-24649	-30920	
-27812	-28712	-26972	
-29099	-24397	-30924	
-31492	-22394	-27560	
-29045	-24593	-31079	
-31567	-22980	-27005	
-27791	-28747	-25831	
-31473	-22304	-27651	
-31561	-23318	-27203	
-31472	-23107	-27803	
-31435	-23153	-28102	
-31491	-24523	-26572	
-27772	-28751	-27250	
-31482	-24127	-27493	
-31547	-23817	-26920	
-27771	-28752	-26250	
-27748	-28765	-26602	
-31565	-23988	-26472	
-27684	-28772	-27371	
-31538	-23258	-27224	
-31540	-23838	-26700	
-31468	-23590	-27857	
-27674	-28793	-26986	
-31533	-23280	-27284	
-31544	-23611	-27107	
-31532	-24094	-27207	
-31499	-23657	-27452	
-27670	-28830	-26223	
-31447	-24537	-26702	
-27643	-28888	-26332	
-28936	-24571	-31140	
-27582	-28914	-26958	
-28787	-24861	-31150	
-28742	-24680	-31176	
-27562	-28919	-26867	
-27502	-28940	-26400	
-31096	-25368	-26762	
-31417	-23768	-27560	
-31284	-24907	-26544	
-31295	-23817	-28435	
-28726	-23932	-31266	
-27410	-28962	-27076	
-31400	-23313	-28100	
-31382	-24065	-27567	
-31344	-24019	-27752	
-31240	-25026	-26540	
-31404	-24275	-27440	
-31253	-21978	-28559	
-31235	-23561	-28747	
-31259	-22365	-28450	
-31407	-23839	-27499	
-31240	-22275	-28541	
-31353	-23239	-28233	
-31220	-24939	-26867	
-27406	-28998	-26426	
-31378	-23349	-27873	
-31317	-24375	-28140	
-31185	-25072	-26517	
-31360	-23507	-27862	
-31358	-24556	-27388	
-31176	-24978	-26696	
-31158	-25214	-27244	
-27335	-29010	-26852	
-31323	-24069	-27735	
-31328	-24047	-27675	
-27334	-29011	-25852	
-27254	-29040	-26635	
-31300	-23251	-28174	
-31195	-24926	-27230	
-31282	-24785	-27349	
-31157	-25269	-27117	
-28519	-25459	-31302	
-31052	-25407	-26591	
-31258	-24494	-27462	
-31042	-25455	-26775	
-31243	-24524	-27722	
-31024	-25466	-28097	
-27177	-29044	-26171	
-31011	-25477	-26926	
-27174	-29090	-25966	
-31213	-24775	-27405	
-31213	-24563	-27465	
-28465	-24384	-31439	
-31206	-24748	-27409	
-31193	-24804	-28035	
-31199	-24563	-27551	
-31154	-24966	-27582	
-30984	-25535	-27035	
-31056	-25279	-26850	
-31055	-25344	-26787	
-31052	-25359	-26815	
-31050	-25366	-26847	
-31048	-25323	-27417	
-31203	-24435	-27810	
-31249	-24098	-28383	
-31039	-25390	-26811	
-31027	-25345	-27129	
-27140	-29123	-27166	
-31089	-25156	-27524	
-30827	-25804	-26734	
-31150	-23584	-28490	
-31081	-25248	-27867	
-31095	-24018	-28565	
-31171	-24246	-28330	
-31119	-24953	-27617	
-31089	-25204	-27300	
-27071	-29242	-26927	
-31082	-25177	-27304	
-31090	-24040	-28625	
-31118	-24516	-28041	
-31106	-24436	-28272	
-31086	-24468	-28225	
-31065	-24091	-28860	
-31071	-24908	-28272	
-31046	-24197	-28392	
-31026	-24253	-28407	
-31115	-23284	-28979	
-31010	-24495	-28612	
-31032	-24166	-28410	
-31027	-24188	-28470	
-28373	-24271	-31451	
-31001	-23585	-28941	
-31003	-24631	-28515	
-28177	-24531	-31608	
-30968	-23662	-29060	
-30957	-25677	-27762	
-30974	-24909	-28734	
-30909	-24215	-28949	
-30924	-25752	-27312	
-31002	-24908	-28392	
-31013	-24971	-28110	
-30947	-25337	-28167	
-30798	-25774	-27481	
-30854	-24134	-29139	
-30949	-25178	-28103	
-30947	-24971	-28185	
-30971	-24615	-28777	
-30770	-25775	-27823	
-30751	-25784	-27533	
-30936	-24948	-28532	
-30715	-25792	-27761	
-30540	-26310	-26931	
-30696	-25846	-27350	
-30600	-26226	-27054	
-30694	-26001	-27714	
-30919	-24951	-28481	
-30856	-25127	-28414	
-30924	-24171	-28839	
-30793	-25559	-28182	
-30914	-24390	-28827	
-26991	-29292	-26258	
-30838	-24879	-29162	
-30531	-26251	-27197	
-30837	-23801	-29373	
-30848	-25219	-28757	
-30895	-24578	-28837	
-30591	-26221	-27656	
-30763	-25717	-27889	
-30650	-26040	-27543	
-30818	-25295	-28260	
-30814	-25349	-28180	
-30759	-25753	-27932	
-30795	-25380	-28376	
-30135	-26778	-27442	
-30749	-25662	-28338	
-30807	-24060	-29272	
-30815	-25294	-28307	
-30687	-25816	-27856	
-30637	-26023	-27763	
-30690	-25778	-28075	
-30791	-25437	-28987	
-30646	-25792	-27881	
-26817	-29304	-25538	
-30580	-25890	-27833	
-30618	-25793	-28223	
-30607	-25796	-28141	
-30568	-26048	-27906	
-30769	-24879	-29282	
-30598	-25797	-28223	
-30719	-24331	-29497	
-30566	-26182	-27947	
-26718	-29353	-26987	
-30662	-25754	-28394	
-30563	-25835	-27970	
-30554	-25836	-28052	
-30549	-25858	-28054	
-30717	-25586	-28569	
-30515	-26200	-28406	
-30517	-25809	-28247	
-30522	-26221	-27776	
-30511	-26245	-27740	
-30673	-25625	-28398	
-30439	-26264	-27865	
-30672	-25648	-28641	
-30404	-26319	-27717	
-30522	-25776	-28973	
-30483	-26225	-28036	
-27895	-24295	-31630	
-30516	-25799	-28561	
-29816	-27126	-26608	
-30361	-26470	-28058	
-29811	-27148	-26668	
-30242	-26681	-27712	
-30366	-26487	-27563	
-30714	-24405	-29353	
-30622	-25665	-28482	
-30728	-24942	-28989	
-30526	-25724	-28822	
-30716	-25149	-28993	
-30714	-24942	-29075	
-30686	-24922	-29371	
-30209	-26756	-27262	
-30096	-26889	-27521	
-26705	-29377	-26198	
-30581	-25320	-29070	
-30528	-25481	-28689	
-30149	-26693	-27380	
-30599	-24054	-29729	
-30575	-24065	-29738	
-30140	-26756	-27382	
-27876	-25754	-31638	
-30478	-25815	-28802	
-30550	-24975	-29083	
-30544	-25296	-29168	
-30460	-26027	-28477	
-30136	-26736	-27965	
-27762	-24262	-31669	
-30452	-24432	-29810	
-30345	-26213	-28135	
-30341	-26238	-28131	
-30409	-25972	-28593	
-26701	-29406	-26923	
-30657	-24623	-29583	
-30544	-24935	-29466	
-30098	-26842	-27472	
-30510	-25351	-29255	
-30340	-26228	-28445	
-30117	-26769	-27930	
-30428	-23942	-29824	
-30596	-24681	-29387	
-30415	-24408	-29908	
-30566	-24645	-29603	
-30404	-25994	-28653	
-29764	-27129	-27427	
-30360	-26033	-28482	
-29753	-27174	-27787	
-30166	-26660	-28462	
-30073	-26819	-27889	
-30482	-25687	-29061	
-30449	-25250	-29306	
-30309	-26029	-28569	
-30276	-26254	-28651	
-27617	-24465	-31679	
-30298	-25846	-28684	
-29740	-27198	-26998	
-30295	-25861	-28712	
-29464	-27526	-26246	
-30419	-25023	-29684	
-29354	-27613	-26710	
-30420	-24689	-29535	
-30343	-23888	-29914	
-30277	-25953	-28800	
-30395	-25606	-29072	
-30232	-26293	-28480	
-30394	-25418	-29131	
-27605	-23957	-31683	
-26531	-29425	-25411	
-29897	-27101	-28014	
-30394	-25169	-29496	
-30216	-26326	-28349	
-27573	-24779	-31705	
-30029	-26858	-27718	
-29732	-27290	-27384	
-30392	-25446	-29077	
-30330	-25806	-28860	
-30273	-26024	-29090	
-30345	-25468	-29243	
-30195	-26555	-28304	
-30350	-25394	-29387	
-30181	-26487	-28361	
-30194	-26304	-28626	
-30005	-26916	-28245	
-30334	-25678	-29119	
-29808	-27112	-27970	
-30170	-26532	-28721	
-30238	-26079	-28899	
-29480	-27490	-27470	
-30133	-26735	-28012	
-29375	-27551	-26950	
-30378	-25273	-29306	
-30352	-25209	-29326	
-30325	-24167	-29924	
-30316	-25605	-29136	
-30374	-25767	-29031	
-30288	-24238	-30007	
-30302	-25502	-29164	
-30073	-26672	-28130	
-30230	-26171	-29285	
-26382	-29447	-26182	
-29489	-27441	-26959	
-29444	-27500	-27451	
-30326	-24937	-29818	
-30300	-25666	-29225	
-29436	-27502	-26602	
-27447	-23523	-31707	
-27434	-24428	-31755	
-30298	-25730	-29091	
-30320	-25466	-29265	
-30297	-25293	-29515	
-30198	-26196	-28915	
-30277	-25397	-29481	
-30255	-25877	-29286	
-29671	-27310	-27226	
-30330	-25129	-29531	
-30251	-25466	-29385	
-29709	-27213	-27616	
-30191	-24362	-30026	
-29587	-27330	-27442	
-30265	-24530	-29871	
-30263	-25281	-29621	
-29582	-27348	-27883	
-29323	-27635	-26861	
-30216	-24580	-29983	
-30246	-25597	-29339	
-29653	-27224	-27552	
-30156	-26320	-28867	
-29566	-27375	-27630	
-29597	-27280	-27657	
-29342	-27575	-27121	
-26286	-29521	-26720	
-29972	-26700	-28589	
-29337	-27597	-27181	
-30231	-25770	-29440	
-29968	-26705	-28258	
-30205	-24790	-29859	
-29921	-26837	-28289	
-30126	-26571	-28550	
-30232	-25121	-29745	
-29364	-27539	-27072	
-30208	-25613	-29580	
-29917	-26760	-28392	
-29256	-27724	-26841	
-29857	-27012	-28102	
-29606	-27186	-28491	
-30042	-26347	-28835	
-30171	-24778	-29965	
-29239	-27732	-27165	
-30004	-26363	-29076	
-30008	-26311	-28925	
-30209	-25212	-29735	
-29984	-26563	-29036	
-29728	-27140	-28074	
-29899	-26761	-28775	
-29850	-26887	-28619	
-29351	-27512	-27119	
-29812	-26984	-28229	
-29344	-27515	-27270	
-30157	-24974	-29760	
-29641	-27153	-27909	
-30166	-24852	-29821	
-30145	-25244	-30196	
-29861	-26842	-28259	
-30171	-25402	-29593	
-29768	-27023	-28058	
-29940	-26602	-28865	
-30107	-25868	-29344	
-30134	-25341	-29640	
-30139	-25267	-29784	
-29694	-26993	-28489	
-29300	-27565	-27229	
-29806	-26926	-28448	
-29932	-26611	-28677	
-29684	-27043	-28274	
-27382	-24190	-31780	
-30119	-25410	-29646	
-30124	-25336	-29790	
-30072	-25672	-29494	
-29734	-26935	-28350	
-29294	-27571	-28332	
-30100	-25798	-29349	
-29673	-27059	-28264	
-30029	-25819	-29689	
-29425	-27434	-28041	
-30070	-25483	-29740	
-29982	-25870	-29370	
-29980	-25990	-29432	
-29652	-27119	-28824	
-29577	-27203	-28302	
-30049	-25706	-29449	
-29997	-25836	-29719	
-29971	-26180	-29212	
-29375	-27500	-27571	
-29562	-27225	-28320	
-29964	-26274	-29164	
-29272	-27591	-27297	
-29444	-27492	-27456	
-29655	-27011	-28320	
-29972	-26138	-29318	
-29368	-27479	-28201	
-29944	-26474	-29124	
-29826	-26687	-28807	
-29896	-26458	-29240	
-29911	-26037	-29369	
-29857	-25968	-29483	
-29523	-27299	-28057	
-29758	-26841	-28754	
-30069	-25473	-30054	
-30101	-25283	-30025	
-29788	-26643	-29009	
-29676	-26891	-28729	
-29326	-27495	-27782	
-27257	-25453	-31787	
-29897	-26057	-29395	
-29832	-26582	-28955	
-29789	-26128	-29685	
-29450	-27292	-28361	
-29798	-26593	-29224	
-29717	-26664	-29349	
-29856	-25956	-29559	
-29859	-26247	-29253	
-29691	-26702	-28795	
-28883	-27980	-26575	
-29792	-26515	-29268	
-29673	-26703	-29178	
-29791	-26178	-29302	
-29820	-26008	-29531	
-29653	-26718	-28979	
-29881	-25810	-29747	
-29440	-27342	-28146	
-27224	-23756	-31804	
-29783	-26210	-29313	
-29124	-27847	-27354	
-28880	-27970	-26892	
-29832	-25981	-29490	
-29782	-26253	-29328	
-29855	-25675	-29776	
-29757	-26318	-29714	
-28872	-27996	-26522	
-28841	-28018	-26673	
-29639	-26760	-29016	
-29911	-24801	-30264	
-29809	-25883	-29826	
-29823	-25648	-29852	
-29899	-24544	-30406	
-29758	-26504	-29312	
-29395	-27421	-28092	
-29803	-25945	-29755	
-29624	-26829	-29022	
-29868	-24948	-30459	
-29472	-27213	-28403	
-29332	-27474	-28722	
-29456	-27223	-28813	
-26240	-29544	-26795	
-27128	-23555	-31837	
-29815	-25586	-29864	
-29562	-26878	-28840	
-29737	-26464	-29389	
-29808	-25524	-29921	
-29877	-24834	-30269	
-29517	-26877	-28842	
-29502	-26946	-28848	
-29466	-27150	-29139	
-29502	-26850	-28854	
-29498	-26869	-28910	
-29780	-24405	-30469	
-29391	-27234	-28617	
-29389	-27256	-28492	
-29789	-25829	-29895	
-29752	-24922	-30487	
-29885	-24894	-30218	
-29619	-26706	-29085	
-29473	-26890	-28878	
-29610	-26761	-29079	
-29674	-25057	-30495	
-29468	-26935	-28892	
-29790	-25727	-29840	
-29767	-25570	-29980	
-29713	-26357	-29543	
-29196	-27633	-28585	
-29527	-26827	-29057	
-29844	-25425	-30143	
-29497	-26728	-29486	
-28440	-28325	-26204	
-29750	-25638	-29928	
-29670	-26400	-29643	
-29468	-26764	-29279	
-29751	-25339	-30277	
-28374	-28351	-26229	
-29346	-27239	-28748	
-28531	-28240	-27884	
-29562	-26585	-29412	
-29717	-26229	-29802	
-29749	-25740	-29983	
-28476	-28264	-26849	
-29735	-25760	-30009	
-29511	-26406	-29792	
-29130	-27647	-28259	
-29511	-26493	-29512	
-29695	-25671	-30097	
-29120	-27697	-28044	
-28810	-27926	-27472	
-29769	-25863	-29829	
-26160	-29593	-26126	
-28804	-27949	-27642	
-29621	-25854	-29887	
-29694	-25908	-29808	
-29606	-25923	-29893	
-29453	-26767	-29315	
-29442	-26777	-29495	
-29426	-27061	-29227	
-29588	-25776	-30089	
-29563	-26070	-30088	
-29577	-25887	-30158	
-29747	-24996	-30343	
-29013	-27857	-28072	
-28750	-28045	-27397	
-28395	-28316	-27370	
-27112	-24369	-31862	
-29727	-25068	-30299	
-29503	-26431	-29524	
-29643	-25433	-30122	
-29584	-25469	-30283	
-29239	-27486	-28390	
-29628	-25430	-30454	
-28353	-28332	-26951	
-29437	-26585	-29643	
-28652	-28180	-27381	
-28744	-27990	-28128	
-29287	-27262	-28873	
-29579	-25496	-30142	
-29424	-26791	-29267	
-29009	-27703	-28293	
-29645	-25123	-30312	
-29457	-26708	-29489	
-29386	-26819	-29292	
-28548	-28209	-27016	
-29555	-26367	-29963	
-29203	-27401	-28762	
-29341	-26834	-29356	
-29630	-25192	-30318	
-29231	-27175	-28902	
-28703	-28086	-27500	
-29260	-26979	-29302	
-29630	-25096	-30324	
-29207	-27159	-29066	
-29126	-27303	-28885	
-29207	-27182	-28955	
-28886	-27862	-28013	
-28953	-27714	-28229	
-29199	-27251	-29452	
-28535	-28211	-27159	
-29564	-25669	-30243	
-28879	-27865	-28164	
-28842	-27899	-28065	
-28923	-27754	-28119	
-29379	-26644	-29498	
-29302	-26595	-29634	
-29383	-26516	-29757	
-29285	-26651	-29741	
-28684	-28035	-27550	
-29124	-27335	-28930	
-29024	-27634	-28287	
-28896	-27812	-28228	
-29245	-26997	-29376	
-29265	-26797	-29416	
-28541	-28190	-28099	
-28907	-27639	-28304	
-28677	-28038	-27701	
-29248	-26828	-29416	
-28899	-27645	-28343	
-29122	-27357	-28805	
-28851	-27665	-28459	
-29275	-26701	-29526	
-28667	-28088	-27486	
-29136	-27490	-28742	
-29106	-27416	-29125	
-28894	-27639	-28447	
-29501	-24515	-30642	
-28841	-27703	-28960	
-29121	-27347	-29119	
-28808	-27708	-28559	
-29102	-27538	-28620	
-28669	-28074	-27606	
-29200	-26850	-29607	
-28451	-28290	-27215	
-29271	-26670	-29889	
-28800	-27799	-28332	
-29220	-26890	-29390	
-28417	-28295	-27381	
-28630	-28122	-27387	
-28610	-28127	-27681	
-29541	-25512	-30383	
-26973	-24204	-31884	
-29241	-26690	-29570	
-29463	-25856	-30236	
-28984	-27533	-28951	
-28887	-27820	-28119	
-29588	-25341	-30542	
-29082	-27421	-28856	
-29388	-25519	-30321	
-28999	-27464	-28945	
-29399	-26095	-30025	
-29382	-25605	-30252	
-28648	-28030	-28071	
-28938	-27600	-28618	
-29379	-25530	-30384	
-28624	-28071	-27742	
-29349	-26196	-30126	
-28853	-27638	-28550	
-29377	-25537	-30320	
-29347	-25681	-30281	
-28912	-27536	-28961	
-28794	-27883	-28689	
-28904	-27589	-28662	
-29069	-26878	-29516	
-29177	-26693	-29747	
-28192	-28437	-27358	
-28872	-27556	-28705	
-29342	-25637	-30299	
-29565	-25020	-30548	
-29490	-24873	-30563	
-29160	-26761	-29695	
-29278	-26071	-30226	
-28746	-27895	-28087	
-29037	-26895	-29546	
-28582	-28106	-28011	
-28313	-28354	-26966	
-29232	-26225	-30031	
-29330	-25735	-30522	
-29025	-27061	-29513	
-28855	-27537	-28718	
-28600	-28074	-27726	
-29229	-26357	-30043	
-28272	-28323	-28155	
-28428	-28248	-27473	
-28187	-28457	-27418	
-29350	-25535	-30562	
-28724	-27966	-28612	
-28271	-28324	-27155	
-28266	-28358	-27609	
-29277	-25887	-30551	
-29163	-26396	-29893	
-28262	-28373	-27940	
-29153	-26586	-29901	
-29101	-27293	-29188	
-29149	-26787	-29715	
-29131	-26492	-30027	
-29018	-26898	-29560	
-28180	-28460	-27569	
-29079	-26828	-29731	
-28179	-28461	-26569	
-28993	-27080	-29615	
-28177	-28513	-26829	
-29402	-25372	-30857	
-29403	-25382	-30543	
-25967	-29605	-27524	
-28872	-27447	-29049	
-29092	-27348	-29182	
-29179	-26228	-30077	
-28950	-27351	-29382	
-29115	-26776	-29759	
-26782	-23615	-31959	
-28985	-27018	-29627	
-28787	-27634	-29074	
-29276	-26186	-30202	
-29125	-26414	-30071	
-29233	-25926	-30380	
-28966	-26916	-29886	
-28345	-28271	-28199	
-29083	-26700	-29990	
-29145	-26214	-30111	
-28588	-28019	-28209	
-28719	-27967	-28167	
-28683	-27969	-28153	
-28784	-27366	-29249	
-28675	-27990	-28248	
-29092	-26002	-30270	
-29091	-26403	-30115	
-29073	-26750	-29775	
-28254	-28375	-27091	
-28197	-28407	-27633	
-28773	-27406	-29348	
-28329	-28284	-27960	
-28772	-27703	-29080	
-29039	-26739	-29819	
-28847	-27174	-29513	
-28750	-27423	-29087	
-28735	-27492	-29093	
-28293	-28300	-27500	
-29090	-26217	-30517	
-28727	-27584	-29479	
-28973	-26815	-29759	
-28731	-27734	-28789	
-28937	-26957	-29844	
-28492	-28029	-28202	
-29072	-26243	-30130	
-25825	-29658	-26592	
-28141	-28508	-27350	
-28477	-28098	-28208	
-28195	-28421	-27513	
-29070	-26363	-30192	
-28572	-27979	-28871	
-28514	-28008	-28213	
-28689	-27769	-29058	
-28454	-28021	-28436	
-28829	-27142	-29613	
-28893	-26996	-29673	
-29036	-26420	-30030	
-29021	-26489	-30036	
-28982	-26425	-30069	
-28287	-28300	-27541	
-28925	-26643	-30299	
-28775	-27320	-29529	
-28826	-27048	-29650	
-28448	-28052	-28283	
-28679	-27819	-28843	
-28789	-27053	-29701	
-28795	-27131	-29657	
-28921	-26771	-30040	
-29046	-26256	-30346	
-29237	-25798	-30639	
-29038	-26380	-30222	
-28744	-27180	-29545	
-28781	-27063	-29714	
-28385	-28140	-28197	
-28359	-28086	-28772	
-28368	-28216	-28022	
-28369	-28036	-28987	
-28728	-27183	-29634	
-28733	-26962	-29784	
-28717	-27016	-29816	
-28597	-27211	-29543	
-28794	-26880	-29979	
-28589	-27351	-29844	
-28717	-27634	-29264	
-28363	-28236	-28082	
-28639	-27066	-29914	
-28639	-27102	-29714	
-28326	-28091	-28371	
-28433	-27994	-28641	
-28977	-26277	-30326	
-28319	-28094	-28522	
-28305	-28182	-28287	
-28705	-27026	-29774	
-28426	-27997	-28792	
-28592	-27803	-28890	
-28379	-27998	-28486	
-28629	-27116	-29699	
-28620	-27161	-29676	
-28054	-28581	-26931	
-28683	-27691	-29102	
-28635	-27097	-29768	
-28527	-27797	-28972	
-28303	-28112	-28927	
-28881	-26682	-30128	
-28715	-26930	-29884	
-29141	-25423	-30724	
-28665	-27373	-29525	
-28650	-27005	-29873	
-28661	-27660	-29419	
-28681	-26919	-29928	
-28512	-27836	-29028	
-28294	-28120	-28465	
-29068	-25659	-30812	
-28760	-26745	-30049	
-28619	-26801	-30058	
-28649	-27680	-29146	
-28262	-28208	-28299	
-28036	-28631	-27080	
-28757	-26690	-30070	
-28138	-28378	-28059	
-28243	-28157	-28349	
-28129	-28497	-27453	
-28719	-26718	-30095	
-28464	-27721	-29147	
-28126	-28391	-27683	
-28607	-27001	-30174	
-28762	-26465	-30307	
-28521	-27413	-29642	
-28641	-26916	-29956	
-28756	-26390	-30361	
-28161	-28409	-27619	
-28674	-26733	-30159	
-28453	-27761	-29246	
-28111	-28436	-28168	
-28228	-28196	-28405	
-28829	-26268	-30384	
-28795	-26270	-30363	
-28461	-27418	-29612	
-28375	-27507	-29540	
-28035	-28500	-27627	
-28417	-27772	-29037	
-28366	-27808	-29034	
-29136	-25844	-30558	
-28018	-28576	-27452	
-28315	-27967	-29101	
-29050	-26128	-30605	
-28228	-28226	-28355	
-28213	-28294	-28581	
-29033	-25000	-30940	
-28110	-28439	-28038	
-28045	-28450	-27842	
-27993	-28649	-27851	
-28549	-27262	-29932	
-28761	-26259	-30407	
-28716	-26415	-30560	
-28218	-28254	-28269	
-28246	-27775	-29216	
-28439	-27693	-29303	
-29029	-24657	-31006	
-28357	-27475	-29640	
-28598	-26696	-30219	
-28688	-26436	-30474	
-29024	-25698	-30641	
-28920	-25755	-30669	
-28236	-27813	-29194	
-28498	-27207	-30093	
-28009	-28452	-27828	
-28035	-28523	-27516	
-28006	-28468	-27673	
-28672	-26454	-30389	
-29001	-24747	-30981	
-29142	-25022	-30879	
-28712	-26543	-30301	
-28490	-27377	-29654	
-28644	-26475	-30303	
-28618	-26550	-30544	
-28837	-26028	-30626	
-28412	-27760	-29349	
-28329	-27761	-29616	
-29028	-25570	-30900	
-28384	-27364	-29682	
-28581	-26727	-30219	
-28813	-25921	-30780	
-28189	-27993	-29446	
-28307	-27646	-29718	
-28566	-26713	-30249	
-28207	-28152	-28870	
-28373	-27587	-29467	
-28090	-28362	-28683	
-28344	-27628	-29425	
-28515	-26763	-30182	
-28978	-24838	-30971	
-28332	-27363	-29748	
-28461	-26744	-30367	
-28457	-26799	-30186	
-28608	-26600	-30329	
-27609	-28833	-26960	
-28438	-26748	-30236	
-28388	-26826	-30249	
-28820	-26151	-30572	
-28962	-24892	-31003	
-28976	-25332	-30925	
-28245	-27435	-29764	
-28142	-28163	-28674	
-27971	-28469	-28242	
-28478	-26609	-30580	
-28574	-26589	-30373	
-28876	-24630	-31021	
-28330	-27360	-29771	
-28850	-25269	-31004	
-28682	-25949	-30689	
-28358	-26960	-30316	
-28428	-27325	-29853	
-28837	-24990	-31116	
-28342	-27313	-29963	
-28215	-27549	-29887	
-28670	-26115	-30656	
-28955	-25120	-30940	
-27847	-28667	-27772	
-27782	-28701	-27465	
-27888	-28535	-28220	
-28370	-26794	-30349	
-28710	-26204	-30568	
-28081	-28238	-29059	
-28664	-26177	-30585	
-27609	-28856	-26849	
-28179	-28043	-29231	
-28430	-27045	-30111	
-28665	-25992	-30719	
-28332	-27314	-29880	
-28584	-26143	-30760	
-28119	-28048	-29201	
-28510	-26178	-30654	
-28292	-27036	-30256	
-28496	-26411	-30612	
-28648	-26347	-30562	
-27944	-28380	-28604	
-28169	-27249	-29983	
-28440	-26639	-30528	
-28343	-27091	-30095	
-28312	-27055	-30107	
-28595	-26103	-30661	
-28656	-24964	-31223	
-28136	-27142	-30126	
-28209	-27338	-29895	
-28796	-25755	-31039	
-28108	-27219	-30332	
-27888	-28406	-28759	
-28330	-26705	-30437	
-29000	-25591	-30814	
-28178	-27338	-29900	
-28096	-27426	-30050	
-28123	-27086	-30141	
-25780	-29677	-25948	
-28479	-26208	-30735	
-28127	-27782	-29492	
-27868	-28570	-28079	
-27879	-28414	-28297	
-28596	-25933	-30818	
-28272	-26988	-30420	
-28752	-25794	-30868	
-28464	-26335	-30843	
-27749	-28709	-27508	
-28123	-27590	-29779	
-27846	-28422	-28340	
-28080	-27861	-29546	
-28117	-27684	-29871	
-27954	-28330	-28819	
-28800	-25039	-31097	
-27824	-28443	-28329	
-27981	-28094	-29273	
-28631	-25857	-30789	
-27626	-28780	-27024	
-28025	-27221	-30125	
-28009	-27245	-30142	
-28263	-26683	-30465	
-27619	-28783	-27175	
-28107	-27734	-29656	
-28016	-27590	-29905	
-27821	-28495	-28739	
-27857	-28617	-27987	
-27587	-28806	-27137	
-28605	-24113	-31225	
-27980	-27286	-30100	
-27701	-28696	-27546	
-28562	-24813	-31239	
-28482	-25983	-30779	
-28238	-26977	-30464	
-27982	-27579	-29949	
-28074	-27929	-29600	
-26521	-23634	-32034	
-28127	-27031	-30322	
-27625	-28714	-27627	
-27926	-28130	-29114	
-28231	-26700	-30495	
-28420	-26374	-30672	
-28543	-25855	-30835	
-27946	-27708	-29665	
-28460	-26463	-30584	
-27593	-28738	-27589	
-28408	-26433	-30627	
-27978	-27342	-30062	
-27912	-27697	-29709	
-27548	-28825	-26968	
-27524	-28851	-27485	
-27952	-27786	-29621	
-27899	-28359	-28851	
-27943	-27321	-30082	
-28299	-26437	-30593	
-27905	-27878	-29674	
-28224	-26464	-30620	
-27938	-27253	-30150	
-28791	-25363	-31075	
-27930	-28002	-29373	
-27911	-27513	-30034	
-27778	-28551	-28155	
-28528	-25924	-30841	
-27868	-27758	-29763	
-27527	-28805	-27690	
-27904	-27264	-30419	
-27847	-28144	-29428	
-27619	-28668	-28276	
-27578	-28764	-27648	
-28086	-26661	-30627	
-28216	-26769	-30501	
-27857	-28094	-29643	
-27875	-28264	-28987	
-27746	-28579	-28217	
-27756	-28529	-28432	
-27894	-27314	-30204	
-28419	-25840	-30888	
-28176	-26766	-30510	
-28250	-26430	-30715	
-27551	-28684	-27889	
-27874	-27399	-30090	
-27635	-28650	-27871	
-27739	-28582	-28368	
-28162	-26698	-30567	
-27782	-28178	-29121	
-27931	-27240	-30152	
-28387	-25881	-30848	
-27330	-29011	-26407	
-27754	-28543	-28312	
-27840	-27388	-30134	
-27544	-28752	-27754	
-27859	-28270	-28939	
-28386	-25875	-30922	
-28203	-26432	-30703	
-28076	-26541	-30642	
-27996	-26992	-30392	
-27809	-28340	-28927	
-27945	-27041	-30340	
-27988	-26796	-30611	
-28315	-26347	-30761	
-28377	-25937	-30929	
-27651	-27923	-29806	
-27913	-27058	-30370	
-28020	-26701	-30767	
-27860	-27696	-29775	
-28015	-26740	-30519	
-28739	-25125	-31100	
-27764	-28146	-29221	
-27749	-28186	-29164	
-27558	-28769	-27557	
-28066	-26447	-30691	
-28696	-25053	-31135	
-27902	-27048	-30495	
-27841	-27594	-30034	
-27447	-28855	-27021	
-27810	-27419	-30068	
-27907	-27567	-29954	
-27858	-27693	-29798	
-27765	-27631	-29897	
-27718	-27752	-29834	
-27716	-28381	-29108	
-27796	-27449	-30188	
-27437	-28904	-26967	
-27800	-27321	-30447	
-28258	-26164	-31006	
-27928	-27072	-30340	
-27509	-28690	-28198	
-27763	-27687	-29859	
-27723	-27598	-29947	
-27769	-27576	-30078	
-27692	-28196	-29393	
-27696	-27637	-29936	
-28627	-25502	-31101	
-27482	-28748	-28307	
-27875	-26884	-30766	
-28667	-24972	-31148	
-28081	-26664	-30579	
-25745	-29708	-25923	
-27679	-27659	-30001	
-27340	-28989	-26905	
-27378	-28855	-27141	
-28216	-26419	-30759	
-28382	-25779	-30935	
-28559	-25548	-31214	
-27682	-28246	-29178	
-27639	-28506	-28689	
-27353	-28928	-27540	
-27699	-27707	-29837	
-27648	-27866	-29904	
-27658	-27667	-29884	
-27631	-28514	-28532	
-27604	-28572	-28641	
-27547	-27549	-30118	
-28332	-25856	-31107	
-27560	-28440	-28857	
-27756	-27360	-30276	
-27143	-29063	-27389	
-27592	-27694	-29964	
-27871	-27012	-30507	
-27647	-28381	-29228	
-27594	-28622	-28426	
-27635	-27423	-30197	
-28163	-26343	-30791	
-27430	-27618	-30143	
-27831	-26923	-30595	
-27410	-28760	-27846	
-27611	-27422	-30279	
-27842	-27053	-30465	
-28017	-26460	-30777	
-27510	-27656	-30033	
-27580	-27798	-29906	
-27546	-27716	-29927	
-27406	-28789	-28571	
-27578	-27984	-29664	
-27510	-28210	-29271	
-27541	-28389	-28907	
-27422	-27647	-30231	
-28207	-26304	-30962	
-27475	-28752	-27874	
-28005	-26642	-30898	
-27516	-27594	-30104	
-27802	-26964	-30553	
-27534	-28392	-29058	
-27525	-28557	-28894	
-27536	-27859	-29960	
-27575	-27675	-29969	
-27540	-28051	-29673	
-27341	-28823	-28264	
-27470	-28229	-29277	
-27506	-27675	-30089	
-28085	-26338	-30801	
-28515	-25587	-31043	
-27503	-28097	-29631	
-27425	-27950	-29766	
-27470	-28169	-29433	
-27738	-27110	-30493	
-27428	-28177	-29554	
-27442	-27695	-30067	
-27459	-28242	-29291	
-27787	-26984	-30649	
-27416	-28739	-28786	
-27467	-28481	-29038	
-27560	-27348	-30339	
-27443	-28296	-29323	
-27414	-27716	-29981	
-27704	-27099	-30537	
-27471	-27654	-30109	
-27371	-27987	-29748	
-27336	-28895	-27689	
-27392	-28795	-27963	
-27450	-28641	-28372	
-27439	-27386	-30372	
-27797	-26934	-30864	
-27307	-27716	-30107	
-27257	-27749	-29981	
-27441	-28210	-29391	
-27563	-27114	-30622	
-27519	-27153	-30451	
-27415	-27531	-30338	
-27497	-27210	-30550	
-27620	-27887	-29818	
-27270	-28971	-27629	
-27423	-28261	-29486	
-27207	-27992	-30028	
-27514	-27874	-29846	
-28462	-25119	-31414	
-27287	-27995	-29690	
-27427	-28206	-29667	
-27389	-27885	-29902	
-27463	-27920	-29818	
-27297	-27926	-29794	
-27246	-28085	-29861	
-27222	-29012	-27058	
-27287	-27959	-29890	
-27446	-27324	-30435	
-27217	-29034	-27118	
-27462	-27873	-29912	
-27244	-28976	-27009	
-28227	-26128	-31018	
-27331	-28873	-28049	
-27227	-28984	-27333	
-27363	-28329	-29461	
-27351	-28427	-29060	
-27344	-28430	-29211	
-27182	-27881	-30059	
-28187	-26039	-31106	
-27412	-27313	-30479	
-27180	-27665	-30135	
-27399	-27345	-30534	
-27376	-28285	-29380	
-28325	-25579	-31138	
-27303	-27524	-30394	
-27139	-27755	-30306	
-27281	-28070	-29671	
-27181	-27718	-30073	
-27145	-27781	-30074	
-27370	-27386	-30492	
-27356	-27590	-30263	
-28310	-25648	-31144	
-27444	-28513	-28926	
-27163	-27656	-30158	
-27943	-26431	-30944	
-27353	-28379	-29246	
-27309	-28553	-29395	
-27337	-28673	-28954	
-27548	-27034	-30794	
-27315	-27317	-30676	
-27204	-28439	-29764	
-27627	-26968	-30682	
-28233	-25746	-31278	
-27900	-26278	-31046	
-27282	-27555	-30347	
-27248	-28265	-29615	
-27129	-27805	-30091	
-27190	-27615	-30350	
-27263	-27504	-30397	
-27275	-28886	-27697	
-27185	-27440	-30406	
-27265	-28887	-27723	
-27073	-27831	-30246	
-28153	-26050	-31375	
-28143	-26100	-31160	
-27150	-27419	-30426	
-27204	-28962	-28108	
-27671	-26433	-31187	
-27669	-26713	-30929	
-27853	-26326	-31061	
-27268	-28265	-29470	
-27998	-26143	-31062	
-27219	-28306	-29573	
-27196	-28004	-29876	
-27078	-27600	-30434	
-27787	-26366	-31201	
-27075	-27551	-30504	
-26998	-28268	-29927	
-26971	-28104	-30198	
-27180	-28161	-29801	
-27775	-26376	-31159	
-27743	-26405	-31030	
-27627	-26472	-31016	
-27209	-27360	-30501	
-27291	-27039	-30713	
-27136	-28978	-27721	
-27289	-27043	-30721	
-27206	-27051	-30806	
-27076	-27384	-30510	
-27222	-28609	-29108	
-27193	-27174	-30697	
-27125	-28896	-28276	
-27569	-26629	-30987	
-27054	-27624	-30324	
-27129	-29046	-27586	
-27023	-27367	-30527	
-26879	-27641	-30452	
-27260	-28818	-28345	
-27057	-27333	-30560	
-27894	-26200	-31090	
-26826	-27651	-30434	
-26953	-27408	-30525	
-26907	-27381	-30542	
-27127	-27101	-30711	
-26765	-27933	-30361	
-26945	-27614	-30372	
-26869	-27380	-30667	
-25551	-29748	-26050	
-27609	-26718	-30899	
-27093	-27090	-30755	
-27056	-27326	-30603	
-27560	-26721	-30956	
-27365	-26737	-30938	
-26818	-27520	-30623	
-27032	-28810	-28410	
-26947	-27330	-30569	
-26845	-27396	-30585	
-28206	-24540	-31450	
-27311	-26827	-30969	
-28156	-25315	-31400	
-27078	-27110	-30851	
-27051	-27237	-30741	
-27015	-28863	-28346	
-27860	-26189	-31134	
-27062	-28742	-28774	
-26973	-28709	-29038	
-26995	-28831	-28754	
-27052	-28775	-28870	
-26933	-27584	-30469	
-27055	-29138	-27717	
-27301	-28675	-28940	
-27115	-28706	-28838	
-26719	-27817	-30545	
-27210	-28579	-29205	
-27564	-26599	-31298	
-26961	-27320	-30664	
-27176	-26975	-30867	
-27021	-29003	-27787	
-28196	-24785	-31447	
-27186	-26925	-31082	
-27021	-28480	-29443	
-26927	-28143	-30027	
-27107	-28726	-28932	
-27082	-26982	-31110	
-26971	-27270	-30879	
-26894	-28668	-29192	
-26991	-28904	-28368	
-26921	-28610	-29083	
-27554	-26649	-31083	
-27018	-28993	-28006	
-26912	-28838	-28536	
-27409	-26692	-30985	
-26823	-28446	-29500	
-26790	-28641	-29444	
-26895	-29017	-28488	
-26792	-27317	-30696	
-26812	-28468	-29694	
-26710	-28195	-29975	
-26726	-27407	-30635	
-27315	-26699	-31228	
-26718	-28332	-29869	
-28109	-26089	-31204	
-26774	-27326	-30669	
-26722	-27370	-30809	
-26513	-27646	-30708	
-26601	-28164	-30273	
-26579	-27606	-30568	
-26543	-27417	-30626	
-26708	-28494	-29828	
-27038	-27021	-30939	
-26971	-29038	-27738	
-27305	-26749	-31013	
-28099	-25521	-31541	
-26955	-29062	-28038	
-26797	-28944	-28495	
-26773	-28874	-28509	
-26678	-28243	-29957	
-26987	-29142	-26948	
-26805	-28730	-29004	
-26890	-28717	-29123	
-26593	-28430	-29982	
-26758	-28851	-28576	
-27293	-26759	-30971	
-26698	-28544	-29613	
-26975	-29188	-27048	
-26619	-28737	-29012	
-26591	-28214	-30058	
-26486	-28100	-30427	
-26618	-28849	-28941	
-26795	-28780	-28789	
-26718	-28878	-28663	
-26798	-29304	-27656	
-26697	-28915	-28773	
-26569	-27620	-30553	
-26937	-27025	-31012	
-26625	-28792	-28797	
-26698	-28778	-28858	
-26842	-27216	-30938	
-27647	-26155	-31224	
-26934	-29151	-27258	
-27271	-26738	-31057	
-26464	-27542	-30722	
-26700	-28708	-29319	
-26525	-28763	-29075	
-26387	-28259	-30145	
-26463	-27379	-30736	
-26489	-27653	-30691	
-28150	-25158	-31406	
-26245	-27473	-30792	
-26280	-27929	-30590	
-26600	-28679	-29597	
-26873	-29252	-26539	
-26825	-29246	-27547	
-26258	-27371	-30885	
-26327	-27846	-30475	
-26508	-28816	-29011	
-26483	-28889	-29410	
-27520	-26638	-31127	
-26704	-27308	-30894	
-26815	-29066	-27819	
-26138	-28359	-30075	
-26496	-28717	-29150	
-26880	-29146	-27516	
-26705	-29092	-27774	
-26390	-28562	-29680	
-26230	-27662	-30618	
-26712	-27082	-31059	
-26121	-27675	-30638	
-26445	-27317	-30821	
-26590	-29075	-28801	
-26006	-27611	-30792	
-26043	-27716	-30682	
-26601	-29065	-28026	
-26379	-28197	-30157	
-26115	-27398	-30853	
-26237	-28200	-30357	
-26584	-29096	-27861	
-26491	-27088	-31003	
-26467	-27095	-30986	
-26378	-28775	-29779	
-26320	-27111	-30989	
-26506	-28975	-28822	
-26009	-27471	-30815	
-25651	-27745	-30612	
-26039	-27302	-30955	
-26031	-28029	-30520	
-26580	-29125	-28586	
-25767	-28208	-30219	
-25553	-28303	-30091	
-26344	-28530	-29912	
-25403	-28244	-30303	
-25412	-27728	-30669	
-26949	-26712	-31174	
-25790	-27402	-30885	
-25878	-27126	-31005	
-25389	-28267	-30226	
-25424	-27415	-30831	
-26864	-26736	-31133	
-25277	-27431	-30834	
-26845	-26769	-31202	
-27532	-26091	-31378	
-25661	-27628	-30739	
-25716	-28399	-30031	
-25172	-27655	-30738	
-28053	-24729	-31606	
-25387	-27310	-30941	
-26414	-26821	-31123	
-27434	-26226	-31362	
-26085	-24304	-32041	
-26475	-29011	-28955	
-26538	-29162	-28226	
-26172	-28604	-29942	
-25802	-27089	-31047	
-27866	-25804	-31423	
-26093	-26781	-31208	
-25150	-27097	-31033	
-25844	-26881	-31138	
-26254	-26884	-31121	
-25197	-28073	-30466	
-25652	-28144	-30373	
-25446	-27973	-30536	
-26636	-27045	-31101	
-27765	-25808	-31496	
-27542	-26041	-31593	
-25768	-26844	-31180	
-27983	-24773	-31547	
-25765	-26984	-31157	
-27093	-26284	-31347	
-25984	-27053	-31087	
-26500	-29175	-27917	
-26391	-28911	-28976	
-27060	-26424	-31405	
-26095	-28946	-29098	
-26463	-29246	-27704	
-26730	-26643	-31244	
-26362	-26727	-31303	
-26007	-23716	-32042	
-26378	-29298	-28123	
-27394	-26137	-31450	
-26463	-26681	-31259	
-25730	-22876	-32056	
-26017	-26744	-31250	
-27498	-26080	-31422	
-25539	-28785	-29578	
-25874	-26771	-31218	
-26068	-29004	-29207	
-26690	-26524	-31354	
-24975	-28796	-29455	
-27750	-24498	-31640	
-26632	-26558	-31337	
-27664	-24397	-31653	
-26434	-29154	-28360	
-25603	-29040	-29236	
-26226	-29111	-28885	
-25181	-28967	-29292	
-26556	-29332	-27570	
-26945	-26298	-31447	
-25198	-29774	-25763	
-26294	-29198	-28144	
-27595	-24531	-31668	
-26192	-29182	-28274	
-25743	-26426	-31452	
-26165	-29240	-28383	
-26174	-29012	-28930	
-25826	-29032	-29121	
-26081	-29140	-28404	
-26072	-29154	-28517	
-25869	-29010	-29187	
-27150	-26070	-31523	
-26708	-26085	-31539	
-26330	-26144	-31546	
-24987	-29042	-28920	
-26362	-29368	-27129	
-24978	-29099	-28990	
-25932	-29187	-28591	
-25777	-29147	-28601	
-26013	-26257	-31486	
-25387	-29121	-28684	
-25971	-29280	-28510	
-26304	-29408	-26991	
-27480	-25220	-31690	
-24769	-29160	-28642	
-26298	-29348	-27454	
-25723	-23754	-32074	
-26135	-29430	-27164	
-26310	-29314	-27736	
-26124	-29364	-27906	
-26192	-29376	-27113	
-26064	-29318	-28356	
-26166	-29393	-27031	
-27428	-24982	-31715	
-26108	-29487	-27273	
-27382	-25355	-31674	
-27372	-24764	-31765	
-26095	-29469	-27442	
-26156	-29443	-26816	
-26910	-25764	-31594	
-26775	-25836	-31599	
-26610	-26000	-31632	
-26011	-29369	-27463	
-27008	-25553	-31717	
-27304	-25180	-31713	
-25986	-29327	-28053	
-25874	-29394	-27642	
-26944	-25713	-31677	
-25520	-29380	-27941	
-24890	-29329	-28088	
-23675	-29338	-28066	
-25701	-29469	-27660	
-25729	-29319	-28289	
-25617	-29369	-27681	
-24514	-29329	-28267	
-26603	-25757	-31642	
-25640	-25760	-31665	
-25477	-29395	-27710	
-25728	-29412	-27551	
-25356	-29381	-27729	
-24681	-29389	-27740	
-26852	-25657	-31712	
-24667	-29412	-27663	
-25677	-22962	-32139	
-26012	-25692	-31702	
-26954	-24478	-31854	
-26945	-24731	-31797	
-25171	-29832	-25872	
-26291	-25463	-31743	
-26049	-25643	-31721	
-26092	-29561	-26847	
-26917	-24527	-31835	
-26045	-25556	-31740	
-25992	-29532	-27125	
-26778	-24656	-31817	
-26715	-24822	-31906	
-25920	-25616	-31751	
-26685	-24879	-31862	
-26648	-24928	-31843	
-26625	-25176	-31788	
-26381	-25109	-31861	
-25265	-29549	-27566	
-26325	-25412	-31826	
-26481	-23653	-31951	
-26448	-23902	-31914	
-26444	-23702	-31932	
-26415	-24058	-31943	
-26369	-24266	-32009	
-26255	-24347	-31916	
-26089	-24410	-31923	
-25852	-24587	-31923	
-25472	-29644	-26636	
-25441	-29643	-26722	
-25278	-29684	-26763	
-24633	-29619	-26934	
-26412	-23847	-31973	
-25805	-24448	-31955	
-25291	-24530	-31963	
-25626	-29664	-26572	
-25537	-24437	-31966	
-24730	-24336	-31994	
-25053	-29702	-26075	
-25026	-29760	-26184	
-24295	-29728	-26416	
-24174	-29747	-26476	
-23984	-29691	-26479	
-26354	-23903	-32033	
-24205	-29769	-25944	
-25639	-23258	-32108	
-25602	-23307	-32089	
