-29650	-19669	-22313	
-29598	-19990	-21526	
-29583	-20082	-22605	
-29554	-20379	-22370	
-29554	-20383	-22239	
-29542	-20442	-22806	
-29531	-20732	-22590	
-29488	-20774	-22761	
-29484	-20980	-23028	
-29481	-21068	-23189	
-29459	-21071	-22526	
-29456	-21159	-22687	
-29452	-21365	-22954	
-29559	-19813	-22795	
-29452	-21369	-22823	
-29409	-21407	-23125	
-29380	-21704	-22890	
-29496	-20217	-23081	
-29380	-21708	-22759	
-29357	-22057	-23110	
-29452	-20269	-23345	
-29430	-21102	-23365	
-29377	-20696	-23442	
-29216	-22103	-22120	
-29357	-20961	-23501	
-29212	-22309	-22387	
-29326	-20730	-23618	
-29313	-20914	-23657	
-29299	-21274	-23768	
-29212	-22313	-22256	
-29197	-22401	-23466	
-29278	-21594	-23865	
-29197	-22405	-23335	
-29168	-22475	-23648	
-29251	-20973	-23902	
-29150	-22556	-23201	
-29231	-20847	-23935	
-29195	-20902	-24021	
-29133	-22591	-22726	
-29118	-22683	-23805	
-29183	-20546	-24069	
-29172	-21255	-24241	
-29067	-22717	-23981	
-29023	-22731	-22794	
-29011	-22781	-23000	
-29004	-22874	-22878	
-29110	-21440	-24333	
-28973	-22935	-23082	
-29077	-21278	-24342	
-29063	-20693	-24403	
-28967	-23253	-23777	
-29042	-21265	-24473	
-29029	-22142	-24589	
-28994	-20964	-24607	
-28963	-21029	-24680	
-28944	-21172	-24764	
-28822	-23447	-23815	
-28893	-21206	-24940	
-28735	-23453	-22957	
-28735	-23457	-22826	
-28706	-23527	-23139	
-28868	-21717	-24967	
-28822	-21177	-25010	
-28691	-23619	-24218	
-28795	-21076	-25044	
-28733	-21755	-25061	
-28728	-22092	-25109	
-28640	-23653	-24394	
-28724	-21856	-25271	
-28584	-23733	-23090	
-28564	-23736	-23321	
-28558	-23782	-24401	
-28650	-21505	-25322	
-28546	-23875	-23364	
-28641	-21610	-25401	
-28514	-23894	-23673	
-28483	-23959	-23746	
-28594	-21434	-25441	
-28560	-21938	-25577	
-28413	-24034	-23678	
-28362	-24068	-23854	
-28546	-22298	-25688	
-28347	-24160	-24933	
-28276	-24180	-22948	
-28478	-21718	-25725	
-28267	-24223	-23919	
-28409	-23049	-25745	
-28247	-24284	-23389	
-28383	-21837	-25799	
-28358	-22348	-25826	
-28202	-24416	-24079	
-28312	-21808	-25869	
-28296	-21934	-25908	
-28284	-22304	-26018	
-28102	-24478	-23427	
-28009	-24512	-23425	
-28233	-22338	-26194	
-28004	-24525	-24532	
-28000	-24546	-23389	
-28000	-24550	-23258	
-27986	-24680	-24252	
-28197	-22023	-26206	
-28135	-22702	-26223	
-28060	-22774	-26263	
-27867	-24709	-23572	
-27798	-24730	-24390	
-28042	-22633	-26287	
-27766	-24811	-23807	
-28034	-21562	-26317	
-28009	-22073	-26344	
-27947	-22752	-26361	
-27941	-21493	-26381	
-27758	-24827	-24346	
-27884	-22534	-26410	
-27737	-24892	-23900	
-27867	-22070	-26486	
-27706	-24913	-24075	
-27653	-25036	-23751	
-27851	-22547	-26549	
-27797	-22253	-26598	
-27772	-22762	-26642	
-27529	-25063	-23980	
-27490	-25177	-24248	
-27757	-22885	-26649	
-27679	-22693	-26706	
-27621	-22338	-26712	
-27609	-22876	-26818	
-27490	-25181	-24117	
-27479	-25237	-24009	
-27535	-22259	-26928	
-27384	-25257	-24018	
-27367	-25266	-24330	
-27343	-25289	-23705	
-27313	-25327	-24153	
-27262	-25328	-24211	
-27241	-25389	-23896	
-27391	-22617	-26941	
-27362	-24162	-26979	
-27347	-22882	-27148	
-27241	-25393	-23765	
-27230	-25449	-23657	
-27151	-25530	-24503	
-27033	-25537	-23628	
-27013	-25540	-23859	
-26998	-25665	-25056	
-27203	-23240	-27161	
-27140	-23295	-27241	
-27104	-22980	-27253	
-27070	-23643	-27254	
-27050	-23767	-27265	
-27012	-22490	-27310	
-26943	-25678	-24235	
-26923	-25681	-24466	
-26830	-25711	-24595	
-26897	-24079	-27323	
-26879	-23263	-27337	
-26813	-25730	-23941	
-26831	-22482	-27489	
-26785	-25741	-25928	
-26781	-25783	-25266	
-29507	-20631	-22677	
-26781	-25788	-24063	
-26726	-25898	-24806	
-26761	-22830	-27502	
-26655	-23880	-27529	
-26618	-25929	-24560	
-26585	-24228	-27542	
-26513	-23429	-27622	
-26618	-25933	-24429	
-26570	-26006	-25101	
-26493	-23553	-27633	
-29359	-21139	-23382	
-26409	-23582	-27660	
-26509	-26016	-25016	
-26495	-26018	-24642	
-26461	-26050	-24381	
-26389	-23706	-27671	
-29373	-21647	-23293	
-26369	-23626	-27673	
-26363	-23538	-27688	
-26393	-26069	-24350	
-26343	-23662	-27699	
-29325	-21346	-23427	
-26302	-23601	-27732	
-29308	-21173	-23558	
-26369	-26141	-24208	
-29358	-21441	-23301	
-29200	-22088	-23464	
-26276	-23557	-27737	
-26221	-22447	-27745	
-29301	-21245	-23514	
-26206	-23905	-27750	
-26102	-23109	-27798	
-29293	-21691	-23409	
-29173	-21036	-24047	
-29283	-21684	-23585	
-29301	-21986	-23229	
-26369	-26145	-24077	
-26298	-26239	-24851	
-29204	-21966	-23924	
-26085	-23605	-27836	
-29282	-21388	-23598	
-29210	-21014	-23902	
-29263	-21787	-23361	
-29244	-21930	-23445	
-26080	-22271	-27842	
-26065	-23729	-27847	
-29283	-21688	-23454	
-26010	-22619	-27855	
-29264	-21988	-23174	
-29220	-22052	-23115	
-29213	-21991	-23649	
-25995	-24077	-27860	
-25986	-23030	-27899	
-29227	-21613	-23704	
-29056	-21146	-24382	
-29156	-21665	-24058	
-26279	-26282	-24815	
-25967	-22122	-27908	
-29143	-21427	-24194	
-25957	-23902	-28031	
-29175	-22138	-23877	
-26143	-26338	-25082	
-29118	-21942	-24090	
-29100	-21594	-24177	
-29048	-22119	-24350	
-29136	-21764	-23965	
-29067	-21976	-24266	
-29093	-21806	-24136	
-29137	-22540	-23721	
-26088	-26448	-24824	
-29105	-22030	-23934	
-29086	-21972	-24122	
-28925	-21917	-24623	
-29073	-22069	-23937	
-29070	-22382	-23939	
-28899	-21656	-24763	
-29092	-22174	-23840	
-29089	-22239	-23855	
-25691	-23732	-28042	
-25684	-23795	-28080	
-29041	-22456	-24121	
-28886	-21418	-24899	
-29010	-22517	-24325	
-25633	-23925	-28207	
-28753	-22508	-25030	
-28756	-21795	-24984	
-28868	-21721	-24836	
-28867	-21793	-24635	
-28848	-21820	-24743	
-26048	-26450	-24498	
-25853	-26456	-25182	
-28898	-22595	-24342	
-28891	-22572	-24370	
-25853	-26460	-25051	
-29010	-22521	-24194	
-28832	-21848	-24687	
-28974	-22648	-24045	
-28921	-22804	-23894	
-25819	-26536	-24894	
-28882	-22209	-24494	
-28829	-21963	-24827	
-28834	-21806	-24774	
-28956	-22557	-24193	
-28875	-22555	-24419	
-28813	-22373	-24644	
-28901	-22807	-24125	
-28875	-22982	-24187	
-28921	-22767	-23907	
-28851	-22240	-24439	
-28814	-21757	-24835	
-28764	-21989	-24886	
-28792	-22305	-24680	
-28847	-22629	-24518	
-28842	-22308	-24531	
-28791	-22342	-24707	
-28832	-22230	-24560	
-28772	-22485	-24791	
-28700	-23518	-24008	
-28829	-23235	-23856	
-28824	-23016	-24363	
-28762	-22407	-24820	
-28774	-22487	-24595	
-28779	-23303	-23915	
-28777	-23125	-23920	
-28772	-23035	-24200	
-25801	-26584	-24728	
-28772	-23039	-24069	
-28801	-22738	-24435	
-28765	-23251	-24028	
-28768	-22605	-24574	
-25496	-24218	-28222	
-28791	-22660	-24464	
-28767	-22820	-24576	
-28606	-22163	-25302	
-28750	-22772	-24611	
-28626	-22145	-25124	
-28768	-22945	-24482	
-28747	-23165	-24314	
-28794	-22785	-24367	
-28794	-22748	-24380	
-28625	-22020	-25218	
-25360	-23818	-28256	
-28569	-21949	-25337	
-28748	-22963	-24660	
-28747	-22690	-24740	
-28728	-23337	-24091	
-28695	-22153	-25036	
-28688	-23098	-25046	
-28730	-23176	-24225	
-28719	-23375	-23924	
-28620	-22671	-25213	
-28717	-22639	-24750	
-28697	-22997	-24836	
-25640	-26705	-25002	
-28696	-23199	-24490	
-25292	-23631	-28259	
-28717	-23032	-24523	
-25274	-23686	-28282	
-28711	-22749	-24695	
-28712	-23094	-24380	
-28555	-22197	-25478	
-28688	-23204	-24476	
-28652	-23284	-24388	
-28561	-22395	-25232	
-25206	-23691	-28384	
-28555	-22327	-25282	
-28643	-23318	-24352	
-28643	-23322	-24221	
-28658	-23106	-24507	
-28628	-23174	-24504	
-28627	-23171	-24580	
-28628	-23311	-24433	
-28545	-22374	-25356	
-28608	-23314	-24664	
-28536	-22572	-25214	
-28527	-22602	-25277	
-28453	-23847	-24254	
-28612	-23383	-24425	
-28512	-22387	-25495	
-28567	-23007	-25068	
-28510	-22811	-25281	
-28491	-22954	-25365	
-28601	-23318	-24564	
-28603	-23157	-24698	
-28599	-23348	-24628	
-28543	-23292	-25084	
-28539	-22737	-25099	
-28426	-23882	-24463	
-28599	-23352	-24497	
-28594	-23258	-24908	
-28538	-22750	-25209	
-28594	-23418	-24475	
-28412	-24029	-23881	
-28592	-23419	-24774	
-28583	-23457	-24607	
-28485	-22504	-25542	
-28529	-22784	-25173	
-28520	-22889	-25252	
-28374	-21871	-25763	
-28564	-23600	-24691	
-28373	-22734	-25757	
-28368	-23886	-24144	
-28361	-23903	-24490	
-28460	-23015	-25569	
-28361	-24026	-24070	
-28507	-22977	-25096	
-28500	-23148	-25184	
-28561	-23185	-24949	
-28557	-23348	-24840	
-28513	-23634	-24867	
-28465	-23713	-24465	
-28361	-24030	-23939	
-25555	-26744	-25370	
-28356	-23936	-24350	
-28548	-23382	-24804	
-25093	-23542	-28450	
-28452	-23703	-24532	
-28472	-23329	-25101	
-28450	-23616	-24921	
-28421	-23792	-24743	
-28426	-23104	-25376	
-28441	-23395	-25065	
-28421	-23363	-25277	
-28279	-22563	-25919	
-28034	-24461	-23905	
-28424	-23146	-25289	
-28240	-24175	-24434	
-28420	-23565	-24931	
-28370	-23811	-24582	
-28404	-23521	-25108	
-28231	-24213	-24267	
-28370	-23832	-24539	
-28014	-24466	-24217	
-28361	-23866	-24503	
-25533	-26766	-25473	
-28383	-23640	-25309	
-28376	-23650	-24829	
-28375	-23138	-25552	
-28348	-23888	-24502	
-28241	-22840	-25951	
-28255	-22601	-25783	
-28347	-23325	-25321	
-28337	-23260	-25377	
-28243	-23139	-25889	
-28181	-24250	-25077	
-28205	-22525	-25963	
-28285	-23551	-25390	
-28195	-22460	-26019	
-28258	-23236	-25433	
-28145	-24294	-24112	
-25390	-26916	-24649	
-28130	-24284	-25253	
-28338	-23694	-24938	
-28328	-23294	-25341	
-28325	-23684	-25005	
-24882	-23714	-28560	
-28240	-23403	-25470	
-28154	-22559	-26139	
-28098	-24372	-24581	
-28320	-23299	-25327	
-28186	-22494	-25983	
-28205	-23360	-25575	
-28299	-23859	-25067	
-28262	-23116	-25650	
-28140	-22662	-26031	
-28075	-24393	-24683	
-28290	-23964	-25146	
-28045	-24401	-24144	
-28198	-23270	-25578	
-28193	-23607	-25626	
-28243	-23788	-25186	
-28233	-23413	-25415	
-28193	-23280	-25800	
-28222	-23533	-25444	
-28111	-22740	-26087	
-28299	-23863	-24936	
-28239	-23998	-25322	
-28106	-22999	-25988	
-28198	-23694	-25447	
-28220	-24141	-25406	
-28078	-23341	-26048	
-28184	-23433	-25645	
-27854	-22683	-26425	
-28121	-23368	-25824	
-28097	-23198	-25964	
-28056	-22894	-26089	
-28100	-23211	-25864	
-28118	-23474	-25663	
-28025	-23453	-26094	
-27932	-24622	-24292	
-28000	-22823	-26208	
-28089	-23552	-25719	
-28127	-24072	-25470	
-27911	-24559	-24530	
-28121	-23639	-25548	
-27985	-23272	-26112	
-28038	-24359	-25039	
-28004	-24405	-24578	
-27948	-23473	-26193	
-28111	-23686	-25622	
-27979	-24408	-24895	
-28100	-23604	-25637	
-27943	-24478	-25113	
-28075	-23492	-25720	
-28070	-23673	-25724	
-27903	-24575	-25069	
-28058	-23440	-25955	
-28090	-24151	-25638	
-27873	-24614	-24547	
-27871	-24658	-24567	
-27982	-24360	-24976	
-28049	-23638	-25813	
-27890	-22984	-26233	
-27909	-24483	-24827	
-27721	-24844	-25126	
-27861	-23465	-26368	
-27873	-22927	-26262	
-27851	-24661	-24798	
-27635	-24925	-24971	
-28100	-23641	-25624	
-27897	-22772	-26274	
-27590	-24928	-24337	
-27549	-24942	-24038	
-28145	-24158	-25184	
-27789	-23226	-26566	
-27546	-25014	-23993	
-28033	-23955	-25851	
-27823	-22728	-26466	
-28042	-23850	-25772	
-27839	-23018	-26409	
-27736	-24746	-24938	
-27862	-22992	-26205	
-27988	-23484	-25895	
-27645	-24851	-24870	
-27851	-24657	-24929	
-27953	-24404	-25012	
-27808	-23083	-26482	
-27987	-23575	-25919	
-27538	-25020	-24659	
-28014	-24331	-25478	
-24609	-23607	-28609	
-28074	-24228	-25319	
-27924	-23634	-26033	
-27971	-24353	-25054	
-27986	-23779	-25891	
-28042	-23854	-25641	
-28054	-24231	-25550	
-27931	-24394	-25152	
-28023	-24262	-25495	
-27509	-25039	-23994	
-27875	-24338	-25218	
-27905	-23777	-26117	
-27870	-24455	-25289	
-27508	-25034	-24197	
-27835	-23046	-26380	
-28003	-24265	-25726	
-27803	-23110	-26374	
-27922	-24060	-25888	
-27846	-24567	-25209	
-27837	-24605	-25042	
-27872	-23531	-26120	
-27870	-24063	-26175	
-27855	-24341	-25449	
-27510	-22774	-26824	
-27846	-24375	-25413	
-27505	-23029	-26856	
-27744	-24635	-25171	
-27871	-23866	-25924	
-27826	-24381	-25616	
-27744	-24639	-25040	
-27826	-24385	-25485	
-27837	-23503	-26232	
-27463	-22598	-26864	
-27488	-25037	-24428	
-27820	-24563	-25326	
-27811	-24601	-25159	
-27445	-22699	-26872	
-27696	-23157	-26630	
-27409	-22384	-26884	
-27485	-25087	-24528	
-27812	-23708	-26181	
-27780	-23260	-26530	
-27782	-23563	-26337	
-27815	-24441	-25377	
-27938	-24284	-25586	
-27402	-23289	-26911	
-27780	-23264	-26399	
-27768	-23396	-26432	
-25283	-26977	-25120	
-27835	-24312	-25633	
-27922	-24064	-25757	
-27910	-24196	-25790	
-27795	-24409	-25589	
-27445	-25184	-24484	
-27724	-24638	-25402	
-27775	-24182	-26249	
-27398	-23048	-26928	
-27835	-24316	-25502	
-27754	-24477	-25374	
-24428	-23271	-28678	
-27616	-23662	-26635	
-27795	-24413	-25458	
-27788	-24425	-25725	
-27599	-23198	-26711	
-27795	-24179	-26018	
-27705	-23336	-26439	
-27744	-24480	-25364	
-27686	-23479	-26523	
-27717	-24491	-25435	
-27703	-24765	-25151	
-27532	-25011	-24822	
-27753	-23735	-26290	
-27745	-23518	-26404	
-27714	-24465	-25444	
-27683	-24768	-25382	
-27713	-24541	-25568	
-27835	-24275	-25646	
-27688	-23901	-26437	
-27459	-25083	-24645	
-27902	-24201	-25776	
-27214	-25401	-24883	
-27745	-24210	-25793	
-27697	-23664	-26409	
-27506	-23129	-26775	
-27734	-24364	-25876	
-27635	-23519	-26551	
-27233	-25341	-24048	
-27419	-25180	-24601	
-27698	-24634	-25519	
-27449	-25077	-24876	
-27530	-24966	-25219	
-27542	-24856	-25035	
-27693	-24544	-25799	
-27354	-25233	-24515	
-27262	-25324	-24342	
-27739	-23867	-26261	
-27614	-24822	-25368	
-27676	-23532	-26449	
-27719	-24244	-25889	
-27529	-25001	-24872	
-27386	-25137	-24619	
-27537	-24855	-25295	
-27592	-23347	-26655	
-27708	-24360	-25993	
-27378	-25085	-24902	
-27366	-25101	-24966	
-27625	-23683	-26486	
-27592	-23310	-26668	
-27669	-24712	-25626	
-27519	-24978	-25007	
-27363	-25158	-24721	
-27699	-24368	-25900	
-27260	-25244	-24572	
-27512	-25010	-25184	
-27684	-24578	-25763	
-27523	-23593	-26699	
-27240	-25247	-24803	
-27490	-23163	-26719	
-27478	-23471	-26835	
-27315	-25231	-25393	
-27013	-25536	-23990	
-27684	-24582	-25632	
-27407	-25072	-25065	
-27360	-25130	-24750	
-27641	-24471	-25850	
-27703	-24203	-26027	
-27594	-24821	-25730	
-27682	-24113	-26313	
-27337	-25154	-24838	
-27672	-24268	-26100	
-27607	-23696	-26599	
-27300	-25232	-25018	
-27411	-23248	-26849	
-27607	-23700	-26468	
-27507	-24888	-25235	
-27641	-24434	-25863	
-27595	-23832	-26501	
-27590	-24468	-26039	
-27504	-24962	-26337	
-27518	-24828	-25474	
-27518	-24832	-25343	
-27257	-25234	-24622	
-27572	-23954	-26473	
-27240	-25243	-24934	
-27601	-24338	-26235	
-27600	-24475	-25863	
-27659	-24235	-26285	
-27589	-24558	-25914	
-27542	-23837	-26536	
-27336	-25013	-26113	
-27553	-24022	-26422	
-27331	-25028	-25145	
-27304	-23807	-26985	
-27296	-23309	-27097	
-27591	-24612	-25761	
-27499	-24981	-25238	
-27504	-24114	-26568	
-27590	-24472	-25908	
-27583	-24684	-25867	
-25161	-27002	-25045	
-27405	-24988	-25426	
-27437	-24306	-26706	
-27405	-24992	-25295	
-27550	-24335	-26424	
-27419	-23783	-26724	
-27448	-23668	-26681	
-27550	-24339	-26293	
-27449	-23768	-26600	
-27535	-24469	-26287	
-27535	-24049	-26495	
-27563	-24554	-26031	
-27419	-23746	-26737	
-27383	-23590	-26909	
-24155	-23164	-28727	
-27575	-24602	-25902	
-27385	-24991	-25657	
-27114	-25432	-24564	
-27207	-25262	-25147	
-27270	-22890	-27109	
-27094	-25435	-24795	
-27383	-23603	-26748	
-27207	-25266	-25016	
-27374	-23624	-26873	
-27077	-25449	-25344	
-27162	-25269	-25383	
-26992	-23412	-27271	
-27386	-24969	-25462	
-27118	-25319	-25364	
-27374	-23628	-26742	
-26967	-23731	-27310	
-27363	-23689	-26816	
-27034	-25451	-24948	
-27028	-25460	-25971	
-27028	-25465	-24768	
-27296	-25110	-26069	
-27024	-25511	-24976	
-27488	-24272	-26530	
-27363	-23727	-26759	
-27115	-25340	-25291	
-24964	-27090	-25016	
-27107	-25379	-25125	
-27189	-24598	-27048	
-26775	-23416	-27375	
-27088	-25422	-25089	
-27446	-24607	-26343	
-27289	-25227	-25510	
-27421	-24404	-26382	
-27104	-23315	-27051	
-27101	-23733	-27089	
-27384	-24425	-26568	
-26923	-25677	-24597	
-27384	-24429	-26437	
-27255	-25174	-25985	
-27099	-23393	-27199	
-27369	-24559	-26431	
-27087	-25378	-25487	
-27136	-25265	-25500	
-27173	-25209	-25622	
-27343	-24466	-26568	
-27092	-25315	-25481	
-27087	-25225	-25761	
-27333	-24459	-26744	
-27334	-24603	-26466	
-26729	-23372	-27403	
-23933	-22632	-28787	
-27080	-25243	-25620	
-26997	-25519	-26094	
-27076	-25303	-26382	
-27322	-24519	-26505	
-26805	-25682	-25094	
-27147	-25205	-25739	
-27238	-24792	-26348	
-27228	-24679	-26367	
-26710	-22974	-27486	
-27226	-24668	-26393	
-27246	-24354	-26805	
-27318	-24593	-26607	
-27198	-24659	-26733	
-26886	-25571	-25437	
-27061	-25374	-25604	
-27146	-24955	-26369	
-27145	-24723	-26412	
-26672	-23676	-27430	
-27333	-24463	-26613	
-27038	-24185	-27155	
-27226	-24478	-26816	
-27190	-24163	-26828	
-27137	-24806	-26449	
-26885	-25606	-25090	
-26795	-23342	-27328	
-27047	-25322	-25717	
-27221	-24537	-26761	
-27148	-24979	-26131	
-26868	-25615	-25402	
-27131	-24787	-26467	
-27128	-24982	-26362	
-27108	-25160	-26207	
-27121	-24931	-26646	
-26776	-23643	-27326	
-26980	-23830	-27161	
-26753	-24437	-27336	
-26926	-24001	-27267	
-27087	-25020	-26453	
-26734	-23840	-27337	
-26730	-23599	-27354	
-26928	-24169	-27158	
-26703	-23487	-27366	
-26683	-23611	-27377	
-26683	-23574	-27390	
-26687	-23815	-27373	
-26700	-25894	-24923	
-26860	-25567	-26555	
-27014	-24700	-26650	
-27010	-24709	-26871	
-26855	-25586	-25456	
-26606	-25798	-25104	
-26725	-23690	-27341	
-26849	-25596	-25438	
-26705	-23610	-27343	
-27021	-24649	-26824	
-26829	-25570	-25870	
-26800	-25607	-26065	
-27008	-24872	-26680	
-26596	-25848	-25152	
-26945	-24220	-27095	
-27002	-25022	-26479	
-26923	-24428	-27059	
-26981	-24746	-26780	
-26910	-24370	-27135	
-26974	-24961	-26487	
-26930	-25219	-26542	
-26823	-24089	-27323	
-26960	-24828	-26830	
-26804	-24403	-27160	
-26788	-24419	-27184	
-26659	-23912	-27377	
-26596	-25852	-25021	
-26424	-26030	-25538	
-26585	-25872	-25238	
-26361	-26093	-24360	
-26784	-24178	-27201	
-26353	-26124	-26312	
-26926	-24978	-26559	
-26588	-25800	-25304	
-26840	-24718	-27148	
-26676	-25780	-25410	
-26664	-23937	-27345	
-26908	-25348	-26208	
-26573	-25875	-25396	
-26924	-25019	-26617	
-26990	-24708	-26947	
-26918	-24837	-26685	
-26886	-24943	-26873	
-26918	-24925	-26674	
-26892	-25516	-26238	
-26906	-24940	-26642	
-26852	-25032	-26680	
-26617	-24163	-27386	
-23846	-23188	-28837	
-26921	-25040	-26544	
-26580	-25782	-25518	
-26654	-25764	-25739	
-24553	-27206	-25725	
-26802	-25212	-26561	
-26487	-25970	-25795	
-26740	-25034	-26655	
-26736	-25085	-26716	
-26602	-24024	-27443	
-26867	-24759	-26894	
-26872	-25432	-26371	
-26611	-25779	-26203	
-26797	-24954	-26822	
-26551	-25819	-25713	
-26770	-24996	-26909	
-26831	-24756	-26981	
-26793	-24874	-26937	
-26713	-25096	-26682	
-26702	-25366	-26636	
-26770	-25000	-26778	
-26772	-24656	-27164	
-26740	-25030	-26786	
-26594	-24120	-27457	
-26718	-24767	-27197	
-26761	-24939	-27093	
-26377	-24124	-27561	
-26607	-24320	-27378	
-26702	-25156	-26729	
-26652	-25715	-26287	
-26709	-25093	-26778	
-26319	-24054	-27684	
-26659	-24597	-27198	
-26643	-24648	-27205	
-26443	-25983	-25705	
-26623	-24772	-27216	
-26589	-24260	-27390	
-26615	-24855	-27253	
-26689	-25064	-26962	
-26664	-25580	-26103	
-26696	-25203	-26698	
-26699	-25071	-26786	
-26682	-25155	-26805	
-26560	-24566	-27278	
-26537	-24668	-27391	
-26692	-25271	-26690	
-26689	-25068	-26831	
-26524	-24468	-27470	
-26677	-25346	-26782	
-26556	-24525	-27307	
-26666	-25268	-26828	
-25970	-23525	-27890	
-26458	-25849	-25842	
-26658	-25127	-26954	
-26272	-26235	-24968	
-26643	-24806	-27119	
-26273	-24010	-27712	
-26689	-25027	-26975	
-26299	-23974	-27686	
-26397	-25796	-26005	
-26277	-23784	-27688	
-26604	-25086	-27053	
-26545	-25203	-27266	
-26397	-25800	-25874	
-26632	-25714	-26649	
-26383	-25926	-26297	
-26584	-25277	-26846	
-26238	-26182	-25443	
-26407	-24270	-27514	
-26577	-25142	-26979	
-26307	-24472	-27574	
-26553	-25120	-27229	
-26577	-25152	-26949	
-26406	-24335	-27496	
-26417	-25979	-25822	
-26270	-24143	-27633	
-26554	-25264	-26951	
-26584	-25006	-27055	
-26557	-25068	-27082	
-26574	-25359	-26655	
-26509	-25393	-26689	
-26360	-24291	-27524	
-26490	-24914	-27291	
-26444	-24599	-27455	
-26398	-24555	-27483	
-26337	-24618	-27527	
-26477	-25536	-26864	
-26257	-24379	-27580	
-26440	-24971	-27295	
-26421	-24721	-27427	
-26208	-24219	-27595	
-26564	-25287	-26816	
-26489	-25401	-26680	
-26233	-26192	-25678	
-26032	-24046	-27758	
-26207	-24132	-27701	
-26200	-24491	-27646	
-26017	-23916	-27783	
-26193	-26194	-25352	
-26156	-26212	-26283	
-26464	-25765	-26425	
-26152	-26263	-25288	
-26553	-25124	-27098	
-26421	-24725	-27296	
-26387	-25002	-27347	
-26183	-24027	-27722	
-26000	-24545	-27794	
-26449	-25272	-26932	
-26373	-25449	-26956	
-25999	-24318	-27843	
-26461	-25211	-27056	
-26079	-24656	-27655	
-26423	-25776	-26299	
-26366	-25314	-27089	
-26317	-25350	-27360	
-26057	-24466	-27657	
-26050	-24284	-27667	
-26401	-24641	-27429	
-23573	-23081	-28886	
-26309	-24852	-27472	
-26019	-24402	-27710	
-26011	-24485	-27747	
-26237	-25012	-27548	
-26366	-25544	-26660	
-26358	-25627	-26697	
-26328	-25821	-26692	
-26233	-24771	-27565	
-26213	-24691	-27567	
-26337	-25351	-26998	
-26308	-25737	-26825	
-26396	-25133	-27284	
-26104	-26336	-25960	
-26191	-24968	-27576	
-26354	-25230	-27128	
-26187	-24727	-27593	
-26326	-25411	-27045	
-26068	-26364	-24957	
-26201	-25840	-26547	
-26138	-24567	-27608	
-26274	-25530	-26892	
-26201	-25844	-26416	
-26130	-25031	-27620	
-26197	-25891	-26359	
-26274	-25493	-26905	
-26120	-24622	-27631	
-25895	-23919	-27877	
-26249	-25683	-26958	
-26050	-26372	-25080	
-25883	-24155	-27877	
-26221	-25456	-27013	
-25975	-26389	-24858	
-26186	-25974	-26410	
-26280	-25624	-26835	
-25834	-24017	-27895	
-26223	-25364	-27112	
-25961	-26425	-25428	
-26149	-25401	-27136	
-26144	-25680	-27102	
-26185	-25953	-26570	
-25826	-24754	-27912	
-26237	-25016	-27417	
-26229	-25143	-27405	
-25907	-24476	-27858	
-25987	-24814	-27670	
-25814	-23933	-28028	
-25887	-24396	-27860	
-25950	-24725	-27675	
-25808	-24031	-27918	
-25913	-25035	-27724	
-26009	-25196	-27629	
-25765	-23947	-27932	
-26138	-25461	-27183	
-25758	-24012	-27930	
-26005	-24955	-27646	
-26121	-25069	-27453	
-25855	-26440	-25829	
-26293	-25749	-26720	
-25676	-24568	-27970	
-25679	-24150	-27932	
-25827	-24981	-27863	
-26165	-25873	-26572	
-26070	-25836	-26670	
-26215	-25772	-26765	
-26083	-25187	-27409	
-25734	-24912	-27927	
-26174	-26013	-26331	
-26063	-25107	-27411	
-26060	-25162	-27453	
-26065	-25896	-26814	
-26124	-25596	-27235	
-26128	-25261	-27382	
-25714	-24832	-27929	
-26154	-26016	-26562	
-25699	-24230	-27930	
-26140	-25787	-26710	
-25877	-24720	-27736	
-26058	-25971	-26854	
-26103	-25774	-26740	
-25846	-24838	-27779	
-26185	-25957	-26439	
-25653	-24009	-28074	
-26160	-25970	-26527	
-26058	-25761	-26947	
-26045	-25392	-27247	
-26093	-26044	-26397	
-26017	-25698	-27386	
-25941	-26345	-25430	
-25907	-26424	-25931	
-26013	-25457	-27403	
-25805	-26533	-25723	
-26061	-25947	-26626	
-25640	-24253	-27982	
-26020	-26268	-26550	
-25993	-25373	-27536	
-25601	-24444	-28011	
-26038	-25760	-27023	
-26052	-25771	-26929	
-25945	-25790	-27001	
-25597	-24785	-28046	
-25940	-25882	-27064	
-26000	-26184	-26683	
-25589	-24287	-28158	
-25771	-26480	-26198	
-25834	-25256	-27669	
-25925	-25706	-27134	
-25922	-26027	-27121	
-25979	-25377	-27434	
-25900	-25408	-27476	
-25606	-26652	-25477	
-25867	-25455	-27451	
-25780	-25227	-27763	
-25743	-25607	-27565	
-25734	-25784	-27123	
-25729	-26054	-27174	
-25820	-25703	-27278	
-25799	-25706	-27161	
-25822	-25478	-27478	
-25751	-25524	-27528	
-25865	-26090	-26765	
-25655	-25400	-27610	
-25822	-25390	-27489	
-25705	-25904	-27261	
-23351	-22549	-28946	
-25428	-24880	-28080	
-25751	-26396	-26331	
-25659	-25028	-27770	
-25751	-25528	-27397	
-25613	-24984	-27798	
-25607	-25663	-27832	
-25655	-25363	-27623	
-25754	-26078	-26897	
-25746	-26177	-26729	
-25785	-26449	-25856	
-25685	-25820	-27394	
-25410	-24935	-28103	
-25726	-26097	-26731	
-25739	-26270	-26399	
-25673	-26239	-26769	
-25696	-26291	-26726	
-25621	-25496	-27614	
-25503	-25004	-28039	
-25648	-26094	-26869	
-25282	-23919	-28230	
-25297	-24328	-28121	
-25522	-24861	-27955	
-25456	-25250	-27939	
-25075	-24543	-28265	
-25637	-26237	-26859	
-25240	-24190	-28233	
-25615	-26301	-26412	
-25588	-26537	-25827	
-25206	-24348	-28140	
-25678	-26510	-26327	
-25535	-26660	-25503	
-25012	-24337	-28327	
-25603	-26326	-26666	
-25234	-24288	-28123	
-25193	-24481	-28159	
-25513	-26682	-25606	
-25600	-25756	-27502	
-25617	-26153	-26992	
-25180	-24843	-28162	
-25615	-25497	-27566	
-25147	-24437	-28187	
-25565	-26361	-26393	
-25570	-25937	-27307	
-25678	-26514	-26196	
-25481	-26598	-26298	
-25553	-26423	-26604	
-25098	-24277	-28202	
-25550	-25853	-27440	
-25512	-26150	-27136	
-25539	-25996	-27430	
-25439	-25714	-27608	
-25426	-26441	-26888	
-25190	-25721	-27948	
-24914	-24135	-28381	
-25150	-25128	-27981	
-25422	-26200	-26905	
-25414	-25909	-27707	
-25583	-26242	-26799	
-25081	-24559	-28176	
-25658	-26430	-26329	
-25363	-25285	-27879	
-25580	-26273	-26767	
-25421	-26501	-27032	
-25505	-26085	-27237	
-25246	-25403	-27872	
-25471	-26244	-26774	
-25428	-26721	-25974	
-25446	-26525	-26755	
-25089	-25094	-28051	
-25553	-26427	-26473	
-25542	-26483	-26365	
-24968	-23654	-28435	
-25491	-26153	-27019	
-25228	-25344	-27909	
-24963	-24621	-28282	
-25385	-26168	-27420	
-25105	-25244	-27962	
-25528	-26440	-26561	
-25152	-24998	-28062	
-25316	-26770	-25577	
-25103	-25136	-27964	
-24996	-25129	-27991	
-24993	-25174	-27972	
-25461	-26514	-26431	
-24876	-24653	-28164	
-24795	-24668	-28189	
-24968	-25189	-28008	
-25313	-26260	-27035	
-25012	-24994	-28083	
-25195	-25451	-27897	
-25308	-26352	-27098	
-24790	-23805	-28387	
-24754	-24702	-28213	
-25059	-24929	-28126	
-24682	-24458	-28393	
-24879	-25247	-27984	
-24948	-25109	-28010	
-24855	-25040	-28074	
-24811	-25402	-28025	
-25381	-25927	-27437	
-24660	-24884	-28219	
-24849	-25129	-28010	
-24679	-23729	-28436	
-25322	-26000	-27534	
-24733	-25186	-28097	
-25102	-25382	-27961	
-24653	-24098	-28402	
-24459	-27233	-25126	
-24758	-25183	-28051	
-24676	-24902	-28141	
-24829	-25461	-27988	
-24756	-25192	-28063	
-25290	-26497	-27155	
-24825	-25220	-28005	
-24666	-25103	-28138	
-24607	-24054	-28430	
-24775	-24527	-28329	
-24746	-24167	-28338	
-24738	-25088	-28074	
-24754	-24665	-28226	
-25461	-26518	-26300	
-24708	-24444	-28370	
-25408	-26641	-25976	
-25292	-26694	-26012	
-25167	-26176	-27195	
-24640	-25117	-28161	
-24614	-24840	-28247	
-25376	-26573	-26509	
-25281	-26697	-26034	
-25134	-26264	-27202	
-24756	-25229	-28050	
-25276	-26757	-26178	
-25215	-26019	-27606	
-25140	-25822	-27755	
-24575	-23919	-28461	
-25097	-26524	-27208	
-24584	-25039	-28204	
-25061	-26209	-27220	
-24668	-25419	-28094	
-25206	-26057	-27439	
-24585	-24760	-28260	
-25263	-26893	-25253	
-25010	-26243	-27396	
-25428	-26725	-25843	
-25131	-26161	-27466	
-25377	-26738	-25873	
-24567	-24815	-28283	
-24521	-24771	-28311	
-24567	-24852	-28270	
-24581	-25132	-28100	
-24341	-25241	-28167	
-25047	-25753	-27819	
-25121	-26053	-27545	
-24462	-25305	-28100	
-25256	-26673	-26311	
-25209	-26789	-25649	
-25325	-26574	-26567	
-24574	-24161	-28418	
-24975	-26133	-27866	
-24558	-26191	-27982	
-25197	-26737	-26403	
-24575	-23882	-28474	
-24400	-24891	-28228	
-24418	-23928	-28465	
-24686	-25432	-27997	
-24374	-24905	-28251	
-24347	-24066	-28555	
-25325	-26570	-26698	
-24489	-24636	-28342	
-25111	-26077	-27599	
-24352	-24925	-28317	
-24493	-24460	-28424	
-24527	-25078	-28167	
-24626	-25455	-28016	
-24311	-24932	-28253	
-24938	-26407	-27341	
-24293	-25206	-28207	
-24529	-23838	-28502	
-24251	-25477	-28210	
-24513	-25868	-28066	
-25018	-26107	-27577	
-25180	-26826	-25844	
-24214	-24976	-28212	
-24424	-24521	-28352	
-24214	-24939	-28225	
-25177	-26653	-26536	
-24164	-25190	-28216	
-24261	-24783	-28436	
-24319	-25276	-28109	
-24575	-25454	-28034	
-24110	-25136	-28283	
-24291	-24679	-28370	
-24317	-25413	-28117	
-24235	-24144	-28572	
-24291	-25336	-28126	
-24337	-24760	-28329	
-25010	-26206	-27409	
-24337	-25380	-28098	
-24259	-25299	-28128	
-24259	-25262	-28141	
-24932	-26188	-27422	
-24907	-26466	-27464	
-24819	-25900	-27913	
-24337	-24723	-28342	
-24807	-26184	-27642	
-24464	-23787	-28522	
-25122	-26548	-26931	
-24148	-24412	-28462	
-25041	-26709	-26803	
-25127	-26949	-25520	
-24197	-24898	-28363	
-24750	-26232	-27510	
-24063	-25552	-28091	
-23953	-25230	-28294	
-24067	-24191	-28479	
-25109	-26834	-25870	
-23844	-25022	-28305	
-23875	-24305	-28511	
-25075	-26762	-26328	
-24726	-26345	-27514	
-23898	-25601	-28152	
-24714	-26219	-27582	
-24982	-26815	-26343	
-23797	-25034	-28328	
-24001	-24919	-28340	
-25029	-26583	-26871	
-23900	-25471	-28233	
-23943	-25924	-28068	
-23910	-24777	-28459	
-24531	-23708	-28583	
-23831	-24722	-28476	
-24104	-24829	-28427	
-24540	-26310	-27576	
-23582	-25107	-28375	
-23797	-24997	-28341	
-24941	-26575	-26993	
-23796	-25276	-28285	
-24342	-23988	-28559	
-23608	-25637	-28106	
-23751	-24953	-28369	
-24694	-26135	-27715	
-25109	-26838	-25739	
-23846	-24892	-28386	
-24444	-26200	-27663	
-25032	-26909	-25682	
-23797	-24406	-28485	
-24258	-23601	-28632	
-24855	-26674	-26865	
-24436	-26463	-27614	
-23755	-25334	-28244	
-23447	-25781	-28102	
-23523	-25169	-28334	
-24941	-26538	-27006	
-23755	-24677	-28488	
-23688	-24245	-28519	
-24489	-26523	-27579	
-24873	-26555	-27271	
-24112	-23896	-28618	
-23404	-25328	-28267	
-23624	-24358	-28496	
-24751	-26827	-26903	
-24390	-26242	-27758	
-23632	-24893	-28371	
-23478	-24846	-28418	
-23578	-24314	-28524	
-24889	-26746	-26407	
-24873	-26760	-26579	
-23215	-24951	-28487	
-24705	-26606	-27047	
-23614	-24462	-28494	
-23480	-24716	-28499	
-23533	-24145	-28548	
-23524	-24299	-28534	
-24878	-26850	-26299	
-23414	-24417	-28512	
-24759	-26570	-27134	
-24113	-23464	-28643	
-23305	-24207	-28573	
-24122	-26367	-27691	
-24633	-26379	-27512	
-24825	-26973	-25975	
-22995	-24605	-28547	
-24025	-23971	-28589	
-23753	-24823	-28450	
-23335	-24579	-28510	
-24657	-26677	-27111	
-23273	-24294	-28623	
-24710	-26554	-27435	
-23852	-23427	-28664	
-23991	-23982	-28582	
-23917	-24005	-28595	
-24857	-26811	-26563	
-23701	-24098	-28641	
-24013	-23612	-28632	
-23839	-23789	-28667	
-23993	-23836	-28620	
-24037	-26366	-27700	
-24471	-26642	-27173	
-24039	-26236	-27781	
-23602	-26292	-27729	
-23770	-24005	-28614	
-23336	-27240	-24359	
-23692	-24106	-28588	
-23149	-24652	-28500	
-22876	-24545	-28549	
-22720	-24312	-28596	
-24367	-26795	-27211	
-22798	-24646	-28523	
-22644	-24599	-28570	
-23806	-23383	-28692	
-24803	-26995	-26078	
-23765	-23983	-28714	
-24321	-26574	-27355	
-24941	-26914	-25582	
-25034	-26983	-25518	
-24837	-27067	-25620	
-24564	-26711	-27109	
-23969	-26448	-27617	
-23968	-26698	-27297	
-24657	-26854	-26304	
-22525	-24539	-28572	
-24657	-26858	-26173	
-24622	-26874	-26128	
-23901	-23153	-28733	
-24751	-26831	-26772	
-24605	-26885	-26512	
-23000	-22543	-28969	
-23533	-26624	-27326	
-24437	-26731	-26980	
-23970	-26568	-27378	
-22369	-24306	-28619	
-23448	-26623	-27335	
-24959	-27000	-25296	
-23000	-24187	-28672	
-23608	-24029	-28705	
-24465	-26980	-26227	
-23020	-27279	-23716	
-23617	-23257	-28727	
-24050	-26906	-26571	
-23543	-23451	-28774	
-24434	-26938	-26263	
-24042	-26838	-27041	
-24427	-26892	-26477	
-23989	-26961	-26717	
-23335	-23922	-28754	
-24419	-26963	-26386	
-23847	-26720	-27249	
-22952	-24152	-28712	
-24367	-26799	-27080	
-23794	-26847	-26794	
-23301	-26732	-27223	
-23469	-26886	-26755	
-24606	-27083	-26049	
-23821	-26807	-27185	
-23269	-23623	-28767	
-23270	-23344	-28823	
-24222	-27051	-26357	
-24385	-27052	-26193	
-22729	-23897	-28766	
-22918	-23617	-28790	
-23192	-23445	-28797	
-24837	-27071	-25489	
-24268	-27068	-26198	
-23702	-26976	-26395	
-22499	-23805	-28825	
-23156	-26988	-26369	
-22378	-23891	-28789	
-23113	-23390	-28814	
-22807	-23358	-28967	
-22762	-23384	-28837	
-23224	-23300	-28851	
-22919	-23338	-28846	
-24033	-27131	-25763	
-23649	-27099	-26071	
-22873	-23294	-28874	
-23649	-27103	-25940	
-22456	-23352	-28990	
-23324	-27142	-25901	
-23093	-22612	-28905	
-24101	-27226	-25158	
-23163	-27208	-25311	
