-34093	-25937	-24295	
-34040	-26363	-24060	
-34066	-25758	-24679	
-34036	-26771	-25309	
-34011	-26876	-24712	
-33989	-27089	-25778	
-34021	-26358	-25645	
-33988	-27166	-25088	
-33974	-27186	-25001	
-33969	-27475	-25762	
-34010	-26447	-25744	
-33932	-27565	-25453	
-33926	-27581	-24780	
-33982	-26707	-26298	
-33907	-27890	-25454	
-33870	-27980	-25145	
-33809	-28291	-25260	
-33947	-26407	-26412	
-33925	-26281	-26478	
-33756	-28324	-26012	
-33861	-27314	-26646	
-33702	-28369	-24474	
-33675	-28591	-26272	
-33841	-27811	-26731	
-33771	-26487	-26741	
-33655	-28610	-25705	
-33765	-27119	-26938	
-33631	-28611	-25531	
-33621	-28708	-25678	
-33611	-28997	-25515	
-33756	-26240	-26967	
-33746	-27566	-27038	
-33668	-27345	-27175	
-33547	-29005	-25867	
-33534	-29094	-25888	
-33648	-27884	-27228	
-33493	-29354	-25466	
-33618	-27883	-27275	
-33593	-27261	-27355	
-33552	-27742	-27516	
-33445	-29467	-26237	
-33507	-27597	-27559	
-33370	-29478	-26100	
-33494	-26954	-27574	
-33362	-29512	-25245	
-33480	-27724	-27715	
-33334	-29553	-26376	
-33321	-29713	-26190	
-33432	-27324	-27769	
-33386	-28598	-27835	
-33315	-29722	-25813	
-33277	-29856	-25566	
-33341	-28453	-27878	
-33307	-27791	-27896	
-33290	-28067	-28002	
-33259	-29929	-25511	
-33195	-29931	-25643	
-33128	-30207	-24922	
-33277	-27424	-28017	
-33267	-28750	-28088	
-33232	-27518	-28106	
-33222	-28605	-28131	
-33188	-28024	-28138	
-33182	-27626	-28239	
-33157	-27006	-28270	
-33054	-30408	-24531	
-33137	-27481	-28282	
-33124	-28923	-28321	
-33114	-28445	-28405	
-33041	-28350	-28417	
-33028	-28781	-28609	
-33000	-30412	-26427	
-32997	-30484	-27011	
-32976	-30505	-25903	
-32926	-30613	-26036	
-32969	-28652	-28612	
-32953	-28508	-28819	
-32836	-30669	-26695	
-32823	-30698	-27045	
-32790	-30699	-25269	
-32786	-30777	-26828	
-32773	-30834	-26851	
-32822	-28745	-28828	
-32816	-28347	-28929	
-32735	-30871	-26773	
-32723	-30953	-26892	
-32771	-28202	-28972	
-32717	-30962	-26515	
-32702	-30963	-25876	
-32697	-31005	-26526	
-32736	-29081	-29032	
-32646	-31122	-25171	
-32730	-28683	-29133	
-32569	-31313	-25871	
-32634	-28957	-29179	
-32624	-28404	-29194	
-32581	-28519	-29327	
-32529	-31394	-25855	
-32503	-28778	-29430	
-32490	-31410	-27243	
-32467	-31423	-25028	
-32440	-31518	-27376	
-32481	-28652	-29496	
-32389	-31520	-26400	
-32344	-31547	-25662	
-32457	-28034	-29506	
-32317	-31599	-25296	
-32411	-29877	-29515	
-32354	-29451	-29695	
-32265	-31633	-27126	
-32265	-31644	-27034	
-32257	-31678	-26179	
-32228	-31756	-26108	
-32180	-31869	-26879	
-32212	-29267	-29700	
-32179	-28237	-29769	
-32148	-29047	-29819	
-32086	-31909	-26222	
-32114	-28648	-29822	
-32041	-29683	-29825	
-32011	-28886	-29929	
-32076	-31936	-26371	
-32038	-32070	-26124	
-31995	-28742	-30136	
-31926	-32112	-26639	
-34037	-26336	-24660	
-34057	-25839	-24575	
-31896	-32143	-26900	
-31888	-32246	-26392	
-31766	-27519	-30152	
-31772	-32308	-27093	
-31713	-29410	-30160	
-31611	-27946	-30192	
-31584	-28515	-30292	
-31747	-32413	-26496	
-31378	-28111	-30416	
-31664	-32458	-25504	
-31626	-32592	-25257	
-34009	-26592	-25693	
-31304	-28694	-30434	
-31257	-28282	-30473	
-31074	-29036	-30518	
-31548	-32689	-26629	
-31064	-28075	-30540	
-33954	-26789	-25892	
-30919	-28626	-30552	
-33920	-27122	-25990	
-30893	-28467	-30590	
-31292	-32708	-26285	
-33908	-27107	-26278	
-31264	-32854	-27346	
-30846	-27919	-30634	
-33678	-28345	-26185	
-33870	-27241	-26031	
-33927	-27504	-25470	
-33915	-27489	-25758	
-33895	-27875	-25742	
-33869	-27551	-26177	
-30687	-28063	-30714	
-33803	-27945	-26484	
-33775	-28002	-25453	
-33770	-28162	-25261	
-33765	-27963	-26230	
-33763	-27987	-25741	
-30539	-27682	-30753	
-31157	-32865	-26363	
-31089	-32875	-26817	
-30850	-32883	-27272	
-30849	-32921	-26249	
-30532	-28490	-30754	
-30532	-27883	-30758	
-30504	-28817	-30759	
-30438	-28483	-30761	
-30373	-28027	-30838	
-30842	-32961	-27751	
-33740	-28180	-26219	
-30771	-33018	-27621	
-33753	-27948	-26518	
-33737	-28176	-26580	
-33728	-28226	-26144	
-30275	-28666	-30892	
-33583	-28838	-26010	
-33596	-28679	-26196	
-33716	-28211	-26432	
-33749	-27942	-26532	
-33721	-27783	-27027	
-33557	-28933	-26504	
-30758	-33053	-26580	
-33692	-28031	-26623	
-33690	-27887	-26867	
-33663	-28576	-26560	
-33555	-28939	-25774	
-30155	-27871	-30932	
-33656	-28194	-27080	
-33668	-28209	-26792	
-30703	-33066	-26612	
-33483	-29333	-26484	
-30648	-33075	-26605	
-33563	-28680	-26447	
-33663	-28131	-27002	
-30616	-33126	-27356	
-33593	-27263	-27306	
-33573	-27738	-27318	
-30072	-28599	-30985	
-33625	-28265	-26755	
-33582	-27262	-27345	
-33555	-28639	-27346	
-33624	-28281	-27174	
-33618	-28328	-26833	
-33507	-29052	-26545	
-33618	-28431	-26603	
-33601	-28546	-26694	
-33493	-29054	-27038	
-30522	-33128	-25847	
-30456	-33155	-27259	
-33589	-28531	-26982	
-29980	-27891	-30999	
-33551	-28665	-26735	
-33568	-27886	-27309	
-33574	-28284	-27208	
-33545	-28918	-26792	
-29936	-28005	-31001	
-30419	-33167	-26640	
-29889	-29353	-31030	
-33117	-30002	-26287	
-33529	-28036	-27481	
-30398	-33176	-26849	
-33048	-30248	-26056	
-33097	-30021	-25720	
-30379	-33203	-26622	
-33086	-30114	-26303	
-33038	-30278	-26674	
-29841	-27835	-31056	
-33024	-30389	-24663	
-33480	-27827	-27485	
-33456	-27941	-27493	
-33437	-27750	-27589	
-33424	-27865	-27508	
-33500	-28773	-26835	
-33421	-27979	-27525	
-33417	-28225	-27601	
-33260	-29754	-25985	
-33022	-30336	-24894	
-30377	-33235	-27127	
-33433	-28369	-27394	
-33247	-29914	-25799	
-33464	-29185	-27052	
-33428	-28601	-27474	
-29755	-28226	-31140	
-33406	-29338	-26238	
-33368	-29341	-26557	
-33020	-30281	-26767	
-33012	-30315	-25912	
-33444	-29204	-26485	
-30375	-33289	-26984	
-33438	-29188	-26527	
-33426	-29319	-26805	
-33223	-29792	-26555	
-33439	-28767	-27293	
-33307	-29375	-26457	
-33221	-29798	-25825	
-33206	-29800	-27317	
-33191	-29801	-26678	
-33171	-29820	-26111	
-33135	-29929	-26342	
-33158	-29839	-25995	
-33306	-29394	-26871	
-33148	-29843	-26160	
-33296	-29433	-26522	
-33401	-28456	-27488	
-33147	-29859	-26579	
-33258	-29567	-26275	
-33257	-29635	-26353	
-33141	-29909	-26811	
-33419	-29040	-27095	
-33270	-29475	-26539	
-33376	-28877	-27281	
-33260	-29508	-26798	
-33229	-29645	-26204	
-33255	-29533	-26530	
-33276	-29426	-26726	
-33234	-29555	-26423	
-33232	-29595	-26480	
-33409	-28677	-27312	
-33362	-28995	-27781	
-33352	-29274	-27227	
-33229	-29597	-27073	
-33366	-28706	-27296	
-33148	-29818	-27013	
-30252	-33321	-27212	
-33314	-29292	-26973	
-29485	-27786	-31159	
-33264	-29411	-27014	
-33135	-27946	-28232	
-33221	-29658	-26970	
-33253	-29424	-27628	
-33337	-29027	-27453	
-30221	-33336	-28140	
-33302	-29277	-27261	
-33211	-29777	-26843	
-29403	-27618	-31168	
-33307	-29129	-27270	
-33286	-29147	-27280	
-33274	-29132	-27568	
-29313	-27778	-31171	
-33110	-29952	-26766	
-30197	-33357	-26740	
-29310	-27806	-31226	
-33105	-29976	-26667	
-33105	-29987	-26575	
-33132	-29233	-28173	
-33073	-30050	-26436	
-33283	-29243	-27278	
-33270	-29229	-27352	
-33159	-28693	-28132	
-33324	-29013	-27527	
-30061	-33365	-28043	
-33067	-30110	-26420	
-33317	-28850	-27824	
-33263	-29199	-27423	
-33064	-30001	-26562	
-30024	-33377	-27424	
-33055	-30095	-26708	
-33312	-28998	-27815	
-29990	-33388	-27513	
-33062	-29997	-26735	
-33051	-30103	-26464	
-33129	-29894	-27099	
-33267	-28853	-27858	
-33251	-29081	-27920	
-33093	-29961	-26955	
-29952	-33395	-25379	
-32946	-30486	-26035	
-29881	-33425	-26579	
-33213	-29215	-27673	
-33189	-29496	-27612	
-29139	-28198	-31276	
-33125	-29902	-26855	
-33041	-29978	-26799	
-33176	-28808	-28130	
-33179	-29152	-27723	
-32896	-30594	-26168	
-33008	-30259	-26806	
-33032	-29978	-26867	
-33189	-29507	-27520	
-33167	-29760	-27346	
-33158	-28815	-27957	
-33139	-29170	-28095	
-33177	-29481	-27900	
-33194	-28655	-28100	
-33151	-29630	-27365	
-33000	-29967	-26869	
-33139	-29615	-27653	
-32625	-31055	-25627	
-33023	-29944	-26959	
-33021	-29957	-27885	
-32885	-30573	-27186	
-33070	-29844	-27114	
-33067	-29864	-27233	
-29874	-33465	-28081	
-32616	-31103	-25303	
-33103	-29682	-27509	
-32983	-29975	-27631	
-33073	-29029	-28336	
-32982	-30150	-27157	
-33051	-28903	-28402	
-33075	-29741	-28060	
-32573	-31060	-26813	
-33065	-29816	-27262	
-33055	-29849	-27521	
-29077	-28350	-31286	
-33133	-29499	-27694	
-32980	-30040	-27254	
-33077	-29585	-27787	
-33080	-29491	-27809	
-32602	-31032	-25864	
-28926	-28096	-31289	
-32959	-30372	-27577	
-32978	-30089	-27391	
-28904	-26973	-31330	
-32593	-31041	-27380	
-29873	-33494	-26750	
-32970	-30135	-27445	
-33050	-29323	-28301	
-33065	-29570	-28075	
-33001	-29011	-28535	
-33044	-28925	-28402	
-33005	-29417	-28390	
-32968	-30014	-27634	
-32926	-28738	-28745	
-32567	-31260	-26102	
-29866	-33499	-27226	
-32968	-30025	-27542	
-29750	-33542	-27013	
-32967	-29540	-28235	
-32952	-28979	-28538	
-32897	-29018	-28618	
-32975	-29050	-28511	
-28847	-28498	-31348	
-32955	-29525	-28523	
-32956	-29999	-27922	
-32940	-30224	-28145	
-32802	-29220	-28840	
-32564	-31101	-26145	
-32881	-28593	-28788	
-32866	-30425	-27754	
-32863	-29239	-28631	
-32775	-28931	-28860	
-32834	-29135	-28697	
-32548	-31068	-26642	
-32753	-28805	-28926	
-32539	-31143	-26456	
-32955	-29816	-28126	
-32966	-29601	-28074	
-32861	-30564	-27292	
-28825	-28162	-31400	
-32761	-30819	-27139	
-32896	-29529	-28564	
-32537	-31200	-26675	
-32810	-30584	-27049	
-32821	-29256	-28774	
-32880	-29543	-28336	
-32774	-30659	-27325	
-32868	-29652	-28202	
-32685	-30971	-26638	
-32852	-29916	-28374	
-32306	-31565	-25408	
-32772	-30472	-27615	
-32537	-31241	-26234	
-32920	-30243	-27578	
-29557	-33605	-26163	
-32287	-31580	-25428	
-32806	-28813	-28811	
-32757	-30607	-27413	
-32663	-30901	-27462	
-32516	-31238	-26287	
-32736	-30703	-27165	
-32698	-30673	-27224	
-32746	-30500	-27820	
-32667	-30682	-27722	
-32840	-29533	-28596	
-32665	-30701	-27526	
-32716	-30532	-27675	
-32834	-29846	-28519	
-32295	-31544	-26426	
-32790	-30331	-28066	
-32737	-29270	-28879	
-32631	-30907	-27627	
-32708	-30634	-27573	
-32611	-30926	-27060	
-32790	-29708	-28731	
-32525	-31174	-27055	
-32794	-30052	-28182	
-32778	-30316	-28354	
-32703	-28913	-29059	
-32683	-30628	-27581	
-28619	-27758	-31524	
-32746	-30350	-27860	
-32656	-29083	-29113	
-32751	-29328	-28806	
-32711	-30419	-27990	
-32752	-29225	-28825	
-32704	-30517	-27963	
-32558	-28954	-29202	
-32691	-29383	-28999	
-32701	-29331	-28840	
-32662	-30748	-27500	
-32526	-28900	-29223	
-32823	-29849	-28376	
-32703	-30043	-28564	
-32643	-30600	-28068	
-32649	-30834	-27682	
-32686	-29739	-28859	
-32502	-31103	-27684	
-32685	-30481	-28029	
-29378	-33682	-26203	
-32631	-30837	-27775	
-32681	-30400	-28122	
-32658	-29898	-28607	
-32629	-29313	-29039	
-32619	-30892	-27915	
-32581	-31015	-27760	
-32642	-30126	-28669	
-32598	-29431	-29088	
-32548	-29026	-29157	
-32619	-30342	-28221	
-32492	-29610	-29255	
-32618	-30418	-28516	
-32550	-29738	-28881	
-32614	-30533	-28070	
-32525	-29320	-29122	
-32603	-30431	-28104	
-32625	-30011	-28671	
-32540	-29567	-28896	
-32512	-29113	-29170	
-32582	-29812	-28846	
-32518	-29042	-29138	
-32580	-30541	-28361	
-32245	-31652	-26559	
-32476	-29008	-29356	
-32536	-29748	-29043	
-32519	-28922	-29223	
-32227	-31659	-26311	
-32458	-31338	-27606	
-32574	-30644	-28188	
-32581	-31026	-27668	
-32563	-30062	-28705	
-32569	-31000	-28048	
-32536	-29846	-28780	
-32580	-30552	-28269	
-32515	-30149	-28748	
-32439	-29172	-29403	
-32568	-30526	-28649	
-32512	-30040	-28890	
-32524	-29831	-29068	
-32509	-30847	-28363	
-32525	-29751	-28900	
-32472	-31084	-27816	
-32524	-30544	-28443	
-32522	-30160	-28663	
-32419	-31107	-27969	
-32394	-31115	-27798	
-32464	-30074	-29085	
-32380	-31221	-27680	
-32508	-30362	-28765	
-32497	-30167	-28812	
-32419	-31009	-28232	
-32442	-29948	-29151	
-32368	-31187	-27792	
-32465	-30548	-28484	
-32463	-30622	-28422	
-32480	-30218	-28878	
-32410	-31499	-27508	
-32036	-32017	-26355	
-32359	-31351	-27986	
-32471	-30536	-28558	
-32418	-30633	-28570	
-32178	-31816	-27110	
-32253	-31618	-27414	
-32074	-31883	-26602	
-32416	-30695	-28365	
-32407	-30657	-29092	
-32006	-31998	-26487	
-29123	-33699	-25860	
-32397	-30936	-28538	
-32415	-30221	-28966	
-32462	-30148	-29023	
-32412	-30351	-28914	
-32408	-31012	-28089	
-32329	-31332	-28118	
-32357	-31424	-27924	
-32015	-32047	-26361	
-31993	-31969	-26917	
-32409	-30951	-28250	
-32451	-30151	-28880	
-32148	-31797	-27242	
-32346	-31427	-27781	
-32271	-31438	-27644	
-32327	-31279	-28349	
-32223	-31599	-27546	
-29122	-33701	-25859	
-32337	-30078	-29124	
-31978	-32018	-26694	
-29117	-33748	-27104	
-32327	-29913	-29195	
-32170	-31524	-27962	
-32303	-30724	-28584	
-32136	-31637	-28076	
-32345	-30953	-28382	
-31967	-32021	-26551	
-32303	-29975	-29263	
-32123	-31758	-27369	
-32253	-30313	-29175	
-32294	-31138	-28704	
-31991	-31916	-27148	
-32224	-30062	-29187	
-32159	-31527	-27819	
-32217	-30153	-29190	
-32211	-30063	-29198	
-32092	-31739	-27501	
-28075	-27723	-31548	
-32210	-30264	-29289	
-31962	-31972	-26777	
-32104	-29059	-29736	
-31934	-32009	-27147	
-32265	-29705	-29552	
-32093	-29244	-29760	
-32124	-31811	-27138	
-32174	-29894	-29302	
-32255	-30758	-28779	
-32171	-29955	-29328	
-31982	-31953	-27344	
-32205	-29473	-29639	
-31616	-32571	-26275	
-32156	-30134	-29399	
-32072	-31736	-27554	
-32067	-29546	-29599	
-31986	-29068	-29837	
-31828	-32147	-26399	
-32188	-30760	-29078	
-31622	-32415	-27014	
-32070	-31683	-27785	
-31970	-29055	-29905	
-31970	-31938	-27632	
-31946	-31954	-27007	
-32221	-30901	-28723	
-32209	-31317	-28264	
-32065	-29577	-29702	
-32068	-29312	-29749	
-32194	-30404	-29110	
-32201	-30984	-28744	
-32097	-31508	-28077	
-32057	-29827	-29618	
-32046	-31486	-28262	
-32191	-30630	-29130	
-32185	-30762	-29053	
-32114	-30253	-29438	
-32128	-31150	-28874	
-32059	-31326	-28448	
-32276	-31257	-28534	
-32041	-31717	-27686	
-31904	-29522	-29935	
-32048	-31329	-28305	
-32149	-30380	-29153	
-31890	-29057	-29986	
-31894	-32090	-27131	
-32136	-30664	-29269	
-31969	-29566	-29851	
-32075	-29944	-29477	
-32145	-30135	-29389	
-27690	-26616	-31588	
-32138	-30387	-29152	
-32078	-31294	-28371	
-32048	-29948	-29533	
-32032	-30009	-29526	
-31932	-31956	-27378	
-31791	-28829	-30033	
-31955	-31691	-27858	
-31905	-31961	-27250	
-31949	-31737	-28114	
-31884	-32117	-27280	
-32040	-31664	-27917	
-32093	-30850	-28988	
-32114	-31261	-28395	
-32026	-29946	-29575	
-32022	-31417	-28302	
-31949	-31812	-27699	
-32089	-30435	-29346	
-29044	-33798	-27231	
-32014	-30023	-29448	
-31994	-29712	-29729	
-31999	-31668	-28202	
-31738	-29556	-30038	
-31997	-30157	-29484	
-31981	-29882	-29803	
-32016	-31470	-28863	
-32031	-31167	-28943	
-31940	-31919	-27764	
-31983	-30359	-29586	
-31726	-29240	-30086	
-31873	-32120	-27137	
-31826	-32099	-28181	
-32031	-31234	-28642	
-31822	-29251	-29937	
-31799	-29074	-29956	
-32030	-31259	-28450	
-32079	-30384	-29427	
-31763	-29162	-29975	
-31917	-31740	-28062	
-31875	-31942	-27382	
-31911	-31755	-27860	
-31952	-29937	-29682	
-32083	-30794	-29102	
-31876	-31782	-28039	
-31987	-31653	-28490	
-31642	-32396	-27581	
-31576	-29249	-30270	
-32040	-30653	-29418	
-31996	-31040	-29228	
-32052	-30668	-29130	
-31926	-30079	-29744	
-32022	-30772	-29248	
-32029	-31181	-28873	
-31376	-29303	-30320	
-31764	-32128	-27354	
-31723	-32129	-27321	
-31709	-32137	-27347	
-31597	-32423	-26843	
-31707	-32190	-27169	
-31586	-32555	-26876	
-31879	-29704	-29843	
-31370	-28845	-30394	
-31844	-29721	-29913	
-32004	-30790	-29312	
-31890	-30662	-29602	
-31697	-32217	-27318	
-31947	-30364	-29492	
-31908	-30779	-29461	
-31887	-30348	-29735	
-31888	-31684	-28489	
-31864	-31767	-28327	
-31830	-29922	-29915	
-31646	-32117	-27697	
-31926	-29933	-29766	
-31978	-31159	-29058	
-31794	-29586	-29918	
-31686	-32220	-27175	
-31510	-28915	-30272	
-31978	-31604	-28616	
-31737	-30357	-29919	
-31698	-30048	-29958	
-31794	-30059	-29809	
-27688	-28355	-31658	
-31934	-31455	-28920	
-31923	-30803	-29247	
-31878	-30862	-29260	
-31664	-29557	-30041	
-31631	-30192	-30044	
-31904	-31559	-29038	
-31865	-31146	-29376	
-31893	-31075	-29082	
-31759	-30768	-29750	
-31812	-31768	-28240	
-31780	-31771	-28188	
-31775	-32077	-28366	
-31598	-29660	-30101	
-31957	-31634	-28622	
-31834	-31748	-28459	
-31955	-31581	-28853	
-31870	-31068	-29121	
-31851	-30353	-29641	
-31808	-30391	-29604	
-31784	-30497	-29727	
-31641	-32252	-27988	
-28983	-33892	-26987	
-31513	-32423	-27231	
-31223	-28538	-30456	
-31863	-31165	-29180	
-31837	-31662	-28674	
-31782	-31749	-28372	
-31474	-32644	-27051	
-31849	-31203	-29227	
-31502	-29649	-30250	
-31843	-30735	-29545	
-31840	-31000	-29498	
-31780	-31696	-28603	
-31768	-31756	-28476	
-31195	-28865	-30461	
-31802	-31276	-29170	
-31743	-32005	-28729	
-31116	-29174	-30462	
-31296	-29245	-30374	
-30990	-28475	-30520	
-31559	-30075	-30070	
-31462	-32517	-27176	
-31767	-31282	-29077	
-31491	-30296	-30107	
-31769	-31135	-29525	
-31729	-31579	-29105	
-31211	-28946	-30400	
-31712	-30380	-29753	
-31197	-29147	-30402	
-31663	-30757	-29899	
-31655	-30086	-29921	
-31729	-31674	-28788	
-31630	-32381	-27869	
-30838	-28653	-30612	
-31455	-32496	-27619	
-31384	-30095	-30137	
-31751	-31254	-29355	
-31733	-30799	-29528	
-31781	-31150	-29237	
-31633	-31566	-29215	
-31701	-31027	-29610	
-31270	-32698	-28085	
-31343	-29750	-30256	
-31710	-31624	-28802	
-30744	-28646	-30619	
-31639	-32199	-28219	
-31331	-29545	-30260	
-31680	-31605	-28934	
-31327	-29669	-30317	
-31382	-29789	-30237	
-30744	-28332	-30627	
-31737	-31263	-29209	
-31170	-28899	-30444	
-30737	-29863	-30629	
-31631	-31760	-28918	
-31154	-29049	-30413	
-31661	-31779	-28786	
-31412	-32625	-27309	
-31125	-29030	-30428	
-31583	-31814	-29400	
-31424	-32651	-26929	
-31675	-30772	-29611	
-31555	-30855	-29647	
-31189	-29881	-30380	
-31121	-29265	-30441	
-31285	-29892	-30231	
-30663	-28673	-30679	
-31611	-31155	-29384	
-31457	-30353	-30023	
-31537	-30873	-29711	
-30869	-29077	-30555	
-31610	-31757	-28971	
-31627	-30421	-29902	
-31492	-30653	-29909	
-31609	-32180	-28351	
-31609	-32255	-27936	
-31469	-32281	-28047	
-31499	-32300	-27915	
-31377	-30486	-29949	
-31511	-31242	-29457	
-31588	-32177	-28404	
-31521	-30918	-29611	
-31456	-30886	-29646	
-31270	-30057	-30138	
-31217	-29917	-30167	
-31400	-31316	-29636	
-31331	-32458	-27919	
-31347	-32507	-27385	
-31205	-30025	-30173	
-31556	-32105	-28767	
-31451	-32214	-28376	
-31337	-32534	-27534	
-31480	-31261	-29532	
-31282	-30373	-30090	
-31441	-30862	-29860	
-31030	-29982	-30386	
-31418	-31105	-29596	
-31384	-31250	-29681	
-31443	-32267	-28106	
-31560	-31886	-29027	
-31014	-29901	-30447	
-31423	-32355	-27886	
-31262	-30451	-29993	
-30657	-28628	-30684	
-31422	-32355	-27974	
-30819	-28867	-30570	
-31160	-29894	-30198	
-31158	-29976	-30239	
-30613	-28463	-30694	
-31044	-29057	-30488	
-31225	-30540	-30011	
-30982	-29209	-30498	
-31326	-32537	-27391	
-31431	-32252	-28394	
-31380	-30875	-29714	
-31355	-30999	-29693	
-31210	-30256	-30116	
-30802	-29452	-30576	
-31145	-30268	-30190	
-31393	-32336	-28018	
-31205	-30165	-30137	
-31331	-30922	-29716	
-31401	-31306	-29440	
-31235	-30458	-29984	
-31407	-31225	-29543	
-31224	-30632	-29950	
-31319	-31084	-29888	
-31344	-32298	-28105	
-30942	-29784	-30473	
-31273	-32462	-27807	
-31208	-30374	-30093	
-31202	-30506	-30016	
-31051	-30612	-30245	
-31332	-32283	-28393	
-31326	-30932	-29695	
-31178	-30617	-30033	
-31298	-32317	-28274	
-31167	-30206	-30130	
-31429	-32199	-28625	
-31110	-29912	-30298	
-30823	-29310	-30504	
-31377	-31410	-29524	
-30807	-29229	-30565	
-31476	-31890	-28888	
-31312	-32400	-27953	
-30811	-29105	-30508	
-31125	-30603	-30139	
-31378	-32054	-28824	
-31199	-30903	-29973	
-31282	-32381	-28085	
-30942	-29470	-30481	
-31204	-30917	-29928	
-31224	-30807	-29908	
-30862	-29349	-30485	
-31143	-30317	-30147	
-31327	-30824	-29861	
-31289	-31990	-28926	
-31256	-32367	-28144	
-30601	-29269	-30645	
-30361	-28275	-30808	
-30957	-30068	-30368	
-31362	-31575	-29431	
-30530	-29191	-30747	
-30561	-29086	-30672	
-31188	-32362	-28253	
-31167	-30679	-30021	
-31259	-31273	-29739	
-31071	-30668	-30170	
-31296	-32264	-28505	
-31311	-31570	-29493	
-30954	-30100	-30425	
-31281	-31399	-29673	
-31157	-32398	-28143	
-31286	-31894	-28981	
-31264	-32314	-28414	
-30898	-30171	-30283	
-31128	-31094	-29990	
-31464	-31875	-29176	
-31283	-31998	-28955	
-30554	-30617	-30674	
-30783	-29885	-30479	
-31399	-32180	-28757	
-30751	-29664	-30492	
-31106	-30968	-30056	
-31148	-32493	-28542	
-31256	-31197	-29805	
-30349	-28637	-30803	
-31240	-31921	-29072	
-31158	-32343	-28385	
-27245	-27596	-31673	
-31285	-32089	-28834	
-30299	-28427	-30818	
-31212	-31584	-29615	
-30897	-30488	-30246	
-30897	-30174	-30254	
-30875	-30362	-30312	
-31266	-32245	-28637	
-31203	-32197	-28877	
-30890	-30168	-30312	
-31103	-30892	-30122	
-31192	-31990	-29134	
-31256	-32272	-28461	
-31230	-32289	-28502	
-31225	-32725	-27347	
-31203	-32074	-28891	
-31095	-32718	-28152	
-31183	-32140	-28952	
-31213	-31734	-29429	
-31224	-32295	-28507	
-31224	-31105	-29841	
-30850	-30198	-30390	
-31268	-32099	-28803	
-31180	-32263	-28608	
-31106	-31419	-29740	
-30959	-32875	-27055	
-31157	-32303	-28460	
-31224	-32200	-28824	
-31209	-31270	-29748	
-31254	-32219	-28692	
-31059	-31279	-29932	
-31095	-32813	-27835	
-31144	-31238	-29783	
-31171	-32125	-29240	
-31206	-31627	-29430	
-31173	-32178	-29009	
-31109	-31619	-29469	
-30555	-29355	-30669	
-31105	-32378	-28690	
-30847	-30736	-30431	
-31081	-31690	-29763	
-31082	-31653	-29475	
-30137	-28188	-30932	
-30733	-30073	-30501	
-31104	-32228	-28876	
-30263	-28945	-30765	
-31150	-31999	-29307	
-30863	-30880	-30224	
-30259	-29002	-30793	
-31034	-31302	-29766	
-31062	-32672	-28190	
-30985	-31679	-29912	
-31098	-32271	-28691	
-31084	-32252	-28757	
-30915	-32861	-27171	
-30423	-29827	-30753	
-27245	-27282	-31681	
-31000	-31041	-30114	
-30903	-32869	-27100	
-31073	-31701	-29438	
-31044	-32696	-28337	
-31038	-31754	-29496	
-31012	-32624	-28700	
-31023	-31949	-29623	
-30430	-29217	-30739	
-30879	-32874	-27819	
-31103	-31779	-29408	
-30998	-32293	-28759	
-30953	-31114	-30057	
-30217	-29423	-30877	
-31068	-32252	-28823	
-30702	-29912	-30539	
-30598	-30111	-30462	
-30813	-31218	-30120	
-30923	-32827	-28026	
-30996	-32240	-28990	
-30576	-30132	-30436	
-30944	-32278	-28868	
-30562	-30337	-30464	
-30974	-32297	-28736	
-31042	-32643	-28568	
-30930	-32398	-28757	
-30886	-32839	-27407	
-30241	-29319	-30793	
-30930	-32288	-28868	
-31065	-32130	-29046	
-30582	-29912	-30562	
-30727	-30995	-30159	
-30718	-33038	-26683	
-27117	-27228	-31735	
-30947	-32151	-29083	
-30905	-32290	-28783	
-30897	-32352	-28795	
-30779	-31275	-30036	
-30889	-32338	-28885	
-30932	-32204	-29054	
-30707	-30922	-30357	
-30882	-32452	-29239	
-30814	-31575	-29922	
-31083	-32798	-28123	
-31000	-32021	-29250	
-30700	-33022	-27618	
-30963	-32099	-29345	
-30699	-31408	-29962	
-30925	-32156	-29157	
-30902	-32185	-29186	
-30628	-30986	-30196	
-30644	-31052	-30151	
-30904	-32010	-29399	
-30997	-31694	-29624	
-30877	-31777	-29660	
-30584	-31373	-30006	
-30035	-28915	-30917	
-30618	-31176	-30214	
-28728	-33909	-26644	
-30835	-31721	-29680	
-30729	-32147	-29556	
-30759	-31219	-30111	
-30565	-31306	-30047	
-30739	-31710	-29829	
-30852	-32433	-29371	
-30445	-31183	-30235	
-30810	-31794	-29662	
-30465	-31239	-30160	
-30653	-31844	-29729	
-30547	-31462	-30024	
-30672	-31721	-29736	
-30447	-31525	-30152	
-30034	-30177	-30922	
-30182	-29472	-30787	
-30859	-32524	-28866	
-30373	-31534	-30258	
-29972	-28625	-30977	
-30778	-31808	-29659	
-30952	-32717	-28169	
-30500	-31539	-30046	
-29970	-29326	-30970	
-30927	-32755	-28439	
-30074	-30008	-30799	
-30526	-31839	-29941	
-30304	-31140	-30338	
-30768	-32919	-27886	
-30641	-32006	-29901	
-30323	-29853	-30745	
-30510	-31773	-29986	
-30565	-30738	-30362	
-30511	-30803	-30393	
-30173	-30208	-30724	
-30653	-31869	-29652	
-30720	-32833	-28347	
-30331	-30688	-30442	
-30648	-31854	-29708	
-30908	-32818	-28190	
-30671	-32848	-27924	
-30062	-29472	-30810	
-30352	-30904	-30399	
-30251	-30702	-30486	
-30825	-32724	-28738	
-30388	-30757	-30415	
-30855	-32743	-28606	
-30644	-32848	-28132	
-30546	-31729	-29921	
-30628	-32896	-28234	
-30829	-32505	-28998	
-30229	-31101	-30435	
-30694	-32643	-28784	
-30857	-32796	-28375	
-29739	-28562	-31041	
-30098	-30736	-30462	
-30699	-32154	-29409	
-30279	-30990	-30381	
-30580	-32189	-29464	
-30550	-32018	-29644	
-30558	-32609	-28897	
-30375	-31587	-30027	
-30059	-30785	-30642	
-29658	-28589	-31101	
-30533	-32104	-29649	
-30692	-32974	-27857	
-30593	-33034	-27636	
-28484	-33954	-25920	
-30112	-31421	-30334	
-30763	-32513	-29015	
-30529	-32323	-29389	
-30252	-30948	-30394	
-30058	-30997	-30445	
-30581	-33019	-27924	
-30265	-31726	-30017	
-30542	-33081	-27778	
-30488	-32193	-29419	
-30055	-30995	-30514	
-30475	-32246	-29401	
-30179	-31845	-30052	
-30375	-32291	-29419	
-30539	-32559	-28911	
-30577	-32898	-28188	
-30428	-32161	-29586	
-30536	-32931	-28173	
-30733	-32494	-29147	
-30069	-30018	-30778	
-30370	-32196	-29434	
-30511	-32524	-29082	
-30072	-31556	-30098	
-30698	-32818	-28596	
-30351	-32272	-29446	
-30348	-32224	-29500	
-30437	-32093	-29798	
-30050	-30321	-30715	
-30439	-32692	-29080	
-30046	-31605	-30068	
-30172	-31120	-30403	
-29616	-29416	-31037	
-30318	-32205	-29632	
-29996	-31614	-30130	
-30442	-32662	-28905	
-30167	-31130	-30382	
-30565	-32883	-28476	
-30533	-32933	-28385	
-30332	-32150	-29735	
-29893	-31168	-30397	
-29383	-28513	-31144	
-29597	-28790	-31038	
-30469	-32996	-27936	
-29508	-28944	-31080	
-30289	-32328	-29476	
-30537	-32718	-28774	
-30457	-32981	-28224	
-29383	-28199	-31152	
-29941	-31685	-30297	
-30496	-33097	-27385	
-30002	-30472	-30687	
-29884	-31259	-30477	
-29678	-30855	-30601	
-30460	-33083	-27672	
-29745	-30749	-30766	
-29935	-30294	-30719	
-30262	-32208	-29548	
-30235	-32234	-29503	
-30447	-33155	-27631	
-30256	-32216	-29577	
-29720	-29393	-30949	
-30415	-32513	-29231	
-29404	-28754	-31134	
-29950	-31594	-30217	
-29829	-30535	-30713	
-29302	-28540	-31204	
-30164	-32372	-29484	
-30615	-32748	-28693	
-29906	-31017	-30458	
-30134	-32359	-29519	
-30275	-31856	-29903	
-30157	-32265	-29485	
-29653	-29768	-30972	
-30094	-31990	-29980	
-30372	-32398	-29379	
-29898	-31054	-30449	
-30104	-32340	-29651	
-30308	-32611	-29126	
-30184	-32385	-29413	
-29673	-30979	-30555	
-29830	-31712	-30106	
-30579	-32755	-28655	
-30363	-33263	-27364	
-30239	-32463	-29259	
-30490	-32792	-28701	
-29735	-31281	-30421	
-30500	-33025	-27798	
-30417	-33112	-28513	
-29778	-31746	-30221	
-30181	-32444	-29334	
-30144	-32029	-29870	
-30294	-32544	-29156	
-29728	-31335	-30366	
-30430	-32760	-28868	
-29853	-31094	-30506	
-30038	-32348	-29668	
-29564	-30255	-30799	
-30091	-32692	-29296	
-30173	-32649	-29195	
-30030	-32219	-29712	
-30008	-32329	-29800	
-29875	-32089	-29816	
-29564	-31765	-30169	
-29612	-30941	-30634	
-30380	-32837	-28680	
-29877	-31914	-30029	
-30041	-32470	-29445	
-29490	-29426	-31044	
-29809	-32097	-29833	
-30194	-32775	-29128	
-29644	-31431	-30359	
-30071	-32489	-29313	
-29355	-31806	-30180	
-29549	-31495	-30386	
-29539	-30345	-30890	
-29481	-31002	-30528	
-29592	-30981	-30582	
-29421	-31245	-30545	
-29305	-29090	-31110	
-30049	-32448	-29317	
-29779	-32078	-29965	
-30350	-32818	-28812	
-29658	-30799	-30676	
-30367	-32890	-28662	
-30334	-32749	-29017	
-29713	-31155	-30487	
-29390	-31596	-30392	
-29367	-28938	-31100	
-29509	-29433	-30979	
-29833	-32444	-29550	
-30293	-33189	-27445	
-29346	-31897	-30260	
-29333	-31283	-30437	
-29428	-29693	-31021	
-29301	-31350	-30403	
-29956	-32615	-29373	
-29534	-31970	-30048	
-29570	-32112	-29912	
-29451	-30383	-30782	
-29288	-31382	-30462	
-29150	-31074	-30594	
-29614	-31955	-29988	
-29160	-28266	-31218	
-30409	-33146	-27658	
-29478	-32169	-29899	
-29215	-29551	-31084	
-30273	-33183	-27710	
-29464	-31710	-30345	
-29416	-30542	-30926	
-30280	-33114	-27823	
-29518	-30129	-30933	
-29364	-30819	-30725	
-30224	-32794	-28996	
-29163	-30967	-30644	
-29765	-32490	-29452	
-28882	-27068	-31292	
-29671	-32365	-29551	
-30243	-32916	-28707	
-29631	-32474	-29582	
-29235	-30859	-30635	
-29214	-30829	-30651	
-29284	-29022	-31168	
-29518	-29815	-30941	
-29283	-32027	-30054	
-30286	-33031	-28559	
-30226	-32847	-28765	
-30285	-33198	-27422	
-29235	-31459	-30510	
-29006	-31118	-30583	
-29150	-30961	-30729	
-29757	-32498	-29398	
-29309	-30095	-30961	
-29188	-31904	-30068	
-29258	-31306	-30469	
-29601	-32455	-29714	
-29124	-30991	-30607	
-29482	-30032	-30935	
-29288	-32170	-29829	
-29283	-32247	-29839	
-29102	-32121	-30087	
-29359	-30230	-30939	
-29660	-32547	-29389	
-30256	-33249	-27625	
-29342	-32536	-29414	
-30247	-32902	-28560	
-29029	-31055	-30634	
-30019	-32890	-28878	
-30121	-32711	-29164	
-29282	-32126	-29992	
-28974	-31346	-30586	
-30159	-32864	-28767	
-30035	-32890	-28812	
-29288	-32567	-29415	
-29367	-29539	-31035	
-29268	-32554	-29486	
-29187	-30201	-30999	
-28968	-32090	-30116	
-29093	-30648	-30774	
-28983	-32193	-29925	
-29117	-31646	-30425	
-29155	-29445	-31089	
-29111	-32030	-30007	
-29092	-30559	-30796	
-29080	-32144	-29934	
-28870	-31156	-30640	
-30146	-32940	-28562	
-29900	-32973	-29061	
-29149	-29270	-31111	
-30056	-33016	-28745	
-30127	-32878	-28764	
-28929	-30696	-30777	
-28910	-30997	-30657	
-28883	-32260	-29967	
-29238	-32541	-29521	
-28714	-31983	-30133	
-28921	-30710	-30894	
-29200	-28953	-31197	
-29041	-31770	-30304	
-29044	-29815	-31047	
-29194	-30773	-30726	
-29112	-32511	-29802	
-29143	-28641	-31210	
-29172	-30766	-30753	
-29038	-32350	-29819	
-28459	-31988	-30182	
-28869	-31501	-30442	
-29141	-29196	-31119	
-29184	-29791	-31009	
-28745	-31005	-30659	
-29144	-32583	-29439	
-29436	-32332	-29737	
-29208	-32522	-29653	
-29278	-32345	-29732	
-29463	-32696	-29331	
-28659	-31054	-30663	
-28921	-30823	-30759	
-28913	-32279	-29835	
-29986	-32749	-29233	
-28599	-30985	-30689	
-30049	-32909	-28746	
-28797	-31242	-30622	
-29121	-32420	-29722	
-29113	-29286	-31131	
-28973	-32655	-29400	
-28803	-31610	-30549	
-28597	-31206	-30673	
-28876	-32153	-29968	
-29423	-32644	-29338	
-28215	-32212	-30009	
-29032	-31861	-30384	
-26998	-27185	-31774	
-28937	-32626	-29552	
-29912	-32988	-28773	
-29358	-32616	-29366	
-28994	-32765	-29348	
-29004	-28446	-31219	
-28674	-32294	-29914	
-29141	-29510	-31111	
-28849	-30931	-30768	
-28967	-32645	-29420	
-29077	-29963	-31000	
-28840	-30737	-30954	
-28575	-31080	-30739	
-28145	-31952	-30306	
-29039	-29923	-31104	
-29030	-29227	-31150	
-28377	-32039	-30126	
-28746	-30816	-30776	
-28582	-32351	-29901	
-29512	-32782	-29067	
-29142	-32530	-29670	
-29506	-32714	-29241	
-29495	-32841	-29097	
-28968	-28462	-31239	
-28331	-32054	-30134	
-27858	-32124	-30092	
-29277	-32831	-29197	
-27789	-32161	-30089	
-28517	-30843	-30802	
-29366	-32745	-29322	
-28574	-31269	-30622	
-28909	-28947	-31273	
-28131	-32007	-30203	
-27980	-31685	-30385	
-27707	-31735	-30418	
-29878	-33393	-28494	
-28877	-30246	-31000	
-28365	-31393	-30661	
-27639	-32047	-30172	
-28735	-32656	-29584	
-28861	-32680	-29400	
-30065	-33293	-28456	
-28864	-30397	-30939	
-28958	-29950	-31164	
-29029	-29217	-31160	
-28906	-30227	-30963	
-28254	-31143	-30731	
-28087	-32375	-29927	
-28468	-31221	-30667	
-27651	-31664	-30430	
-28765	-32629	-29505	
-28184	-32326	-29936	
-28658	-29993	-31063	
-29090	-32931	-29235	
-27064	-32079	-30128	
-27629	-31657	-30457	
-28516	-30754	-30824	
-28345	-31018	-30787	
-27463	-31959	-30245	
-28705	-32637	-29716	
-28078	-31528	-30588	
-28926	-28410	-31281	
-28966	-29216	-31186	
-28262	-30835	-30805	
-27325	-32049	-30200	
-28764	-32729	-29391	
-27799	-32551	-29804	
-27787	-32385	-29836	
-28025	-30892	-30896	
-27473	-32349	-29960	
-28635	-30056	-31012	
-28241	-32676	-29489	
-29016	-32770	-29252	
-29896	-33045	-28648	
-28023	-31180	-30717	
-27092	-32396	-29845	
-28152	-30929	-30801	
-28692	-30369	-30967	
-27088	-32451	-29805	
-26774	-32415	-29929	
-29307	-32850	-29065	
-29191	-32860	-29072	
-28499	-30094	-31069	
-28060	-32717	-29513	
-29186	-32942	-29086	
-29764	-33073	-28550	
-27831	-31203	-30690	
-29120	-32950	-29103	
-29023	-29539	-31111	
-29099	-32840	-29155	
-28754	-32778	-29295	
-27993	-31030	-30807	
-27750	-31230	-30750	
-28835	-29347	-31253	
-27901	-31424	-30624	
-27559	-31397	-30754	
-28471	-30104	-31015	
-28459	-30328	-31004	
-28963	-29641	-31110	
-28681	-32781	-29289	
-28463	-30118	-31132	
-29749	-33064	-28555	
-28567	-32878	-29333	
-29725	-33088	-28811	
-28462	-30119	-31038	
-28606	-32742	-29386	
-27730	-31133	-30791	
-27873	-31433	-30630	
-28426	-30180	-31051	
-27869	-32811	-29507	
-29198	-32978	-28822	
-28882	-29668	-31170	
-28065	-32795	-29360	
-27944	-30919	-30956	
-28691	-30460	-30965	
-29142	-32981	-28839	
-28382	-30414	-30968	
-27899	-32830	-29375	
-27323	-32665	-29538	
-28291	-30383	-31001	
-29139	-33072	-28814	
-29122	-33003	-28872	
-28409	-30256	-31025	
-27620	-30936	-30826	
-26844	-32675	-29632	
-28560	-32771	-29334	
-28396	-32766	-29341	
-27353	-30993	-30878	
-29649	-33142	-28659	
-28999	-32981	-29028	
-28259	-30611	-31004	
-28288	-30592	-30967	
-28992	-33012	-28881	
-28123	-33969	-25674	
-28209	-30373	-31010	
-28901	-33049	-28939	
-26834	-31315	-30793	
-27025	-31148	-30789	
-28082	-30188	-31091	
-28705	-29585	-31180	
-27965	-32822	-29358	
-28170	-30365	-31015	
-28824	-28823	-31274	
-28030	-30270	-31077	
-28951	-33075	-28833	
-28697	-28853	-31327	
-27948	-30781	-30915	
-27931	-30348	-31019	
-28805	-33038	-29088	
-28649	-29605	-31234	
-27923	-30289	-31097	
-28355	-30138	-31058	
-27850	-30375	-31079	
-27742	-30395	-31053	
-28346	-32949	-29119	
-29344	-33165	-28755	
-27750	-32883	-29345	
-28470	-32927	-29324	
-27594	-30560	-31043	
-28263	-32985	-29151	
-28038	-30637	-30973	
-29552	-33191	-28650	
-27923	-30678	-30966	
-28781	-33060	-28860	
-27471	-33003	-29202	
-28799	-29250	-31255	
-28645	-33067	-28991	
-28526	-29117	-31290	
-27764	-30779	-30972	
-27592	-30750	-31032	
-28418	-29642	-31220	
-29894	-33377	-27662	
-28864	-33130	-28763	
-28848	-33179	-28772	
-28498	-29801	-31166	
-28601	-33076	-28868	
-28602	-33105	-28810	
-27157	-32967	-29326	
-28424	-33085	-28973	
-28414	-29678	-31195	
-28406	-29805	-31177	
-27962	-30199	-31139	
-28062	-30132	-31166	
-28751	-33041	-28992	
-27924	-30222	-31122	
-27521	-33029	-29096	
-28219	-33096	-28922	
-27535	-30438	-31045	
-27067	-30448	-31070	
-28315	-33107	-28773	
-28163	-33155	-28819	
-28325	-29988	-31148	
-29495	-33543	-26631	
-28247	-29906	-31183	
-28654	-28426	-31363	
-29488	-33571	-27224	
-27429	-30390	-31090	
-27101	-30805	-30992	
-28094	-33134	-28929	
-28295	-33042	-29074	
-28504	-29401	-31305	
-29377	-33232	-28569	
-27386	-30394	-31167	
-26789	-33010	-29141	
-28123	-33045	-29027	
-28094	-30025	-31134	
-28233	-29868	-31203	
-26835	-30617	-31044	
-27984	-33105	-29008	
-26520	-30566	-31177	
-27567	-30300	-31134	
-27602	-33118	-29023	
-28589	-28645	-31363	
-27662	-30236	-31107	
-27418	-33133	-29035	
-28181	-29615	-31259	
-28853	-33257	-28619	
-26895	-30401	-31116	
-28545	-28474	-31373	
-28073	-29800	-31262	
-28133	-29935	-31176	
-28732	-33198	-28728	
-28443	-29201	-31358	
-27882	-29992	-31182	
-27647	-33135	-28824	
-27632	-33137	-28891	
-28470	-28602	-31402	
-27323	-33238	-28880	
-28457	-27931	-31407	
-27729	-33161	-28807	
-28657	-33273	-28766	
-27801	-30019	-31242	
-27540	-30136	-31154	
-29030	-33361	-28510	
-27388	-30156	-31167	
-29439	-33604	-27351	
-27399	-33239	-28790	
-28868	-33255	-28552	
-28448	-28022	-31487	
-27738	-30036	-31171	
-29786	-33475	-27410	
-27227	-33227	-29029	
-27465	-30086	-31204	
-27910	-33980	-26562	
-28041	-29502	-31307	
-27975	-33206	-28767	
-29626	-33504	-27313	
-27306	-30187	-31210	
-28362	-29228	-31418	
-28010	-29511	-31269	
-27968	-29588	-31289	
-29492	-33499	-27637	
-29754	-33470	-27426	
-27115	-30354	-31214	
-28448	-33347	-28757	
-28353	-29363	-31314	
-27951	-29664	-31263	
-27886	-29766	-31309	
-28322	-28134	-31447	
-27605	-29810	-31287	
-28212	-29238	-31344	
-27500	-29817	-31249	
-29470	-33543	-27249	
-28139	-29324	-31326	
-27255	-29881	-31274	
-29368	-33661	-27221	
-25818	-30198	-31242	
-29455	-33547	-27476	
-28019	-29376	-31373	
-28298	-28377	-31466	
-27240	-29896	-31286	
-27159	-29923	-31346	
-27867	-29396	-31386	
-29245	-33419	-28145	
-27825	-29566	-31362	
-29443	-33532	-27764	
-26990	-29948	-31311	
-26909	-29950	-31338	
-26749	-29951	-31246	
-26265	-29968	-31301	
-26062	-29974	-31415	
-29229	-33467	-28247	
-28248	-28534	-31427	
-29349	-33513	-27789	
-27744	-29593	-31422	
-29225	-33539	-27834	
-29176	-33398	-28255	
-27404	-29782	-31370	
-27735	-29728	-31318	
-28623	-33487	-28424	
-27670	-33989	-26881	
-27746	-33352	-28518	
-29208	-33470	-27892	
-28220	-28547	-31440	
-27637	-33353	-28571	
-29195	-33681	-27905	
-27621	-33401	-28673	
-27504	-29607	-31377	
-28196	-28790	-31459	
-27799	-33421	-28510	
-28965	-33490	-27912	
-28869	-33479	-28061	
-26385	-27583	-31775	
-29301	-33593	-27631	
-28122	-28188	-31497	
-28822	-33593	-28161	
-27894	-29238	-31443	
-26274	-26578	-31778	
-28146	-28947	-31420	
-29297	-33665	-27218	
-27917	-28606	-31493	
-29227	-33668	-27160	
-27951	-28452	-31460	
-28003	-28145	-31536	
-26217	-28103	-31796	
-26729	-29835	-31387	
-27746	-28870	-31456	
-27249	-29761	-31390	
-26393	-29902	-31349	
-28309	-33491	-28355	
-27894	-28759	-31534	
-27974	-33561	-28177	
-27649	-33996	-25867	
-27723	-29023	-31497	
-27392	-33547	-28424	
-27379	-29350	-31486	
-26557	-29806	-31447	
-27570	-29142	-31448	
-26896	-29404	-31434	
-26554	-29396	-31457	
-27387	-34054	-25622	
-27367	-28974	-31600	
-28301	-33626	-27984	
-25788	-29393	-31474	
-27358	-29109	-31496	
-27504	-33600	-28055	
-27277	-29136	-31556	
-27388	-33619	-28011	
-27517	-28619	-31621	
-26797	-29289	-31512	
-26055	-33660	-28073	
-28954	-33722	-27572	
-26782	-29304	-31524	
-28881	-33685	-27836	
-28721	-33714	-27739	
-26434	-29203	-31536	
-26072	-29207	-31551	
-25808	-26988	-31809	
-28893	-33755	-27295	
-28534	-33814	-27777	
-28877	-33757	-27423	
-27485	-33706	-27810	
-26542	-33707	-27811	
-26511	-29115	-31559	
-25393	-28993	-31598	
-27285	-28806	-31609	
-26205	-28952	-31701	
-27033	-28636	-31676	
-28856	-33831	-27026	
-28760	-33820	-27175	
-25945	-28964	-31623	
-27143	-28009	-31666	
-27062	-28036	-31726	
-28345	-33841	-27292	
-27328	-33830	-27405	
-25552	-27248	-31841	
-27245	-33826	-27651	
-28073	-33852	-27189	
-27137	-33924	-27399	
-26181	-33851	-27469	
-26823	-28587	-31697	
-27611	-33897	-27206	
-27553	-33846	-27250	
-27925	-33862	-27122	
-27506	-33850	-27242	
-26623	-28207	-31712	
-28378	-33952	-26017	
-28148	-33920	-26920	
-26279	-28552	-31721	
-26501	-27615	-31747	
-26296	-28033	-31743	
-25842	-28134	-31742	
-26776	-33939	-27153	
-26293	-27623	-31753	
-26809	-34008	-26540	
-26448	-34023	-26294	
