-30459	-22101	-27523	
-30438	-22679	-27271	
-30431	-23230	-27320	
-30368	-23538	-27045	
-30297	-23658	-27323	
-30287	-23660	-26959	
-30283	-23726	-27154	
-30264	-23831	-27233	
-30226	-24168	-27109	
-30220	-24272	-27883	
-30206	-24340	-27714	
-30205	-24397	-27481	
-30163	-24476	-26834	
-30142	-24489	-27697	
-30115	-24619	-27354	
-30094	-24664	-28109	
-30090	-24730	-28304	
-30043	-24862	-27796	
-30414	-21522	-27723	
-30035	-24871	-27077	
-30026	-24879	-28287	
-29981	-25157	-27750	
-30405	-22558	-27784	
-30381	-22772	-27850	
-30337	-22136	-28283	
-29912	-25162	-27542	
-29902	-25163	-27812	
-29901	-25220	-27579	
-29893	-25229	-26860	
-29876	-25504	-27221	
-29827	-25557	-27657	
-30324	-22827	-28635	
-29778	-25576	-28026	
-29767	-25584	-27767	
-29759	-25600	-27895	
-29716	-25646	-28190	
-29707	-25791	-27365	
-29657	-25853	-27158	
-30290	-21773	-28713	
-29603	-26139	-27831	
-30225	-24021	-28963	
-30219	-22894	-28991	
-29502	-26254	-27170	
-30142	-23724	-29060	
-30123	-22683	-29186	
-29461	-26415	-27131	
-30079	-23816	-29276	
-29358	-26417	-27812	
-30044	-22971	-29286	
-29355	-26482	-27918	
-29993	-22422	-29564	
-29300	-26497	-27473	
-29267	-26532	-27783	
-29263	-26558	-27042	
-29233	-26600	-26435	
-29226	-26660	-27532	
-29216	-26664	-27010	
-29162	-26879	-27254	
-29925	-23487	-29763	
-29818	-22499	-29859	
-29145	-26943	-27829	
-29796	-23788	-29882	
-29056	-27016	-27044	
-29741	-23329	-29928	
-29696	-24110	-29983	
-29007	-27035	-27413	
-28996	-27043	-27154	
-28988	-27059	-27282	
-29678	-23593	-30084	
-28951	-27161	-27772	
-29619	-23614	-30089	
-29611	-23374	-30155	
-28859	-27237	-26896	
-29585	-22560	-30167	
-29530	-23611	-30446	
-28826	-27241	-26989	
-28747	-27416	-26859	
-28728	-27431	-27007	
-28622	-27496	-26076	
-29458	-22958	-30498	
-28590	-27555	-27203	
-29424	-22912	-30543	
-28541	-27574	-27572	
-29418	-23470	-30640	
-28530	-27582	-27313	
-28509	-27610	-27072	
-28498	-27618	-26813	
-28490	-27634	-26941	
-28449	-27637	-27182	
-28441	-27653	-27310	
-29387	-23078	-30776	
-28430	-27661	-27051	
-28428	-27722	-27124	
-28417	-27730	-26865	
-28360	-27780	-27148	
-29291	-23868	-30971	
-28273	-27905	-26250	
-28082	-27908	-26097	
-28081	-27923	-26627	
-28079	-27966	-26607	
-29132	-23248	-31208	
-28060	-27981	-26755	
-28057	-27986	-27581	
-28046	-27994	-27322	
-28043	-28149	-27231	
-28032	-28157	-26972	
-27959	-28161	-27061	
-28959	-23214	-31325	
-27884	-28177	-25853	
-27873	-28185	-25595	
-27852	-28236	-26980	
-27760	-28272	-26872	
-28855	-22953	-31455	
-27749	-28273	-27871	
-27749	-28280	-26613	
-27746	-28301	-26049	
-27727	-28316	-26197	
-27691	-28318	-27520	
-27686	-28328	-26160	
-27674	-28377	-26450	
-27628	-28410	-27736	
-28780	-23417	-31497	
-27607	-28412	-26018	
-27571	-28414	-27341	
-27516	-28420	-26874	
-27486	-28568	-26919	
-28682	-22919	-31572	
-28628	-23563	-31581	
-28622	-22946	-31682	
-27413	-28572	-27008	
-27377	-28656	-26999	
-28503	-23122	-31744	
-28399	-23079	-31761	
-27366	-28664	-26740	
-28330	-23088	-31861	
-27293	-28668	-26829	
-27222	-28676	-26412	
-27205	-28735	-25342	
-30367	-22840	-27681	
-27166	-28784	-27284	
-30336	-22193	-28050	
-30360	-23350	-27598	
-28270	-23380	-31880	
-28247	-23137	-31908	
-30350	-23352	-27234	
-30346	-23418	-27429	
-27106	-28811	-27394	
-30302	-23531	-27439	
-28227	-23844	-31913	
-28216	-23095	-31931	
-30311	-23355	-27624	
-30309	-23348	-27979	
-27025	-28825	-27288	
-28213	-22357	-31942	
-28168	-23566	-31964	
-27020	-28835	-25928	
-26962	-28917	-27504	
-28157	-23963	-32010	
-30283	-23510	-27645	
-30282	-23567	-27412	
-30262	-23826	-27430	
-30247	-23657	-28704	
-30266	-23204	-27989	
-30264	-23537	-27836	
-30265	-23480	-28069	
-28112	-22907	-32046	
-30273	-23369	-27686	
-30261	-23135	-28360	
-30237	-23760	-28330	
-28097	-23990	-32120	
-26933	-28931	-26287	
-30227	-23762	-27966	
-30226	-23819	-27733	
-26830	-28968	-27178	
-30156	-24402	-27507	
-26808	-29004	-26762	
-27975	-23991	-32232	
-26797	-29012	-26503	
-26748	-29031	-26872	
-26745	-29122	-26756	
-30169	-24270	-28264	
-30168	-24327	-28031	
-30132	-24348	-27738	
-30101	-24485	-28442	
-30119	-24332	-28057	
-27846	-24292	-32351	
-29972	-23850	-29333	
-30126	-24298	-28214	
-30147	-24238	-28777	
-26556	-29183	-26180	
-29967	-23801	-29355	
-29865	-25241	-27286	
-30030	-24757	-28414	
-29842	-25254	-27964	
-29838	-25312	-27795	
-29852	-25225	-27605	
-29838	-25325	-27601	
-29974	-25070	-27757	
-29970	-24964	-28012	
-30064	-24337	-28620	
-26529	-29184	-27051	
-29947	-24973	-27914	
-26483	-29187	-26269	
-29943	-24978	-28130	
-29914	-25097	-27867	
-26426	-29237	-26552	
-27820	-23695	-32367	
-30090	-24558	-28364	
-30032	-24521	-28463	
-30022	-24773	-28542	
-29906	-25113	-27995	
-27663	-23767	-32419	
-29966	-24906	-28397	
-30051	-24027	-28972	
-30043	-24195	-28794	
-29958	-24914	-28511	
-30040	-24272	-28834	
-30021	-24365	-28570	
-29948	-24916	-28147	
-30040	-24129	-29085	
-29880	-25131	-28325	
-30000	-24486	-28603	
-29996	-24552	-28798	
-30078	-23873	-29043	
-29828	-25322	-27795	
-29869	-25137	-28113	
-29894	-25063	-28494	
-29823	-25451	-27912	
-29938	-24929	-28152	
-29884	-25065	-28130	
-29980	-24299	-28944	
-26415	-29245	-26293	
-29829	-25241	-28307	
-29983	-24621	-28612	
-29615	-25795	-27436	
-26393	-29265	-27267	
-29650	-25660	-27659	
-29971	-23907	-29100	
-29649	-25717	-27426	
-29946	-24094	-29328	
-29822	-25508	-27679	
-27580	-24282	-32472	
-29977	-24364	-29050	
-29948	-23989	-29087	
-29909	-23764	-29454	
-29817	-25283	-28431	
-29942	-24748	-28666	
-29639	-25744	-27819	
-29796	-25287	-27935	
-29976	-24421	-28817	
-29630	-25778	-27509	
-29934	-24483	-28827	
-29938	-24574	-28786	
-26383	-29275	-27278	
-29920	-24713	-28828	
-29916	-24448	-28927	
-29927	-24588	-28819	
-29953	-24503	-28804	
-29923	-24648	-28722	
-29915	-24807	-28599	
-29904	-24065	-29511	
-29919	-24770	-28595	
-29972	-24315	-29072	
-29765	-25390	-28290	
-26284	-29379	-27125	
-29878	-24897	-28649	
-29933	-24163	-29142	
-29915	-24664	-28850	
-29611	-25790	-28197	
-29628	-25773	-27706	
-29914	-24496	-28913	
-29882	-24775	-28776	
-29888	-24275	-29169	
-29873	-24383	-28932	
-29845	-24086	-29516	
-29855	-24380	-28956	
-29844	-24092	-29621	
-29870	-25080	-28346	
-29848	-24570	-29160	
-29821	-25099	-28715	
-29889	-24586	-28855	
-29832	-25067	-28663	
-29874	-24791	-28904	
-29851	-24956	-28582	
-29873	-24190	-29252	
-29755	-25404	-28366	
-29843	-25061	-28875	
-29864	-24857	-28691	
-29869	-24277	-29187	
-29869	-24312	-29125	
-27543	-22827	-32480	
-29859	-24797	-28705	
-29855	-24834	-28709	
-29870	-24255	-29358	
-29629	-25669	-27855	
-29816	-23833	-29706	
-29810	-25107	-28456	
-29835	-24639	-28974	
-29802	-25123	-28584	
-27439	-22784	-32497	
-29735	-25130	-28636	
-29618	-25655	-28565	
-29498	-26148	-27425	
-29732	-25149	-28687	
-29615	-25668	-28324	
-29497	-26205	-27192	
-29809	-24339	-29235	
-29727	-25211	-28670	
-29492	-26231	-27719	
-29826	-24678	-29071	
-29712	-25540	-28445	
-29807	-24387	-29221	
-29808	-24698	-28907	
-29774	-24696	-29141	
-29865	-24206	-29380	
-29806	-24541	-29343	
-27334	-22863	-32541	
-29771	-24788	-28957	
-29710	-25257	-28598	
-29419	-26333	-27935	
-29423	-26236	-27511	
-29755	-24349	-29536	
-29565	-25960	-28211	
-29767	-24825	-28961	
-29695	-25431	-28476	
-29767	-24699	-29076	
-29752	-24837	-29054	
-29821	-24629	-29093	
-29687	-25447	-28604	
-29744	-24847	-28890	
-29691	-25553	-28349	
-29736	-24952	-29183	
-29675	-25641	-28214	
-29720	-23622	-29901	
-29775	-24666	-29084	
-29418	-26390	-27702	
-29736	-25095	-28932	
-29631	-25580	-28459	
-29756	-24083	-29873	
-29723	-25105	-28925	
-29710	-25174	-28739	
-29771	-24641	-29245	
-29686	-25319	-28701	
-29737	-24403	-29345	
-29675	-25157	-28746	
-29735	-24467	-29356	
-29667	-25165	-28860	
-29767	-24682	-29212	
-29720	-24425	-29552	
-29667	-25238	-28780	
-29738	-24120	-29573	
-29560	-26032	-27919	
-29607	-25684	-28452	
-29720	-24621	-29281	
-29622	-25468	-28684	
-29596	-25690	-28240	
-29703	-24974	-28944	
-29688	-24331	-29554	
-29646	-25323	-28722	
-27270	-23380	-32607	
-29678	-24147	-29683	
-29686	-24983	-29068	
-29561	-25854	-28466	
-29701	-24798	-29357	
-29677	-24430	-29455	
-29673	-24647	-29455	
-29637	-24989	-29134	
-29654	-25313	-28886	
-29707	-24790	-29228	
-29674	-24269	-29556	
-29634	-25045	-29005	
-29670	-24163	-29811	
-29648	-24240	-29844	
-29500	-26059	-28029	
-29261	-26553	-27239	
-29624	-25058	-28948	
-29630	-25127	-28931	
-29488	-26125	-27974	
-29487	-26182	-27741	
-29607	-25422	-28728	
-29616	-25139	-28982	
-29636	-24525	-29598	
-29429	-26145	-27840	
-29626	-25010	-29178	
-29580	-25481	-28661	
-29603	-25148	-28906	
-29605	-25431	-28753	
-26119	-29383	-26771	
-29568	-25197	-29095	
-29594	-25340	-28996	
-29572	-25499	-28569	
-29693	-24845	-29271	
-29558	-25682	-28675	
-29468	-26023	-28184	
-26100	-29398	-26919	
-29632	-24470	-29701	
-29633	-24872	-29381	
-29563	-24054	-30119	
-29579	-25361	-28772	
-29644	-23942	-30067	
-29472	-25901	-28311	
-29573	-25442	-28802	
-29581	-25463	-28708	
-29629	-24986	-29240	
-29658	-24691	-29445	
-29394	-26075	-28133	
-29604	-24663	-29557	
-29412	-26050	-28281	
-29565	-25135	-29223	
-29543	-25571	-28711	
-29568	-25393	-28824	
-29391	-26140	-28239	
-29541	-25580	-28736	
-29500	-25718	-28509	
-29464	-25917	-28439	
-29539	-25465	-28966	
-29414	-26284	-27957	
-29455	-25991	-28256	
-29592	-24948	-29311	
-26086	-29427	-26097	
-29604	-24855	-29416	
-29443	-25732	-28860	
-29451	-25716	-28732	
-29532	-25603	-28763	
-29622	-24273	-30042	
-29362	-26144	-28117	
-29551	-25203	-29054	
-29440	-25745	-28619	
-29351	-26376	-28173	
-29520	-25503	-29055	
-29450	-25942	-28278	
-29598	-24718	-29555	
-29436	-25867	-28492	
-29524	-25471	-28767	
-29586	-23986	-30089	
-29613	-24316	-29860	
-29286	-26487	-27710	
-29408	-26050	-28294	
-29564	-25080	-29342	
-29569	-24739	-29573	
-29436	-25801	-28497	
-29395	-26018	-28366	
-29426	-25751	-28607	
-29576	-24552	-29708	
-29554	-25167	-29275	
-29397	-25823	-28749	
-29511	-25546	-28873	
-29544	-24882	-29526	
-29508	-25224	-29205	
-29572	-24497	-29811	
-29572	-24639	-29643	
-29470	-25673	-28927	
-29494	-25424	-29143	
-29156	-26698	-27967	
-29515	-24164	-30350	
-29538	-25001	-29430	
-29387	-26034	-28494	
-29386	-25829	-28537	
-29384	-25892	-28563	
-29224	-26655	-27729	
-29386	-26091	-28261	
-27114	-24821	-32631	
-29434	-23400	-30469	
-29426	-25738	-28819	
-29512	-24656	-29804	
-29376	-26105	-28337	
-29551	-24582	-29753	
-29510	-24760	-29578	
-29499	-24725	-29618	
-29492	-25237	-29439	
-26059	-29429	-27717	
-29340	-26315	-28276	
-29375	-25861	-28589	
-29479	-25390	-29181	
-29553	-24343	-29970	
-29526	-24906	-29438	
-29363	-25903	-28713	
-29511	-25060	-29363	
-26048	-29437	-27458	
-29485	-24839	-29619	
-29507	-25005	-29466	
-29332	-26050	-28437	
-29357	-25951	-28496	
-29331	-26058	-28511	
-29370	-25882	-28682	
-29546	-24418	-29899	
-29451	-25573	-28983	
-29324	-25919	-28673	
-29485	-24667	-29679	
-29432	-25356	-29274	
-29325	-26155	-28429	
-29495	-24726	-29616	
-29491	-24752	-29612	
-29478	-25028	-29540	
-29484	-24671	-29682	
-29462	-24687	-29689	
-29320	-26041	-28546	
-29350	-26433	-27940	
-29454	-24710	-29632	
-26026	-29454	-26207	
-29282	-26381	-27965	
-29226	-26514	-27820	
-29444	-24966	-29673	
-29276	-26464	-28259	
-29519	-24477	-29832	
-29319	-25987	-28948	
-29448	-25660	-29152	
-29376	-25750	-28971	
-29222	-26554	-27787	
-29470	-25045	-29585	
-29366	-25765	-28929	
-29321	-26181	-28425	
-29220	-26549	-27984	
-29491	-24609	-29863	
-29357	-25774	-28840	
-27077	-23366	-32639	
-29450	-24685	-29793	
-29203	-26566	-28475	
-29320	-25894	-28834	
-29436	-24701	-29834	
-29316	-26132	-28447	
-29313	-26197	-28553	
-29389	-25681	-29157	
-29051	-26967	-27066	
-29185	-26648	-27838	
-29474	-24402	-29935	
-29378	-25689	-28898	
-29425	-24866	-29729	
-29413	-25394	-29363	
-29312	-26254	-28320	
-29015	-27012	-27789	
-29469	-24549	-29892	
-29420	-25411	-29186	
-29451	-25087	-29473	
-29243	-26467	-27997	
-29311	-26010	-28572	
-27028	-23148	-32653	
-29457	-24547	-29996	
-29363	-25564	-29235	
-29301	-26090	-28643	
-29465	-24530	-29951	
-29280	-26342	-28386	
-29419	-24184	-30075	
-29401	-25115	-29513	
-25987	-29531	-25943	
-29412	-24229	-30219	
-29421	-24757	-29935	
-29436	-24294	-30005	
-29397	-25202	-29448	
-29397	-24574	-30106	
-29409	-24576	-30002	
-29389	-25157	-29637	
-29514	-23681	-30445	
-29424	-23944	-30465	
-29404	-24252	-30162	
-29387	-25315	-29451	
-29274	-26211	-28560	
-29331	-25459	-29314	
-29301	-26024	-28648	
-29308	-25808	-28995	
-29299	-26052	-28696	
-29384	-24993	-29783	
-29272	-26358	-28514	
-29355	-25166	-29590	
-27027	-23172	-32654	
-29292	-25701	-29138	
-29327	-25342	-29561	
-27004	-23370	-32728	
-29444	-23691	-30384	
-29263	-26243	-28612	
-29290	-25714	-29057	
-29241	-26117	-28753	
-29286	-25740	-29053	
-29316	-25503	-29304	
-29331	-25349	-29379	
-29407	-23715	-30502	
-29260	-26068	-28656	
-29363	-24936	-29893	
-29261	-26364	-28302	
-29336	-25623	-29168	
-29259	-26427	-28328	
-29143	-26593	-28585	
-29318	-25399	-29530	
-29280	-25756	-29023	
-29303	-25591	-29345	
-29367	-25007	-29700	
-29385	-23903	-30728	
-29371	-24495	-30194	
-29323	-25365	-29507	
-29277	-25775	-29074	
-29241	-26051	-28758	
-29363	-25078	-29725	
-29273	-25831	-28952	
-29233	-26067	-28886	
-29282	-25715	-29214	
-29271	-25894	-28978	
-29237	-26173	-28631	
-29278	-25756	-29181	
-29120	-26665	-28318	
-29391	-24693	-30010	
-29256	-25794	-29021	
-29282	-25572	-29465	
-29228	-26123	-28699	
-29220	-26136	-28700	
-29225	-26064	-28992	
-29119	-26722	-28085	
-29222	-25900	-29044	
-29195	-26301	-28636	
-29301	-25199	-29660	
-29177	-26173	-28791	
-29276	-25650	-29278	
-28760	-27199	-27691	
-29305	-25117	-29734	
-29059	-26749	-28195	
-29218	-25783	-29291	
-29218	-25864	-29197	
-29352	-25161	-29625	
-29265	-25412	-29725	
-29352	-24256	-30329	
-29206	-26088	-28861	
-29177	-26200	-28741	
-29359	-25023	-29828	
-29362	-24440	-30200	
-29051	-26765	-28323	
-29340	-24784	-29963	
-29337	-24733	-30099	
-29389	-24020	-30481	
-29248	-25685	-29240	
-28750	-27203	-27169	
-29047	-26791	-28319	
-29173	-26233	-28694	
-29341	-24326	-30441	
-28735	-27209	-27643	
-29169	-26355	-28567	
-29337	-24857	-29981	
-29243	-25602	-29355	
-29266	-25045	-29834	
-29339	-23758	-30740	
-29229	-25754	-29404	
-29211	-25921	-29088	
-29169	-26208	-28855	
-28702	-27210	-27263	
-29269	-25725	-29207	
-28685	-27243	-27728	
-29251	-25180	-29799	
-29269	-25529	-29478	
-29038	-26834	-28137	
-29165	-26392	-28571	
-29165	-26249	-28822	
-29203	-25938	-29133	
-29346	-24025	-30384	
-29268	-24941	-30060	
-29302	-24703	-30155	
-29306	-24440	-30212	
-29153	-26304	-28734	
-29164	-26272	-28682	
-29239	-25465	-29553	
-29192	-25943	-29004	
-29248	-25057	-29898	
-29157	-26122	-29016	
-29330	-24871	-29896	
-29161	-26213	-28975	
-29277	-24884	-30091	
-29302	-24467	-30310	
-29109	-26382	-28677	
-29157	-26410	-28479	
-28677	-27259	-27856	
-29287	-24764	-29984	
-29156	-26285	-28683	
-29149	-25991	-29252	
-29038	-26851	-28001	
-28671	-27428	-27365	
-29238	-25471	-29658	
-29317	-24589	-30100	
-29177	-25859	-29221	
-29209	-25556	-29588	
-28978	-26861	-28247	
-29216	-25256	-29815	
-29291	-24496	-30313	
-29261	-24543	-30240	
-29203	-25675	-29492	
-28970	-26894	-28239	
-29241	-25226	-29770	
-29208	-25060	-29895	
-29144	-26064	-29243	
-29206	-25072	-29944	
-29211	-24959	-29900	
-29105	-26414	-28965	
-29189	-25098	-29984	
-29329	-24047	-30591	
-29254	-24732	-30161	
-29242	-24730	-30265	
-29125	-25790	-29257	
-28952	-26929	-27861	
-29181	-25108	-29820	
-29117	-25886	-29331	
-29219	-25267	-29737	
-29177	-25238	-29920	
-29135	-25759	-29326	
-29115	-26616	-28340	
-28908	-26903	-28097	
-29305	-24120	-30527	
-29036	-26627	-28642	
-29097	-26437	-28589	
-29096	-26457	-28783	
-28904	-27024	-28306	
-29188	-25641	-29530	
-29212	-25392	-29746	
-29245	-24340	-30317	
-29093	-26135	-29115	
-29210	-24504	-30543	
-29227	-24791	-30094	
-29115	-25791	-29352	
-29176	-25734	-29425	
-29194	-24860	-30126	
-29159	-25314	-29813	
-29028	-26643	-28770	
-29179	-25492	-29663	
-29111	-25755	-29505	
-29102	-25786	-29374	
-28962	-26647	-28952	
-29124	-25586	-29558	
-29036	-26484	-28893	
-29267	-24313	-30484	
-29170	-24944	-30143	
-28954	-26670	-28576	
-29091	-26182	-29039	
-29163	-25019	-30072	
-29136	-25493	-29663	
-29115	-25633	-29632	
-29111	-25817	-29348	
-29177	-24819	-30134	
-29149	-25421	-29722	
-29096	-25829	-29441	
-29096	-25971	-29273	
-29233	-24675	-30271	
-29107	-25649	-29760	
-29127	-25361	-29751	
-28944	-26799	-28380	
-29115	-25359	-29855	
-29100	-25835	-29342	
-29207	-24596	-30359	
-29168	-24893	-30324	
-29092	-25916	-29376	
-29150	-25283	-29839	
-29124	-25160	-29987	
-29262	-24928	-30081	
-29089	-26191	-28993	
-28844	-27052	-28080	
-29107	-25664	-29546	
-29056	-26258	-29055	
-29245	-24147	-30637	
-29072	-26154	-29062	
-29093	-26069	-29120	
-29111	-25242	-30102	
-29085	-26085	-29248	
-29139	-25268	-29856	
-29055	-25956	-29495	
-29073	-25677	-29511	
-28940	-26682	-28627	
-29070	-25750	-29529	
-29241	-24234	-30572	
-29083	-25627	-29817	
-29058	-26106	-29223	
-29011	-26157	-29163	
-29138	-25254	-29880	
-28896	-26692	-28420	
-25855	-29538	-27045	
-28826	-27089	-27780	
-26921	-23650	-32745	
-28654	-27321	-27695	
-29047	-25691	-29656	
-28822	-27084	-28541	
-29004	-26212	-29086	
-28886	-26935	-28558	
-29079	-25295	-29966	
-29046	-25999	-29313	
-29180	-24655	-30292	
-29002	-26422	-29026	
-29041	-25724	-29569	
-29038	-26010	-29282	
-28998	-26305	-29273	
-29067	-25388	-29861	
-28811	-27092	-28282	
-29064	-25417	-29939	
-29180	-23956	-30783	
-29026	-25776	-29598	
-28793	-27112	-28118	
-25803	-29550	-25737	
-28986	-26026	-29423	
-29111	-24965	-30148	
-29147	-24623	-30469	
-29002	-26250	-29086	
-29014	-25783	-29540	
-29103	-25046	-30182	
-29006	-25800	-29585	
-28890	-26869	-28363	
-28766	-27116	-27890	
-29174	-23973	-30638	
-28758	-27132	-28018	
-28984	-26073	-29347	
-29171	-24102	-30679	
-28758	-27194	-27888	
-28618	-27339	-27628	
-28995	-25821	-29629	
-28982	-26487	-28774	
-29139	-24640	-30514	
-29017	-25702	-29626	
-29042	-25458	-29906	
-28730	-27204	-28334	
-29010	-25777	-29639	
-28978	-25976	-29556	
-29139	-24782	-30346	
-29167	-24397	-30631	
-29100	-25075	-30260	
-28607	-27347	-27370	
-28601	-27382	-27948	
-26761	-23405	-32764	
-29008	-25675	-29703	
-29061	-25412	-29974	
-28982	-26082	-29301	
-28741	-27196	-28593	
-28972	-26358	-29101	
-29034	-25471	-29907	
-29058	-25276	-30086	
-28978	-26119	-29305	
-29131	-24650	-30350	
-28859	-26694	-28588	
-28256	-27794	-26725	
-28549	-27551	-27948	
-28948	-25847	-29803	
-29099	-24085	-30699	
-29120	-24682	-30402	
-29002	-25683	-29832	
-25770	-29565	-26407	
-28851	-26735	-28764	
-28974	-26068	-29547	
-29082	-25131	-30124	
-28898	-26650	-28804	
-28974	-26119	-29318	
-28878	-26670	-28719	
-28994	-25487	-29912	
-29005	-25458	-30025	
-28986	-25960	-29428	
-28237	-27809	-26873	
-28858	-26683	-28805	
-29081	-24821	-30355	
-28949	-26149	-29363	
-28952	-26160	-29285	
-29094	-24036	-30721	
-28981	-25494	-29883	
-29145	-24474	-30664	
-28572	-27390	-28160	
-29122	-23792	-31204	
-29073	-24786	-30528	
-28976	-25604	-29920	
-29041	-25116	-30346	
-28749	-27180	-28465	
-28943	-26443	-29031	
-28201	-27827	-26806	
-28942	-26449	-29136	
-28937	-25917	-29596	
-29015	-25169	-30174	
-28845	-26752	-28619	
-29092	-24042	-30765	
-28922	-26109	-29411	
-29077	-24903	-30281	
-29086	-24843	-30334	
-28923	-26220	-29316	
-29039	-25122	-30245	
-29093	-24293	-30721	
-28936	-26568	-29040	
-28843	-26791	-28568	
-28190	-27835	-26548	
-29002	-25301	-30201	
-28653	-27261	-28244	
-28652	-27269	-27808	
-29014	-25175	-30279	
-28826	-26962	-28668	
-28912	-26385	-29211	
-29007	-25192	-30117	
-28184	-27870	-27126	
-28866	-26661	-28828	
-28922	-25900	-29631	
-28982	-25485	-30016	
-28878	-26945	-28394	
-28979	-25379	-30113	
-28912	-26189	-29482	
-29076	-23913	-30800	
-28865	-26667	-28933	
-28867	-26959	-28427	
-29028	-24801	-30376	
-28667	-27252	-27881	
-29076	-24231	-30728	
-28904	-25936	-29600	
-26758	-21951	-32797	
-29027	-24884	-30420	
-29113	-24561	-30602	
-29072	-24113	-30754	
-29068	-24338	-30806	
-28914	-25495	-30013	
-25762	-29581	-26535	
-28914	-26268	-29288	
-28886	-25880	-29728	
-28934	-25615	-29877	
-28886	-26110	-29570	
-29068	-24272	-30811	
-28910	-25593	-29934	
-28908	-26276	-29417	
-28925	-25695	-29873	
-29060	-24288	-30939	
-28874	-25935	-29613	
-28818	-26978	-28796	
-28457	-27586	-27402	
-28871	-26010	-29613	
-28921	-26534	-29078	
-28155	-27878	-27338	
-28902	-25500	-30010	
-28762	-27111	-28651	
-28901	-26414	-29214	
-28887	-25521	-29969	
-28611	-27265	-28553	
-28899	-26342	-29224	
-28867	-25976	-29719	
-28977	-25388	-30138	
-29089	-24618	-30527	
-28091	-27889	-27272	
-28952	-25438	-30046	
-28836	-26334	-29339	
-29017	-24930	-30391	
-28876	-25539	-29963	
-28905	-25703	-29813	
-28899	-25691	-29893	
-28806	-26688	-28938	
-28921	-26468	-29083	
-29061	-24784	-30632	
-28901	-25786	-29872	
-28861	-26561	-29188	
-28851	-25614	-29939	
-28897	-25475	-30052	
-28847	-25839	-29991	
-28880	-25516	-30017	
-28832	-26360	-29335	
-29001	-24943	-30625	
-28872	-25675	-29894	
-28855	-25718	-29904	
-28791	-26692	-28875	
-28887	-25459	-30126	
-28814	-26665	-29314	
-28862	-26555	-29083	
-28787	-26724	-29247	
-28872	-25533	-30062	
-28967	-25377	-30217	
-28992	-24960	-30436	
-28824	-26376	-29463	
-28859	-25534	-30188	
-28836	-26091	-29709	
-28829	-26229	-29506	
-29053	-24588	-30712	
-28988	-25096	-30367	
-28955	-25196	-30284	
-28862	-25927	-29741	
-28823	-26382	-29568	
-28840	-26197	-29454	
-28779	-26826	-28866	
-28938	-25208	-30219	
-28851	-25956	-29744	
-28912	-25197	-30284	
-28826	-26137	-29680	
-28898	-25349	-30333	
-28832	-25856	-29800	
-28839	-25718	-30003	
-28935	-25018	-30434	
-28830	-25870	-29747	
-28820	-25898	-29924	
-28600	-27273	-28294	
-25752	-29591	-26546	
-28820	-25564	-30078	
-28934	-25156	-30317	
-28599	-27330	-28061	
-28851	-25720	-29899	
-28849	-25740	-29903	
-28871	-25396	-30140	
-28818	-25586	-30181	
-28887	-25378	-30220	
-28870	-25422	-30195	
-29004	-24432	-30802	
-28799	-25951	-29884	
-28908	-25060	-30482	
-28779	-26747	-28871	
-28382	-27601	-27370	
-28719	-26853	-28976	
-28343	-27669	-27623	
-28813	-25639	-30091	
-28925	-25125	-30343	
-28811	-26037	-29723	
-28380	-27608	-28024	
-28801	-26167	-29725	
-28791	-25983	-29854	
-28883	-25353	-30381	
-28916	-25110	-30349	
-28334	-27687	-27367	
-28768	-26520	-29326	
-28932	-24987	-30546	
-28805	-27047	-28610	
-28374	-27617	-27498	
-28809	-26151	-29597	
-28394	-27580	-27460	
-28764	-26403	-29573	
-29000	-24315	-31049	
-28194	-27792	-27839	
-29038	-24632	-30702	
-28872	-25270	-30421	
-25741	-29599	-26287	
-28360	-27628	-27939	
-28807	-26159	-29596	
-29068	-23815	-30977	
-28812	-25702	-30004	
-28774	-26009	-29894	
-28593	-27288	-28354	
-28806	-25679	-30076	
-28972	-24700	-30764	
-28313	-27692	-27512	
-28870	-25394	-30206	
-28764	-26418	-29359	
-28349	-27636	-27680	
-28186	-27808	-27967	
-28291	-27716	-27341	
-26597	-23528	-32847	
-28745	-26300	-29580	
-28827	-25486	-30236	
-28828	-25405	-30201	
-28755	-26011	-29729	
-28735	-26194	-29749	
-29032	-24673	-30654	
-28386	-27575	-28111	
-28747	-26020	-29769	
-28756	-26431	-29360	
-28743	-26095	-29747	
-28779	-25771	-30036	
-28715	-26975	-28849	
-28811	-25423	-30250	
-28066	-27904	-27788	
-28754	-26469	-29360	
-28711	-26869	-29104	
-28734	-26414	-29373	
-28866	-25193	-30641	
-28734	-26332	-29632	
-28269	-27748	-27802	
-28699	-26536	-29428	
-28794	-25677	-30180	
-28807	-25386	-30321	
-28729	-26125	-29766	
-28413	-27573	-28417	
-25719	-29619	-27261	
-28063	-27924	-27084	
-29000	-24330	-30835	
-28711	-27012	-28853	
-28710	-26019	-29962	
-28762	-25730	-30044	
-28885	-24017	-31220	
-28970	-24814	-30638	
-28872	-25040	-30579	
-28934	-24390	-30858	
-28698	-26054	-29924	
-28931	-24523	-31010	
-28754	-25680	-30177	
-28910	-24821	-30699	
-28753	-25804	-30234	
-28503	-27395	-27952	
-28805	-25512	-30285	
-28939	-23532	-31208	
-28756	-25849	-29948	
-28461	-27478	-27972	
-28063	-27951	-27002	
-28547	-27358	-28262	
-28726	-25953	-29975	
-28845	-23497	-31451	
-28443	-27422	-28062	
-28712	-26272	-29661	
-28711	-26884	-28890	
-28236	-27749	-27422	
-28696	-26153	-30012	
-28691	-26422	-29448	
-28655	-27145	-28708	
-28771	-25525	-30250	
-28744	-25847	-30052	
-28324	-27684	-27771	
-28765	-25566	-30202	
-28707	-26895	-29100	
-28937	-24043	-31075	
-28783	-25470	-30338	
-28887	-24946	-30723	
-28666	-26460	-29612	
-28700	-26270	-29765	
-28655	-27002	-28959	
-28754	-25568	-30260	
-28650	-26591	-29315	
-28621	-26651	-29346	
-28898	-24863	-30823	
-28442	-27442	-28256	
-28784	-25379	-30324	
-28757	-25579	-30182	
-28859	-25331	-30438	
-28725	-25853	-29984	
-28691	-26738	-29123	
-28705	-25934	-30095	
-28651	-27039	-28963	
-28778	-25387	-30453	
-28520	-27292	-28443	
-28657	-26463	-29625	
-28631	-26765	-29233	
-28901	-23814	-31105	
-28611	-26576	-29347	
-28812	-25297	-30531	
-28605	-26544	-29489	
-28424	-27407	-28356	
-28420	-27474	-28717	
-28603	-26592	-29475	
-28661	-26411	-29634	
-28657	-26309	-29667	
-28893	-24349	-31106	
-28647	-27161	-28836	
-28728	-25489	-30348	
-28739	-25572	-30308	
-28604	-26903	-29161	
-28640	-26297	-29875	
-28724	-25551	-30424	
-28705	-25593	-30312	
-28627	-26674	-29274	
-28633	-26321	-29687	
-28332	-27668	-27643	
-28544	-26930	-29271	
-28651	-26911	-29000	
-28880	-24554	-30829	
-28588	-26611	-29452	
-28619	-26382	-29817	
-28594	-26578	-29539	
-28698	-25604	-30252	
-28876	-24779	-30881	
-28669	-25635	-30300	
-28537	-26667	-29284	
-28532	-26844	-29432	
-25546	-29638	-26247	
-28578	-26915	-29089	
-28688	-25893	-30103	
-28582	-26633	-29451	
-28565	-26807	-29166	
-28837	-24488	-31253	
-28570	-27023	-29052	
-28345	-27631	-28441	
-28568	-27162	-28710	
-28548	-27182	-28625	
-28684	-25874	-30162	
-28428	-27380	-28258	
-28741	-25121	-30649	
-28548	-26655	-29435	
-28488	-27209	-28735	
-28666	-25732	-30265	
-28645	-25961	-30205	
-28752	-25308	-30541	
-28733	-25012	-30868	
-28465	-27281	-28468	
-28508	-27189	-28820	
-28723	-25426	-30628	
-28593	-26586	-29613	
-28470	-27253	-28830	
-28716	-25564	-30425	
-28424	-27274	-28513	
-28592	-26427	-29736	
-28610	-26037	-30221	
-28790	-25226	-30581	
-28572	-27040	-28837	
-28540	-27052	-29144	
-28658	-25697	-30438	
-28534	-27104	-28847	
-28830	-23934	-31383	
-28657	-26437	-29630	
-28300	-27655	-28049	
-28828	-24909	-30742	
-28862	-24547	-30955	
-28631	-26242	-29881	
-28529	-27060	-28885	
-28721	-25067	-30780	
-28133	-27869	-28220	
-28605	-26163	-29969	
-28662	-25814	-30191	
-28526	-27120	-28975	
-28535	-26599	-29544	
-28729	-25273	-30566	
-28589	-26495	-29654	
-28815	-24566	-30920	
-28597	-26190	-29963	
-28702	-25432	-30483	
-28528	-26638	-29562	
-28768	-24936	-30852	
-28544	-26945	-29057	
-28802	-24698	-30947	
-28641	-25767	-30250	
-28293	-27669	-28238	
-28650	-25470	-30490	
-28877	-24070	-31185	
-28563	-26428	-29868	
-28631	-25756	-30371	
-28556	-26445	-29706	
-28697	-25347	-30716	
-28756	-25221	-30606	
-28590	-26369	-29935	
-28600	-26080	-30084	
-28508	-26658	-29477	
-28493	-26453	-29679	
-28612	-25795	-30330	
-28548	-27036	-29016	
-28491	-26679	-29470	
-28490	-26472	-29730	
-28487	-26573	-29725	
-28646	-25695	-30542	
-28356	-27623	-28700	
-28496	-27186	-29111	
-28267	-27696	-27915	
-28602	-25841	-30301	
-28074	-27888	-27660	
-28471	-27196	-29063	
-28599	-26086	-30189	
-28476	-26662	-29505	
-28378	-27591	-28239	
-28459	-26846	-29523	
-28545	-26190	-30079	
-28500	-26445	-29718	
-28575	-26267	-29996	
-25509	-29646	-26978	
-28094	-27871	-27577	
-28536	-26961	-29185	
-26569	-23603	-32850	
-28364	-27607	-28572	
-28581	-25926	-30243	
-28483	-26599	-29721	
-28474	-26642	-29539	
-28779	-24546	-31017	
-28487	-26461	-29808	
-28793	-24755	-30916	
-28756	-24600	-31305	
-28231	-27703	-27917	
-28476	-26988	-29295	
-28456	-26648	-29570	
-28207	-27723	-28025	
-28451	-26796	-29656	
-26564	-24158	-32857	
-28691	-25094	-30946	
-28577	-25871	-30346	
-28480	-27079	-29254	
-28439	-26866	-29438	
-28475	-26524	-29759	
-28385	-27274	-28923	
-28680	-23744	-31524	
-28752	-24605	-30950	
-28733	-24782	-31026	
-28227	-27674	-27924	
-28725	-24829	-30940	
-28671	-25278	-30761	
-28743	-24723	-31017	
-28219	-27690	-28052	
-27731	-28290	-26938	
-28525	-26005	-30255	
-28540	-26107	-30194	
-28516	-26288	-30001	
-28401	-27223	-28877	
-28398	-26868	-29333	
-28581	-25784	-30411	
-28632	-25463	-30616	
-28375	-26922	-29476	
-28483	-26260	-30243	
-28537	-26349	-29956	
-28501	-25916	-30376	
-28829	-24498	-31089	
-28362	-27284	-29143	
-25489	-29654	-26197	
-28409	-26584	-29782	
-28523	-26119	-30129	
-28189	-27743	-27861	
-28360	-27501	-28827	
-26538	-23561	-32873	
-28444	-26445	-30098	
-28623	-25543	-30612	
-28482	-26386	-29962	
-28407	-26469	-29854	
-28400	-27200	-28987	
-28455	-26548	-29746	
-28505	-25829	-30387	
-28402	-26528	-29848	
-28433	-26453	-29839	
-28501	-25955	-30264	
-28420	-26649	-29729	
-28645	-25199	-30849	
-28555	-25705	-30499	
-28409	-27482	-28458	
-28608	-25441	-30673	
-28463	-26325	-29991	
-28503	-25790	-30412	
-28493	-25971	-30392	
-28495	-25732	-30609	
-28348	-26981	-29409	
-28770	-23961	-31493	
-28420	-26552	-29730	
-28462	-26266	-30098	
-28457	-26313	-30071	
-28197	-27720	-28237	
-28480	-25776	-30599	
-28490	-26081	-30271	
-28510	-26036	-30253	
-27997	-28013	-27691	
-28470	-27107	-29199	
-25486	-29665	-26357	
-28596	-25602	-30545	
-28401	-26446	-29926	
-28385	-26495	-29903	
-28549	-25568	-30638	
-28499	-25882	-30403	
-28374	-26660	-29798	
-28171	-27730	-28027	
-28408	-26998	-29292	
-28628	-24860	-31038	
-28380	-26607	-29782	
-28690	-24675	-31114	
-28417	-26849	-29451	
-28351	-27292	-28884	
-28456	-26319	-30176	
-28555	-25475	-30657	
-28469	-26028	-30317	
-28373	-26732	-29730	
-28367	-27018	-29261	
-28570	-25381	-30801	
-28536	-25571	-30648	
-28472	-25857	-30633	
-28358	-26540	-29822	
-28515	-25700	-30583	
-27996	-28061	-27595	
-28317	-27299	-28830	
-28314	-27006	-29353	
-28313	-27365	-29025	
-28615	-25303	-30876	
-28635	-25238	-30809	
-28311	-27018	-29273	
-28341	-26576	-29811	
-28366	-26870	-29527	
-28350	-26818	-29632	
-28758	-24489	-31127	
-28325	-26544	-29879	
-28134	-27727	-28114	
-28310	-27043	-29357	
-28526	-25408	-30812	
-28595	-25323	-30791	
-28370	-26873	-29498	
-28003	-27962	-27895	
-28376	-26490	-30029	
-28320	-26634	-29892	
-28272	-27635	-28530	
-28309	-27154	-29439	
-28212	-27646	-28301	
-28683	-24750	-31127	
-28619	-24869	-30949	
-28340	-26832	-29708	
-28516	-25434	-30920	
-28614	-24958	-31088	
-28313	-27088	-29244	
-28436	-26199	-30312	
-28531	-25522	-30670	
-26440	-24398	-32935	
-28331	-26589	-29809	
-28445	-26006	-30374	
-28502	-25657	-30596	
-28607	-23383	-31614	
-28135	-27649	-28436	
-28366	-26899	-29494	
-28433	-25998	-30502	
-28328	-26844	-29681	
-28124	-27724	-28326	
-28437	-26115	-30255	
-28489	-25493	-30853	
-28712	-24142	-31334	
-28319	-26499	-30085	
-28520	-25551	-30673	
-28349	-26759	-29739	
-28312	-26639	-30012	
-28301	-26889	-29600	
-28309	-26982	-29499	
-25482	-29752	-26177	
-28317	-26703	-29756	
-28395	-26086	-30438	
-28481	-25638	-30716	
-27947	-28095	-27750	
-28306	-27165	-29230	
-28293	-26903	-29583	
-28316	-26756	-29765	
-28257	-27498	-28880	
-28596	-25197	-31072	
-28060	-27873	-28309	
-28296	-27273	-29358	
-28291	-26884	-29800	
-28037	-27889	-27945	
-28622	-24791	-31055	
-28287	-26925	-29507	
-28401	-26338	-30186	
-28306	-26652	-29827	
-28712	-23983	-31337	
-28276	-26981	-29691	
-28110	-27685	-28741	
-28601	-23031	-31624	
-28678	-24080	-31467	
-27816	-28219	-27267	
-28284	-26729	-29860	
-28397	-26340	-30181	
-28374	-26373	-30119	
-28473	-25661	-30659	
-28253	-27392	-29135	
-28547	-23675	-31633	
-28302	-27048	-29477	
-28368	-26131	-30357	
-28407	-26305	-30273	
-27939	-28111	-27878	
-27876	-28157	-27416	
-28622	-24693	-31150	
-28295	-27330	-29125	
-28073	-27746	-28341	
-28341	-26365	-30296	
-28524	-25313	-30833	
-28345	-26471	-30041	
-28518	-25335	-30832	
-28339	-26479	-30170	
-28430	-26240	-30264	
-28460	-25578	-30783	
-28672	-24437	-31325	
-28585	-25226	-30959	
-28093	-27686	-28351	
-28075	-27703	-28361	
-28249	-27514	-29008	
-27928	-28119	-27619	
-28111	-27647	-28529	
-28277	-26652	-29874	
-28364	-26014	-30604	
-28249	-27181	-29549	
-28251	-27531	-28793	
-28360	-26198	-30320	
-28664	-24454	-31370	
-28570	-24985	-31099	
-28421	-25665	-30826	
-28606	-24635	-31211	
-28269	-26733	-29908	
-28412	-25708	-30644	
-28530	-25272	-30881	
-28355	-26157	-30406	
-28312	-26538	-30103	
-28044	-27764	-28407	
-27976	-27896	-28076	
-28566	-24930	-31202	
-28400	-25750	-30768	
-27943	-27989	-28005	
-28602	-24717	-31137	
-28256	-26783	-29875	
-28348	-26196	-30424	
-28193	-27544	-28753	
-28259	-26696	-29969	
-28328	-26216	-30339	
-28131	-27627	-28614	
-28018	-27715	-28505	
-28329	-26090	-30620	
-28308	-26548	-30053	
-28247	-27307	-29513	
-28301	-26475	-30335	
-28191	-27558	-28903	
-28308	-26337	-30538	
-28235	-26550	-30144	
-28202	-27016	-29556	
-28215	-26570	-30059	
-28493	-23666	-31740	
-28638	-24375	-31458	
-28166	-27012	-29736	
-28618	-24107	-31577	
-28478	-25260	-31016	
-28382	-25804	-30642	
-28183	-27589	-28817	
-28210	-26594	-30064	
-28246	-26811	-29820	
-28272	-26890	-29732	
-28360	-25820	-30649	
-28172	-27427	-29138	
-28168	-27308	-29387	
-28010	-27764	-28479	
-28140	-27331	-29142	
-28180	-26903	-29830	
-28189	-27541	-29118	
-28126	-27311	-29315	
-28032	-27800	-28320	
-28324	-25765	-30740	
-28464	-25340	-30943	
-27794	-28168	-27821	
-28314	-26184	-30476	
-27917	-27917	-28091	
-28107	-27330	-29197	
-28142	-27215	-29606	
-28234	-26809	-29924	
-28004	-27792	-28989	
-28199	-26723	-30079	
-28553	-24615	-31232	
-28175	-26910	-29713	
-28666	-23918	-31510	
-28321	-25907	-30692	
-28502	-25202	-30994	
-28542	-24744	-31247	
-28201	-26877	-29810	
-28174	-26936	-29743	
-27855	-28123	-27708	
-28017	-27709	-28745	
-28232	-26709	-29956	
-27884	-27888	-28810	
-27783	-28176	-27562	
-28095	-27346	-29242	
-28137	-27594	-28701	
-28129	-27610	-28829	
-27810	-28142	-27458	
-28351	-25971	-30617	
-28421	-25485	-30882	
-28458	-25429	-30978	
-27862	-27950	-28172	
-28156	-26579	-30089	
-28235	-26484	-30149	
-28539	-24989	-31135	
-28395	-25548	-30904	
-28480	-25010	-31140	
-28227	-26500	-30277	
-28564	-24936	-31101	
-28082	-27575	-29175	
-28153	-26907	-29962	
-28005	-27735	-29222	
-27881	-27892	-28296	
-28546	-24950	-31117	
-28151	-26626	-30097	
-28172	-26975	-29692	
-28165	-26781	-30040	
-27964	-27793	-28453	
-27945	-27811	-28429	
-27880	-27896	-28299	
-28140	-27198	-29821	
-28123	-27616	-28927	
-28465	-25062	-31169	
-28150	-26621	-30174	
-28226	-26523	-30221	
-28299	-25823	-30750	
-28527	-24796	-31276	
-27937	-27827	-28557	
-27844	-28019	-28318	
-28080	-27358	-29252	
-28598	-24600	-31384	
-28386	-25741	-30842	
-28422	-25399	-31163	
-28078	-27364	-29589	
-28292	-25992	-30622	
-28462	-25104	-31172	
-28277	-26044	-30651	
-28068	-27643	-29006	
-27927	-27845	-28359	
-28077	-27423	-29358	
-28314	-25556	-31134	
-28374	-25529	-31024	
-28473	-24954	-31206	
-28310	-25740	-30850	
-28144	-26665	-30115	
-28144	-26576	-30380	
-28276	-26005	-30856	
-28240	-26347	-30535	
-28526	-24757	-31481	
-28426	-25174	-31111	
-28513	-24910	-31223	
-28302	-25572	-30908	
-27799	-28042	-28388	
-28196	-26353	-30350	
-28116	-27560	-28993	
-28301	-25709	-30876	
-28150	-26364	-30419	
-28290	-25760	-30765	
-28016	-27650	-28984	
-28507	-23970	-31624	
-28262	-26181	-30542	
-28126	-26966	-29895	
-28185	-26518	-30245	
-28149	-26436	-30351	
-28139	-26702	-30128	
-28250	-26103	-30584	
-28597	-24192	-31519	
-28140	-26791	-29992	
-28461	-24856	-31299	
-28220	-26149	-30719	
-28110	-26800	-30050	
-28115	-26697	-30190	
-27792	-28090	-28180	
-27203	-28691	-26560	
-28085	-26858	-30060	
-28280	-25669	-30909	
-28583	-24566	-31422	
-28045	-27440	-29231	
-28423	-25163	-31189	
-28092	-26785	-30129	
-28079	-26729	-30238	
-27863	-27893	-28405	
-28389	-23623	-31757	
-28433	-24874	-31338	
-28136	-26380	-30460	
-28043	-27479	-29180	
-28578	-24402	-31568	
-28192	-26236	-30597	
-28016	-27507	-29235	
-28408	-25167	-31237	
-28279	-25632	-31150	
-28134	-27231	-29734	
-28257	-26048	-30661	
-27807	-27896	-28517	
-28117	-27046	-29891	
-28249	-26064	-30789	
-28128	-26441	-30452	
-28072	-26977	-29979	
-28336	-23705	-31760	
-27931	-27796	-29078	
-27946	-27509	-29310	
-28287	-23817	-31803	
-28397	-25084	-31277	
-28455	-23948	-31637	
-28067	-26588	-30421	
-28266	-25785	-30892	
-27791	-28147	-27947	
-28065	-26866	-30000	
-28057	-26658	-30288	
-27993	-27385	-29682	
-28050	-26827	-30160	
-28557	-24487	-31510	
-28046	-26941	-30019	
-28343	-25400	-31037	
-28433	-24133	-31683	
-28341	-25511	-31215	
-27811	-27892	-28899	
-27790	-27897	-28494	
-27788	-27908	-28535	
-28233	-25683	-30972	
-28180	-26234	-30701	
-28069	-26462	-30457	
-28120	-26391	-30585	
-28221	-25690	-30914	
-27787	-27971	-28463	
-27911	-27478	-29420	
-28213	-25707	-30959	
-27943	-27511	-29324	
-28021	-27000	-29967	
-28031	-26879	-30072	
-27498	-28418	-27430	
-27745	-28123	-28165	
-28074	-27258	-29844	
-28391	-25007	-31497	
-28185	-25883	-30930	
-27938	-27480	-29325	
-28497	-24514	-31620	
-28025	-26885	-30170	
-28017	-26799	-30402	
-28118	-26400	-30469	
-28026	-26954	-30105	
-27996	-27010	-29919	
-28019	-26816	-30187	
-28084	-26413	-30541	
-27989	-27087	-29905	
-27474	-28497	-26994	
-28282	-23768	-31825	
-28074	-27273	-29630	
-28089	-26244	-30658	
-27923	-27531	-29239	
-27754	-27943	-28641	
-28060	-26418	-30695	
-27889	-27421	-29428	
-28064	-26524	-30440	
-28060	-26433	-30481	
-27967	-27164	-29938	
-27883	-27398	-29607	
-27736	-28223	-28035	
-27909	-27541	-29292	
-28001	-27277	-29719	
-26292	-22142	-32942	
-28181	-26108	-30982	
-28057	-26472	-30474	
-28004	-26970	-30112	
-28415	-23824	-31689	
-28225	-25633	-31105	
-27881	-27437	-29556	
-27747	-28080	-28185	
-27951	-27015	-29978	
-27732	-28117	-28290	
-27427	-28507	-27496	
-27985	-26436	-30568	
-27971	-26542	-30497	
-28173	-25925	-31054	
-27944	-26997	-30222	
-28384	-25145	-31294	
-27851	-27677	-29470	
-27896	-27515	-29360	
-28274	-23659	-31849	
-27948	-27103	-29967	
-27754	-27981	-28485	
-28183	-26009	-30894	
-28334	-23936	-31741	
-28154	-26167	-30915	
-28310	-25170	-31320	
-28271	-25449	-31222	
-27978	-26577	-30428	
-27727	-27998	-28573	
-27944	-27012	-30008	
-27968	-26552	-30709	
-27977	-26581	-30431	
-28249	-25365	-31280	
-27731	-28174	-28057	
-28010	-26937	-30199	
-27936	-27067	-30007	
-28371	-25027	-31412	
-28115	-26183	-30791	
-26194	-22979	-33004	
-27965	-26868	-30287	
-27728	-28239	-28163	
-28088	-26242	-30724	
-27726	-28046	-28477	
-28337	-25111	-31387	
-27894	-27168	-30027	
-28095	-26203	-30706	
-28435	-24635	-31555	
-27727	-27915	-28666	
-27956	-26607	-30451	
-27971	-26643	-30406	
-27886	-27293	-29854	
-27714	-28067	-28387	
-27843	-27693	-29598	
-27955	-27277	-29752	
-27871	-27016	-30097	
-27708	-27909	-28755	
-28374	-23641	-31750	
-27908	-27185	-29943	
-27885	-27315	-29683	
-27854	-27349	-29704	
-27944	-26562	-30560	
-27929	-26611	-30583	
-28043	-26255	-30727	
-27918	-26776	-30478	
-28031	-26283	-30837	
-27694	-28008	-28595	
-27916	-27091	-29994	
-27692	-27967	-28683	
-27866	-27156	-30126	
-27955	-26965	-30170	
-27981	-26421	-30602	
-27698	-28114	-28340	
-27975	-26427	-30700	
-27846	-27365	-29832	
-28133	-25649	-31059	
-27787	-27826	-29453	
-27696	-28143	-28167	
-28423	-24677	-31679	
-27690	-28130	-28468	
-28127	-25655	-31157	
-27712	-28015	-28500	
-27881	-27244	-29876	
-27692	-27933	-28696	
-28108	-25677	-31073	
-27587	-28280	-28167	
-28326	-24249	-31756	
-27668	-27957	-28867	
-28248	-25240	-31484	
-27839	-27400	-29618	
-27679	-28138	-28209	
-27514	-28284	-28256	
-28106	-25740	-31099	
-27823	-27425	-29717	
-28014	-26315	-30758	
-27874	-27188	-29942	
-27632	-28257	-28097	
-27414	-28524	-27104	
-27857	-27218	-29938	
-27660	-28043	-28701	
-27512	-28353	-27918	
-27916	-26902	-30442	
-27918	-26919	-30227	
-27636	-28170	-28277	
-27682	-27977	-28694	
-27749	-27854	-29016	
-27831	-27758	-29106	
-28156	-25570	-31227	
-28004	-26342	-30770	
-28241	-25378	-31281	
-27821	-27464	-29666	
-27611	-28270	-27878	
-27906	-26818	-30602	
-27833	-27315	-29996	
-28183	-25511	-31294	
-27854	-27068	-30210	
-27835	-27189	-30032	
-27910	-26935	-30355	
-28070	-25933	-31115	
-27652	-28116	-28937	
-28266	-24935	-31505	
-27678	-27864	-28949	
-27588	-28223	-28400	
-28168	-25477	-31332	
-28260	-23924	-31876	
-27606	-28142	-28298	
-27781	-27439	-29843	
-28228	-24725	-31588	
-27672	-27870	-29047	
-27832	-27701	-29339	
-27960	-26479	-30729	
-28058	-25865	-31116	
-28106	-25598	-31267	
-28281	-25035	-31462	
-27856	-26956	-30367	
-28050	-25665	-31234	
-28260	-24099	-31800	
-27783	-27720	-29708	
-28048	-25704	-31183	
-28015	-26177	-30875	
-27328	-28611	-27343	
-28050	-25973	-31079	
-27934	-26204	-30907	
-28222	-25161	-31572	
-27953	-26452	-30752	
-28093	-25607	-31158	
-27928	-26291	-30898	
-27850	-26962	-30465	
-27714	-27830	-29542	
-27331	-28520	-27459	
-27926	-26325	-30795	
-27837	-27031	-30279	
-27638	-27943	-28997	
-27392	-28423	-28057	
-28026	-25769	-31120	
-27493	-28293	-28463	
-27821	-27087	-30214	
-28018	-25785	-31248	
-27824	-27159	-30054	
-27774	-27328	-29864	
-27801	-27219	-30000	
-28168	-25411	-31337	
-27793	-27235	-30128	
-27891	-26401	-30811	
-28023	-26018	-30998	
-27863	-26629	-30779	
-27626	-27838	-29085	
-27491	-28319	-28210	
-28116	-25309	-31416	
-27901	-26304	-30885	
-27467	-28376	-27988	
-27737	-27368	-29983	
-27379	-28429	-28326	
-27772	-27121	-30369	
-27619	-27861	-29050	
-27754	-27316	-29870	
-27994	-26117	-30942	
-27612	-27903	-29748	
-27576	-28152	-28475	
-28010	-25975	-31011	
-27720	-27450	-29732	
-27982	-26127	-30927	
-28008	-26074	-31099	
-27378	-28443	-27513	
-27614	-27874	-28998	
-28312	-24392	-31689	
-27559	-28261	-28186	
-27981	-26133	-31032	
-27370	-28459	-27641	
-27716	-27459	-29774	
-27922	-26154	-31037	
-27809	-26982	-30302	
-27621	-28130	-28471	
-27887	-26483	-30818	
-27527	-28258	-28357	
-27561	-28157	-28581	
-28286	-24544	-31747	
-28010	-25960	-31225	
-27676	-27754	-29765	
-27733	-27262	-30238	
-27868	-26318	-31008	
-27751	-27163	-30143	
-28100	-25469	-31361	
-27474	-28352	-27984	
-27920	-26280	-31001	
-27406	-28395	-28222	
-27574	-28181	-28411	
-28022	-25700	-31196	
-27735	-27416	-29969	
-27573	-28211	-28420	
-27856	-26360	-31132	
-27167	-28683	-26715	
-27894	-26539	-30752	
-27822	-26645	-30640	
-27565	-27904	-29104	
-27553	-27934	-29009	
-27560	-28161	-28584	
-28104	-25560	-31320	
-27688	-27266	-30078	
-27988	-26094	-31014	
-27708	-27443	-29932	
-27542	-28166	-28537	
-27551	-27916	-29109	
-27674	-27330	-30151	
-27346	-28464	-27933	
-27660	-27477	-29842	
-27816	-26698	-30656	
-27598	-27946	-28992	
-28093	-25396	-31643	
-27514	-28208	-28521	
-28172	-24914	-31617	
-27570	-27971	-28940	
-27325	-28469	-27528	
-27466	-28368	-28112	
-27803	-26826	-30663	
-27545	-28007	-29245	
-27837	-26453	-30868	
-25400	-29760	-26835	
-28226	-24364	-31806	
-27747	-26959	-30518	
-27310	-28486	-27751	
-27996	-25643	-31331	
-28008	-25588	-31589	
-28220	-24219	-31867	
-27506	-28224	-28649	
-27625	-27553	-29858	
-27316	-28540	-27418	
-27753	-26991	-30376	
-27297	-28555	-27565	
-28080	-25519	-31355	
-27969	-25649	-31282	
-27745	-27007	-30504	
-27664	-27372	-30072	
-27802	-26658	-30726	
-27270	-28630	-27214	
-27960	-25713	-31270	
-28125	-24997	-31618	
-27932	-26119	-31129	
-28112	-24941	-31727	
-28020	-25546	-31465	
-27495	-28232	-28390	
-27955	-26054	-31120	
-27826	-26531	-30781	
-27810	-26499	-30849	
-27483	-28136	-28880	
-27612	-27496	-29919	
-27833	-26362	-30909	
-27743	-26853	-30773	
-27726	-27206	-30304	
-27779	-26395	-30979	
-27783	-26558	-30782	
-28166	-24391	-31916	
-27723	-26528	-30834	
-27267	-28496	-28532	
-27958	-25812	-31358	
-27627	-27381	-30091	
-27677	-27014	-30573	
-27439	-28316	-28236	
-27521	-28024	-28949	
-27622	-27069	-30453	
-27197	-28634	-27303	
-27743	-26868	-30559	
-28198	-24630	-31729	
-27619	-27397	-30219	
-27736	-26456	-30953	
-27479	-28258	-28753	
-25337	-29852	-27051	
-27504	-28031	-28963	
-27256	-28504	-28273	
-27421	-28303	-28402	
-27908	-26068	-31183	
-27567	-27435	-30016	
-27719	-26565	-30838	
-27269	-28602	-27383	
-27684	-26889	-30564	
-27489	-28083	-28992	
-27573	-27402	-30103	
-27249	-28513	-27599	
-27603	-27630	-29891	
-27563	-27530	-30074	
-27487	-28242	-28625	
-27717	-26664	-30926	
-27261	-28618	-27511	
-28182	-24501	-31764	
-27475	-28016	-29006	
-27956	-25938	-31322	
-27660	-27266	-30327	
-27235	-28604	-28115	
-27275	-28480	-28404	
-27463	-28034	-29090	
-28152	-24646	-31736	
-27710	-27739	-29583	
-27575	-27095	-30388	
-27670	-26872	-30648	
-27611	-27234	-30348	
-27459	-27928	-29345	
-27565	-27418	-30231	
-27447	-28162	-28757	
-27558	-27104	-30644	
-27433	-28142	-28930	
-27426	-28128	-29049	
-27376	-28408	-28452	
-27665	-27012	-30677	
-28093	-24530	-31779	
-27426	-28181	-28776	
-27931	-25623	-31436	
-27866	-25994	-31200	
-27440	-28259	-28469	
-27553	-27172	-30421	
-27566	-27053	-30522	
-27419	-28285	-28863	
-27848	-26095	-31293	
-27423	-28158	-28801	
-27410	-27958	-29298	
-27395	-28048	-29235	
-27530	-27549	-30078	
-27887	-25717	-31359	
-27866	-25677	-31392	
-28053	-24802	-31883	
-27601	-27334	-30240	
-27719	-26422	-31089	
-28059	-24425	-31973	
-27833	-26151	-31394	
-27658	-26682	-30834	
-27542	-27639	-29802	
-27180	-28621	-27634	
-27695	-26549	-31034	
-27162	-28634	-27578	
-27503	-27584	-29999	
-27517	-27710	-29829	
-27559	-27424	-30329	
-27370	-28314	-28631	
-27597	-26791	-30835	
-27381	-28116	-29066	
-27552	-27368	-30395	
-27370	-27942	-29566	
-27410	-27904	-29386	
-27534	-27111	-30450	
-27401	-27912	-29395	
-27856	-25805	-31388	
-27369	-27999	-29333	
-27125	-28654	-27715	
-27546	-27493	-30143	
-27366	-28155	-29159	
-27512	-27288	-30527	
-27387	-28189	-28867	
-27826	-26289	-31191	
-27372	-28149	-29061	
-28043	-25149	-31688	
-27851	-25846	-31415	
-27482	-27642	-30126	
-27489	-27660	-29882	
-27331	-28347	-28549	
-27366	-28208	-28886	
-27380	-28133	-28933	
-27642	-26860	-30747	
-28105	-24255	-31959	
-27397	-27908	-29462	
-27624	-26872	-30681	
-27520	-27272	-30399	
-27352	-27962	-29402	
-27596	-26945	-30682	
-27120	-28668	-27461	
-27569	-26939	-30749	
-27362	-28242	-28979	
-27639	-26682	-30889	
-27802	-25858	-31507	
-27635	-26576	-31144	
-27367	-28047	-29319	
-27823	-25609	-31448	
-27585	-26686	-30923	
-27437	-27685	-29953	
-27577	-26780	-30872	
-27518	-27444	-30166	
-27331	-28089	-29216	
-27349	-27966	-29399	
-27420	-27730	-29810	
-27110	-28684	-27332	
-27319	-28019	-29357	
-27635	-26591	-30930	
-27490	-27534	-30163	
-27565	-26822	-30996	
-27271	-28374	-28659	
-27617	-26599	-30985	
-27457	-27553	-30167	
-27297	-28318	-28720	
-27452	-27458	-30386	
-27970	-25153	-31777	
-27338	-28299	-28757	
-27646	-26426	-31178	
-27813	-26171	-31309	
-27307	-28074	-29429	
-27429	-27701	-30081	
-26052	-22729	-33047	
-27410	-27744	-29886	
-27339	-28242	-28990	
-27740	-26175	-31398	
-27511	-27120	-30590	
-27321	-28094	-29256	
-27674	-26250	-31207	
-27555	-26888	-30783	
-27327	-28171	-29065	
-27291	-27943	-29440	
-27373	-27834	-29936	
-27428	-27707	-30186	
-27275	-27978	-29433	
-27663	-26346	-31164	
-27530	-27005	-30705	
-27274	-27995	-29553	
-27453	-27126	-30529	
-27550	-26839	-30805	
-27452	-27315	-30637	
-27070	-28730	-27803	
-27661	-26194	-31316	
-27969	-25174	-31714	
-27312	-28176	-29171	
-27325	-28200	-29001	
-27509	-26966	-30859	
-27515	-26960	-30761	
-27388	-27607	-30369	
-27496	-27035	-30673	
-27311	-28180	-29174	
-27633	-26275	-31223	
-27294	-28143	-29243	
-27900	-25382	-31675	
-27120	-28648	-27744	
-27267	-28238	-29199	
-27263	-28346	-28826	
-27314	-27917	-29615	
-27440	-27076	-30693	
-27257	-28243	-29239	
-27455	-26987	-30871	
-27246	-28251	-28980	
-27609	-26227	-31397	
-27265	-28303	-28846	
-27548	-26605	-31129	
-27099	-28634	-27753	
-28051	-24441	-32101	
-27207	-28523	-28642	
-27757	-25789	-31595	
-27079	-28630	-27933	
-27288	-28111	-29385	
-27787	-25995	-31398	
-27592	-26402	-31277	
-27217	-28387	-28702	
-27456	-27421	-30382	
-27244	-28312	-29053	
-27896	-25178	-31803	
-27783	-25904	-31439	
-27302	-27935	-29699	
-27440	-27009	-30747	
-27272	-28043	-29539	
-27383	-27425	-30471	
-27816	-25415	-31651	
-27542	-26613	-31258	
-27606	-26268	-31243	
-27423	-27039	-30762	
-27535	-26751	-31055	
-27815	-25574	-31621	
-27991	-24483	-31997	
-27432	-27184	-30656	
-27854	-25196	-31687	
-27269	-27946	-29575	
-27222	-28350	-28700	
-27106	-28527	-28884	
-27369	-27728	-30191	
-27502	-26910	-30925	
-27266	-27976	-29628	
-26838	-28927	-26507	
-27775	-25917	-31440	
-27346	-27893	-29869	
-27100	-28557	-28699	
-27827	-25386	-31764	
-27407	-27095	-30697	
-27286	-28112	-29286	
-27255	-28133	-29287	
-27954	-24569	-31980	
-27717	-26050	-31453	
-27385	-27054	-30703	
-27849	-24826	-31994	
-27379	-27319	-30726	
-27214	-28366	-28828	
-27259	-28189	-29216	
-27262	-27762	-30248	
-27612	-26456	-31146	
-27554	-26560	-31192	
-27846	-24931	-31848	
-27412	-26995	-30770	
-27213	-28116	-29375	
-27065	-28681	-27825	
-27190	-28151	-29329	
-27259	-27993	-29703	
-27783	-25541	-31639	
-27259	-28046	-29467	
-27204	-28337	-28866	
-27404	-27011	-30898	
-27211	-28127	-29416	
-27358	-27129	-30852	
-27062	-28746	-27931	
-27258	-28050	-29470	
-27214	-28068	-29471	
-27710	-25908	-31528	
-27909	-24799	-31884	
-27379	-27334	-30512	
-27582	-26286	-31330	
-27066	-28624	-28058	
-27195	-28391	-28926	
-27885	-24605	-32001	
-27201	-28370	-29057	
-27201	-27999	-29642	
-27254	-27944	-29725	
-27492	-26826	-31085	
-27090	-28580	-28235	
-27155	-28027	-29765	
-27159	-28442	-28916	
-27177	-28162	-29522	
-27208	-27900	-29942	
-27550	-26405	-31205	
-27345	-27349	-30694	
-27204	-27783	-30189	
-27748	-25528	-31759	
-27204	-28071	-29482	
-27860	-24788	-31915	
-27236	-27924	-29914	
-27200	-28108	-29486	
-27215	-28309	-29061	
-27177	-28200	-29366	
-27462	-26830	-31057	
-27059	-28758	-27499	
-27301	-27478	-30630	
-27436	-26970	-30948	
-27155	-28336	-29171	
-27630	-25923	-31522	
-27820	-25083	-31906	
-27030	-28650	-27935	
-27016	-28630	-28108	
-27742	-25578	-31710	
-27614	-26058	-31514	
-27198	-27911	-30231	
-27490	-26682	-31143	
-27560	-26308	-31279	
-27708	-25823	-31750	
-27150	-28134	-29547	
-27487	-26312	-31368	
-27640	-26137	-31426	
-27200	-27965	-29737	
-27320	-27696	-30212	
-27058	-28596	-28225	
-27105	-28050	-29641	
-27049	-28768	-27510	
-27012	-28637	-28101	
-27164	-28150	-29530	
-27407	-26906	-31145	
-27512	-26333	-31278	
-27481	-26421	-31307	
-27002	-28773	-28041	
-27281	-27498	-30677	
-27040	-28573	-28330	
-27004	-28791	-27580	
-27506	-26235	-31458	
-27348	-27144	-30753	
-27151	-27941	-29778	
-27492	-26271	-31341	
-27009	-28616	-28227	
-27026	-28768	-27521	
-27150	-28277	-29296	
-27213	-27846	-29924	
-27083	-28127	-29765	
-27148	-27927	-30052	
-27294	-27148	-30787	
-27267	-27566	-30508	
-27595	-25924	-31663	
-27147	-27978	-29782	
-27567	-26141	-31515	
-27272	-27353	-30783	
-27123	-28449	-28918	
-27127	-28012	-29994	
-27751	-25302	-31826	
-27441	-26716	-31298	
-27247	-27700	-30301	
-26994	-28620	-28267	
-27496	-26457	-31262	
-27423	-26461	-31351	
-27344	-27038	-31008	
-27117	-28227	-29476	
-27449	-26637	-31262	
-27777	-25139	-31809	
-26989	-28608	-28836	
-26970	-28677	-28045	
-27094	-28034	-29896	
-26986	-28623	-28705	
-26949	-28643	-28337	
-26955	-28637	-28239	
-27277	-27044	-30918	
-27485	-26293	-31585	
-26945	-28730	-28157	
-27263	-27133	-30909	
-27554	-26085	-31624	
-27154	-28393	-28938	
-27233	-27257	-30788	
-27230	-27155	-30811	
-27147	-27662	-30329	
-27151	-28423	-28991	
-27121	-28333	-29221	
-27747	-25087	-31995	
-27110	-28231	-29307	
-27712	-25260	-31850	
-27194	-27570	-30597	
-27419	-26370	-31392	
-27204	-27411	-30807	
-27102	-28247	-29435	
-27162	-27588	-30393	
-27652	-25339	-31777	
-27201	-27254	-30844	
-26909	-28787	-27800	
-27102	-27615	-30503	
-27048	-28337	-29310	
-27048	-28370	-29228	
-26950	-28846	-27579	
-27770	-24929	-32021	
-27880	-24556	-32023	
-27088	-27924	-30339	
-27127	-28427	-29042	
-27074	-28297	-29338	
-27122	-27597	-30490	
-27110	-28171	-29542	
-27637	-25391	-31806	
-27074	-27666	-30418	
-27083	-28262	-29582	
-27094	-28261	-29365	
-27644	-25336	-31883	
-27263	-27022	-31056	
-26941	-28677	-28177	
-27102	-28018	-29768	
-27237	-27072	-31065	
-27402	-26857	-31167	
-26891	-28811	-27934	
-27368	-26720	-31387	
-26910	-28659	-28243	
-27101	-27791	-30250	
-27708	-25195	-31914	
-27382	-26405	-31514	
-27199	-27144	-31007	
-27412	-26297	-31674	
-27605	-25445	-31778	
-27043	-28168	-29604	
-27029	-28414	-29161	
-27159	-27289	-30879	
-27208	-27502	-30766	
-27073	-28035	-29767	
-27236	-27081	-30989	
-27822	-24637	-32072	
-27057	-28041	-29838	
-27381	-26770	-31223	
-27029	-28148	-29777	
-27217	-27108	-31038	
-26984	-28519	-29211	
-26908	-28688	-28179	
-26895	-28664	-28349	
-27539	-25846	-31762	
-26974	-28312	-29523	
-26989	-28227	-29825	
-27538	-25657	-31830	
-26894	-28668	-28352	
-27041	-27818	-30360	
-27251	-27020	-31160	
-26869	-28704	-28657	
-26846	-28834	-28004	
-27128	-27258	-30933	
-27689	-25268	-31836	
-26877	-28631	-28421	
-27806	-24719	-32082	
-27645	-25283	-31843	
-27015	-28216	-29608	
-27636	-25352	-32011	
-27068	-27650	-30609	
-26977	-27961	-30306	
-26998	-27711	-30448	
-27547	-25384	-31816	
-27360	-26828	-31350	
-27039	-28538	-28737	
-26962	-28086	-29904	
-27272	-26413	-31410	
-26973	-28369	-29290	
-27261	-26513	-31439	
-26999	-28418	-29192	
-26976	-28018	-30073	
-26814	-28953	-27573	
-27787	-24792	-32004	
-26966	-28328	-29651	
-27018	-27666	-30430	
-26808	-28859	-27752	
-26846	-28785	-28083	
-25819	-23010	-33070	
-27452	-26002	-31683	
-26882	-28118	-30133	
-26713	-29000	-26982	
-26850	-28726	-28377	
-27145	-27432	-30812	
-27490	-25474	-31845	
-27329	-26861	-31256	
-27126	-27148	-31096	
-26981	-27815	-30647	
-27098	-27296	-31010	
-27455	-25863	-31707	
-26965	-28385	-29418	
-27021	-27520	-30656	
-27728	-24702	-32107	
-27079	-27339	-30815	
-26840	-28731	-28417	
-26829	-28739	-28158	
-27042	-27429	-30865	
-27237	-26912	-31165	
-27699	-24394	-32206	
-27479	-25518	-31986	
-27001	-27556	-30629	
-27228	-26868	-31230	
-26827	-28800	-28231	
-26946	-28410	-29516	
-27164	-26916	-31254	
-27682	-24901	-32030	
-26791	-28592	-28920	
-27250	-26524	-31467	
-26699	-28980	-27155	
-26800	-28875	-27880	
-27144	-27112	-31127	
-27431	-26023	-31706	
-27106	-27280	-30882	
-26969	-28263	-29545	
-27237	-26585	-31484	
-26917	-27964	-30630	
-26974	-27615	-30852	
-27445	-25699	-31825	
-27639	-24794	-32118	
-27201	-26927	-31163	
-26849	-28312	-29877	
-27038	-27323	-31120	
-27679	-24499	-32127	
-26689	-28990	-27166	
-27136	-27048	-31204	
-27357	-26339	-31539	
-26910	-28461	-29506	
-26740	-28627	-29426	
-26653	-29027	-27092	
-26789	-28883	-27621	
-27395	-25890	-31817	
-27442	-25813	-31871	
-26692	-28966	-27274	
-26784	-28858	-28235	
-26774	-28766	-28237	
-27090	-27232	-31087	
-26756	-28753	-28403	
-26906	-28355	-29761	
-27038	-27466	-30869	
-27456	-25549	-31859	
-27608	-25064	-32089	
-26755	-28892	-28150	
-26931	-27357	-31177	
-27175	-26706	-31419	
-27296	-26340	-31584	
-27212	-26411	-31534	
-27362	-26050	-31719	
-26816	-28149	-29894	
-26859	-27966	-30203	
-26805	-28612	-28747	
-26650	-29047	-27186	
-27190	-26551	-31577	
-26760	-28635	-28817	
-26856	-28069	-30231	
-27669	-24586	-32150	
-26740	-28902	-27990	
-27147	-26883	-31309	
-26787	-28825	-28044	
-26798	-28250	-30072	
-26632	-28993	-27384	
-27093	-26977	-31215	
-27361	-25925	-31923	
-27015	-27488	-30798	
-26918	-27419	-30941	
-26760	-28650	-28700	
-27195	-26347	-31635	
-26733	-28765	-28474	
-27077	-27182	-31251	
-26726	-28930	-27825	
-26535	-29149	-26472	
-27155	-26724	-31432	
-27291	-25980	-31740	
-26639	-29055	-26927	
-27288	-26075	-31745	
-26745	-28639	-28857	
-27128	-26783	-31365	
-27141	-26896	-31266	
-27647	-24686	-32155	
-26719	-28662	-28663	
-26705	-28783	-28320	
-27149	-26686	-31537	
-26706	-28716	-28594	
-26700	-28662	-28927	
-26980	-27487	-30810	
-26906	-27704	-30695	
-27053	-27272	-31206	
-27433	-25627	-31894	
-26984	-26907	-31472	
-27242	-26131	-31754	
-26872	-28308	-29777	
-26590	-29094	-27013	
-26597	-28987	-28037	
-27121	-26759	-31538	
-27613	-24573	-32374	
-26973	-27021	-31265	
-26696	-28749	-28747	
-27091	-26867	-31378	
-26589	-29003	-28165	
-26905	-28412	-29528	
-26752	-28026	-30248	
-26913	-27510	-30871	
-27554	-25073	-32027	
-26970	-26975	-31303	
-26867	-27506	-31160	
-26902	-28442	-29581	
-26660	-28806	-28390	
-27545	-25230	-32085	
-27116	-26395	-31635	
-27094	-26818	-31471	
-26742	-28032	-30272	
-26706	-28937	-28096	
-27188	-25980	-31850	
-27241	-26290	-31724	
-26873	-27378	-31118	
-27407	-25548	-31982	
-26837	-27720	-30797	
-26585	-29005	-27388	
-26569	-29060	-27305	
-27585	-24935	-32094	
-26682	-28059	-30382	
-27391	-25630	-31992	
-27533	-24924	-32195	
-27555	-24754	-32215	
-26692	-28696	-28767	
-27372	-25703	-31914	
-26799	-28389	-29818	
-27083	-26585	-31634	
-26657	-28785	-28516	
-27168	-26294	-31813	
-26930	-27029	-31340	
-26779	-28097	-30151	
-26646	-28727	-29486	
-26642	-28830	-28524	
-26583	-29080	-27132	
-26725	-28922	-27949	
-27133	-26313	-31645	
-26678	-28146	-30202	
-26686	-28165	-30127	
-26853	-27574	-30991	
-27101	-26332	-31660	
-26544	-29007	-27400	
-25694	-23340	-33072	
-26529	-29030	-28275	
-26741	-28035	-30248	
-26885	-27133	-31271	
-26529	-29101	-27144	
-26597	-28853	-28594	
-26752	-27722	-30694	
-27443	-25338	-32043	
-26722	-28114	-30137	
-27067	-26429	-31790	
-26740	-27740	-30778	
-26681	-28116	-30149	
-26798	-28446	-29585	
-26735	-28538	-29801	
-26900	-27025	-31354	
-27514	-24997	-32117	
-26623	-28327	-30367	
-25635	-23373	-33098	
-26639	-28834	-28355	
-26661	-28071	-30325	
-26728	-27761	-30742	
-26870	-27038	-31325	
-26612	-28902	-28339	
-27391	-25361	-32012	
-26897	-26979	-31392	
-26863	-27052	-31401	
-26710	-28915	-28220	
-27383	-25365	-32153	
-27310	-25369	-32242	
-27076	-26690	-31626	
-26753	-27665	-30927	
-27310	-25384	-32028	
-26579	-28830	-28699	
-26648	-28012	-30398	
-27500	-25032	-32108	
-26849	-27141	-31392	
-27286	-25504	-32018	
-26658	-27822	-30754	
-27272	-25647	-31951	
-26796	-27607	-30923	
-26496	-29141	-27346	
-26625	-28016	-30498	
-27488	-25108	-32139	
-27254	-25692	-31949	
-27139	-25984	-31937	
-26523	-29107	-27242	
-27100	-26092	-31856	
-27390	-25237	-32195	
-27495	-24983	-32130	
-27027	-26724	-31781	
-26478	-29118	-27451	
-27040	-26774	-31617	
-26482	-29185	-26407	
-26824	-27222	-31208	
-26797	-27242	-31214	
-26601	-28745	-28967	
-26532	-28418	-29999	
-26980	-26801	-31727	
-26787	-27262	-31327	
-27250	-25714	-31957	
-26733	-27670	-30812	
-26823	-26920	-31648	
-27709	-23981	-32353	
-26816	-27163	-31294	
-26557	-28800	-28701	
-26632	-27773	-30852	
-26552	-28751	-28723	
-27264	-25410	-32037	
-26575	-27950	-30690	
-27246	-25799	-32009	
-26549	-28816	-28829	
-26795	-27052	-31598	
-26946	-26836	-31833	
-26579	-28056	-30435	
-27228	-25603	-32053	
-27422	-24987	-32219	
-26474	-29056	-27525	
-26556	-28857	-28468	
-26698	-27455	-31413	
-27540	-24577	-32463	
-27376	-23410	-32496	
-27462	-24692	-32228	
-27653	-24278	-32383	
-26548	-28873	-28596	
-27242	-25386	-32059	
-26557	-27594	-30997	
-26845	-27510	-31068	
-26848	-26877	-31487	
-27098	-26159	-31819	
-26772	-27514	-31157	
-26575	-27558	-31028	
-27031	-26161	-31881	
-26571	-28037	-30510	
-26551	-27885	-30904	
-26575	-28093	-30439	
-26425	-29123	-27555	
-27173	-25803	-32098	
-26533	-27684	-30952	
-27170	-25846	-32004	
-26825	-26857	-31499	
-27436	-24844	-32286	
-26542	-28009	-30534	
-26574	-27954	-30693	
-26592	-28938	-28059	
-26489	-28843	-28939	
-26422	-29064	-28332	
-26535	-28877	-28825	
-24858	-29972	-26414	
-26544	-28991	-28182	
-27213	-25508	-32107	
-26493	-28949	-28684	
-26493	-28066	-30745	
-26956	-26292	-31837	
-26529	-27598	-30965	
-26550	-27545	-31125	
-26525	-27664	-31160	
-26433	-29141	-27521	
-26428	-28541	-29664	
-27027	-26096	-31945	
-26417	-28634	-29533	
-26511	-28242	-30422	
-26785	-27152	-31490	
-26737	-27233	-31439	
-27198	-25616	-32024	
-26468	-28728	-29000	
-27115	-25984	-31939	
-26538	-28844	-28634	
-26453	-28781	-29036	
-26500	-28452	-29808	
-27083	-25875	-31989	
-27181	-25696	-32038	
-26422	-28431	-30107	
-27294	-23158	-32532	
-26516	-28331	-30047	
-26404	-28133	-30730	
-26942	-26176	-32005	
-26416	-28577	-29577	
-26467	-27845	-31001	
-26475	-28346	-30139	
-26897	-26263	-31870	
-26541	-27903	-30706	
-26336	-28481	-29977	
-27010	-25879	-32078	
-27005	-25901	-32002	
-26427	-28256	-30437	
-26444	-28738	-29075	
-26518	-27907	-30806	
-26447	-29161	-27348	
-26397	-29112	-27628	
-26341	-28570	-29602	
-26975	-26148	-32105	
-27177	-25718	-32046	
-26554	-27962	-30633	
-26997	-26100	-31917	
-27340	-24910	-32227	
-26436	-28754	-29203	
-26296	-28593	-29672	
-27323	-25070	-32259	
-26609	-27487	-31218	
-27155	-25607	-32142	
-26388	-29100	-27925	
-26882	-26265	-31962	
-26886	-26180	-31910	
-26879	-26308	-31868	
-26432	-28800	-29055	
-27289	-24744	-32336	
-26472	-28987	-28391	
-26390	-28201	-30561	
-26467	-27673	-31061	
-26579	-27500	-31189	
-27089	-25830	-32052	
-26310	-28525	-29841	
-26428	-28768	-29133	
-26468	-27984	-30747	
-26871	-26415	-31928	
-26278	-28662	-29818	
-26399	-28031	-30988	
-26424	-27701	-31011	
-27273	-23368	-32513	
-26521	-27599	-31224	
-27019	-25831	-32106	
-26411	-27689	-31019	
-26363	-28331	-30218	
-26299	-28480	-30201	
-26408	-28804	-29106	
-26722	-27056	-31687	
-26360	-27707	-31118	
-27347	-24563	-32495	
-26305	-28512	-30059	
-26676	-27240	-31570	
-26525	-27492	-31220	
-26382	-28877	-28996	
-26524	-27496	-31223	
-26381	-28738	-29250	
-26982	-25881	-32014	
-26684	-27224	-31442	
-27146	-25398	-32169	
-26340	-27743	-31091	
-26483	-27463	-31403	
-26488	-28900	-28706	
-26377	-28758	-29279	
-27294	-24892	-32263	
-26311	-28468	-30074	
-26443	-27608	-31275	
-26457	-28956	-28686	
-26256	-28812	-29237	
-26485	-28930	-28759	
-27079	-25421	-32230	
-27267	-24914	-32316	
-25478	-23445	-33150	
-26387	-29188	-27458	
-26287	-28857	-28998	
-26328	-29127	-28035	
-26323	-29115	-28604	
-26340	-29135	-27563	
-27065	-25510	-32221	
-26330	-29145	-27574	
-26251	-28471	-30398	
-26857	-26558	-31861	
-27125	-25620	-32113	
-26076	-28554	-29923	
-26296	-27856	-31101	
-27249	-25039	-32327	
-26597	-27243	-31438	
-26242	-28880	-29068	
-26206	-28815	-29545	
-26381	-28934	-28763	
-26431	-27518	-31551	
-26363	-28921	-28929	
-26191	-28203	-30572	
-26181	-28207	-30452	
-27243	-24520	-32512	
-26277	-28719	-29585	
-26143	-28212	-30446	
-27013	-25709	-32131	
-26107	-28245	-30440	
-26315	-28322	-30415	
-26168	-28207	-30672	
-26086	-28229	-30462	
-26374	-29080	-28098	
-26359	-28155	-30734	
-27238	-25189	-32293	
-26062	-28268	-30510	
-26289	-29204	-27772	
-27046	-25583	-32143	
-26421	-27621	-31177	
-27218	-24741	-32347	
-27003	-25631	-32156	
-26798	-26419	-32017	
-26727	-26492	-31865	
-26330	-27666	-31254	
-26306	-27705	-31302	
-26183	-28819	-29645	
-26410	-27630	-31177	
-25987	-28621	-29908	
-26708	-26491	-31908	
-26098	-28907	-29207	
-26075	-28542	-30016	
-26716	-26863	-31773	
-26806	-26312	-31957	
-26471	-27141	-31754	
-27143	-23691	-32519	
-26079	-28361	-30429	
-26352	-29083	-28212	
-27208	-24693	-32367	
-26962	-25593	-32174	
-26187	-28081	-30759	
-27006	-25788	-32119	
-26292	-27922	-31296	
-25947	-28257	-30747	
-26958	-25695	-32149	
-26610	-26881	-31771	
-26104	-28064	-30905	
-26379	-29222	-27298	
-26318	-29026	-28979	
-27170	-24834	-32407	
-26054	-28366	-30439	
-26714	-26791	-31848	
-26654	-26496	-31954	
-26562	-26962	-31720	
-27181	-25225	-32314	
-26633	-26566	-31870	
-26980	-25789	-32130	
-26013	-28289	-30445	
-25946	-28314	-30514	
-26013	-28547	-29952	
-26014	-28490	-30185	
-26930	-25635	-32245	
-26588	-26542	-32066	
-27073	-25402	-32258	
-26008	-28548	-29926	
-25942	-28643	-29912	
-26925	-25821	-32137	
-25905	-28604	-30043	
-26247	-27537	-31345	
-26018	-28666	-29669	
-26922	-25888	-32165	
-25971	-28084	-30800	
-26275	-29184	-27945	
-25982	-28519	-30166	
-26578	-26642	-31958	
-26005	-28076	-30906	
-25986	-28696	-29773	
-25988	-28534	-30049	
-26444	-27150	-31753	
-27165	-25193	-32382	
-26223	-29006	-28981	
-26209	-27625	-31393	
-25917	-28114	-30820	
-25981	-28830	-29234	
-26351	-27237	-31575	
-26288	-29271	-27498	
-27203	-25125	-32309	
-26559	-27029	-31748	
-26280	-27343	-31601	
-25852	-28414	-30574	
-27039	-25289	-32477	
-26772	-26182	-32025	
-25965	-28860	-29292	
-26914	-25824	-32242	
-26087	-28172	-30695	
-25959	-28523	-30266	
-25875	-28410	-30474	
-27038	-25458	-32301	
-25954	-28527	-30053	
-26699	-26186	-32114	
-25893	-28544	-30143	
-26864	-26131	-32116	
-25792	-28146	-30748	
-25744	-28137	-30945	
-26628	-26247	-32075	
-26565	-26700	-32040	
-25954	-28815	-29652	
-25901	-28750	-29702	
-26266	-27276	-31615	
-26932	-25474	-32405	
-26203	-27960	-31058	
-25920	-28882	-29296	
-26072	-28969	-28984	
-25810	-28841	-29334	
-25919	-28969	-29155	
-26819	-25933	-32139	
-26507	-26881	-31881	
-25860	-28627	-30113	
-25855	-28106	-30992	
-26440	-26887	-31791	
-26216	-29175	-27985	
-25876	-28663	-29922	
-25680	-28304	-30605	
-26043	-28394	-30423	
-26392	-26909	-31787	
-26256	-27247	-31832	
-25677	-28143	-30855	
-25841	-28753	-30026	
-26180	-29146	-28092	
-26529	-27042	-31719	
-25478	-28194	-30876	
-26623	-26369	-32211	
-25806	-28907	-29529	
-26551	-26701	-31891	
-26807	-26009	-32170	
-26363	-26958	-31818	
-26267	-29237	-27790	
-26096	-27851	-31366	
-27135	-24697	-32456	
-25655	-28291	-30702	
-26054	-27606	-31435	
-25772	-27986	-31028	
-26176	-29142	-28145	
-25842	-28604	-30218	
-26904	-25533	-32277	
-25622	-28485	-30446	
-26352	-27108	-31784	
-26172	-29162	-28220	
-26108	-27941	-31090	
-26055	-29089	-28630	
-26852	-25825	-32226	
-25577	-28090	-31029	
-26738	-26045	-32191	
-25619	-28324	-30696	
-25470	-27981	-31337	
-26045	-29099	-28641	
-25475	-28502	-30458	
-26402	-26776	-32020	
-27130	-25129	-32398	
-25459	-28220	-30772	
-26032	-29093	-28730	
-26267	-27444	-31552	
-26874	-25655	-32246	
-26153	-27502	-31588	
-25950	-27949	-31165	
-26842	-25607	-32254	
-25901	-28757	-29682	
-25921	-27580	-31647	
-26117	-27273	-31618	
-26676	-26166	-32126	
-26966	-25293	-32566	
-26229	-29231	-27882	
-26225	-29318	-27702	
-25799	-28936	-29254	
-26072	-27266	-31626	
-25802	-27956	-31104	
-26046	-27393	-31896	
-26605	-26405	-32049	
-26113	-29142	-28321	
-25570	-28345	-30631	
-25578	-28816	-29677	
-24846	-27996	-31059	
-25627	-28537	-30235	
-26573	-26593	-31980	
-25367	-28225	-30829	
-26839	-25591	-32262	
-25417	-28683	-30299	
-25805	-27648	-31522	
-26296	-26952	-31841	
-26671	-26117	-32148	
-25568	-28772	-29842	
-26172	-29188	-27998	
-25931	-27609	-31430	
-25333	-28270	-30833	
-26715	-25967	-32201	
-26112	-29209	-28047	
-27079	-24994	-32486	
-26793	-25604	-32277	
-26755	-25745	-32317	
-25465	-28692	-30102	
-26799	-25500	-32342	
-25394	-27781	-31410	
-24956	-28358	-30717	
-26018	-29050	-28761	
-25245	-28573	-30330	
-25861	-29150	-28996	
-26340	-26834	-31965	
-26569	-26615	-31988	
-25788	-28891	-29614	
-25641	-29031	-29224	
-26707	-25994	-32243	
-26271	-26904	-31893	
-25529	-28894	-29733	
-26081	-29164	-28164	
-25973	-29073	-28831	
-26053	-29169	-28431	
-25636	-28911	-29384	
-25582	-28611	-30150	
-26074	-29406	-26841	
-25597	-28978	-29363	
-26224	-27008	-32019	
-26051	-29216	-28178	
-25939	-27403	-31590	
-25719	-27939	-31250	
-25524	-28792	-29991	
-25906	-29045	-28946	
-25387	-27684	-31434	
-26547	-26504	-32084	
-26675	-25755	-32430	
-25637	-28854	-29617	
-26229	-26865	-31918	
-27074	-25116	-32622	
-25959	-29156	-28491	
-26664	-25905	-32396	
-26171	-29250	-27753	
-24777	-27682	-31440	
-25340	-28828	-29738	
-25153	-28833	-29809	
-26036	-29269	-28214	
-26040	-29224	-27919	
-25583	-28935	-29394	
-26197	-27067	-31952	
-26515	-26546	-32155	
-25923	-29207	-28588	
-26064	-29284	-27810	
-26168	-29341	-27637	
-25538	-28958	-29464	
-26052	-29284	-27819	
-26720	-25608	-32366	
-24933	-28714	-30037	
-26018	-29256	-28380	
-25911	-29147	-28688	
-26123	-29280	-27734	
-26332	-26610	-32162	
-26555	-26042	-32239	
-25154	-27594	-31556	
-25900	-27491	-31695	
-25042	-28875	-29823	
-25866	-29169	-28692	
-26159	-27167	-31923	
-24491	-27628	-31577	
-25411	-28979	-29498	
-24743	-28797	-29850	
-25596	-29035	-29130	
-26642	-25971	-32290	
-25577	-28903	-29536	
-25537	-29015	-29231	
-24539	-28846	-29895	
-26464	-26174	-32404	
-25488	-29092	-29221	
-25476	-29032	-29321	
-26699	-25732	-32541	
-25256	-28913	-29549	
-25260	-28942	-29501	
-26233	-26725	-32273	
-25205	-28973	-29624	
-25946	-29203	-28488	
-26111	-29345	-27242	
-26538	-26011	-32345	
-24916	-28758	-30011	
-25928	-29470	-26520	
-26264	-26713	-32028	
-25704	-27420	-31765	
-26522	-26026	-32340	
-26021	-29442	-26776	
-26144	-26757	-32078	
-25204	-29122	-29432	
-24988	-27512	-31678	
-25919	-29360	-28227	
-24373	-27425	-31718	
-26637	-24154	-32768	
-26828	-25431	-32422	
-26060	-26762	-32080	
-26910	-23949	-32655	
-26435	-26295	-32214	
-26059	-26766	-32083	
-26384	-26411	-32252	
-24868	-27540	-31693	
-25978	-26878	-32135	
-26398	-26322	-32261	
-26060	-26934	-32020	
-25861	-29503	-26466	
-26591	-25909	-32485	
-24902	-27495	-31689	
-26715	-25460	-32439	
-25220	-29066	-29247	
-26322	-26532	-32187	
-24828	-29061	-29508	
-25860	-29207	-28763	
-25920	-29211	-28419	
-25831	-27126	-31961	
-25424	-29241	-29204	
-25698	-29217	-28530	
-25279	-27407	-31805	
-25827	-27192	-32156	
-25681	-29218	-28560	
-25956	-26891	-32037	
-25650	-29226	-28404	
-25582	-29198	-28780	
-26837	-23953	-32744	
-25945	-26900	-32037	
-26273	-26430	-32282	
-25484	-29238	-28880	
-25631	-29223	-28440	
-26244	-26515	-32212	
-25643	-27211	-31950	
-25586	-29375	-28387	
-26870	-24244	-32646	
-26358	-26190	-32508	
-25534	-29235	-28572	
-25839	-26883	-32364	
-26300	-26371	-32349	
-25337	-27226	-31964	
-25901	-29337	-28332	
-24693	-27269	-31974	
-25528	-29279	-28557	
-25857	-29440	-27305	
-26797	-24248	-32735	
-26637	-24389	-32688	
-25484	-29245	-28860	
-25806	-29494	-28159	
-25483	-29295	-28647	
-25245	-23726	-33173	
-25520	-29303	-28403	
-25821	-29471	-27284	
-26201	-26408	-32300	
-26629	-25037	-32640	
-25205	-29286	-28664	
-25969	-26486	-32359	
-25161	-29304	-28855	
-26529	-24679	-32726	
-25483	-29302	-28627	
-26094	-26299	-32608	
-25952	-26657	-32391	
-25321	-29305	-28414	
-25117	-26884	-32176	
-25299	-29321	-28421	
-25028	-26936	-32159	
-25221	-29308	-28511	
-24818	-27082	-32223	
-26670	-23524	-32758	
-26773	-25279	-32598	
-25211	-29318	-28522	
-26664	-25320	-32543	
-25641	-29344	-28264	
-26500	-25832	-32725	
-25151	-29260	-29020	
-25040	-29358	-28813	
-24940	-29272	-28942	
-24326	-29285	-29028	
-25524	-29425	-28216	
-26669	-25236	-32615	
-26398	-25895	-32517	
-25785	-29500	-27109	
-25910	-26318	-32402	
-25216	-29420	-28264	
-25889	-26320	-32417	
-25849	-26615	-32408	
-25742	-29591	-26704	
-25759	-29495	-27515	
-24945	-29361	-28567	
-25209	-29463	-28271	
-25040	-29410	-28359	
-24723	-29369	-28496	
-25435	-26359	-32438	
-24556	-29389	-28551	
-25499	-26319	-32424	
-25660	-29599	-27362	
-25306	-26408	-32572	
-26111	-25886	-32546	
-26604	-24234	-32767	
-25100	-26531	-32421	
-25606	-29557	-27635	
-24542	-29457	-28382	
-24094	-29394	-28506	
-25096	-26554	-32636	
-23928	-29470	-28468	
-26336	-24665	-32758	
-24665	-29550	-28337	
-24971	-26741	-32387	
-25734	-29596	-26386	
-25604	-29505	-27748	
-25188	-23826	-33208	
-26296	-24960	-32749	
-25601	-29538	-27939	
-26331	-24439	-32880	
-26263	-24669	-32847	
-24941	-29514	-28206	
-25517	-29630	-26850	
-25429	-29582	-28043	
-26223	-24964	-32838	
-25615	-25861	-32780	
-26025	-25309	-32845	
-25557	-26042	-32621	
-25543	-29557	-27810	
-25279	-26026	-32658	
-25209	-26328	-32663	
-25382	-29583	-27399	
-25449	-29673	-27088	
-25327	-29614	-27522	
-25848	-25580	-32757	
-25273	-25974	-32660	
-25450	-29626	-27078	
-25106	-25938	-32666	
-25264	-29706	-27738	
-24969	-25903	-32766	
-24697	-26349	-32703	
-25342	-29707	-27145	
-25401	-29703	-27068	
-24181	-29581	-28075	
-24892	-29588	-27739	
-24891	-29648	-27963	
-25619	-25776	-32728	
-25655	-25566	-32789	
-26101	-23182	-32953	
-26096	-24744	-32883	
-24692	-26030	-32710	
-26171	-24928	-32847	
-26061	-23477	-32944	
-25573	-25314	-32825	
-25382	-25771	-32902	
-26012	-23024	-33038	
-25913	-24219	-32951	
-26063	-24870	-32871	
-25894	-24060	-32960	
-26030	-24950	-32870	
-25988	-24403	-32915	
-25797	-24860	-32992	
-25868	-23463	-32976	
-25757	-25155	-32983	
-24736	-25813	-32888	
-25468	-25193	-32879	
-25858	-23217	-32989	
-24040	-29681	-27902	
-25827	-23175	-33012	
-25062	-29717	-27327	
-24623	-23200	-33272	
-25711	-23535	-33028	
-24759	-29766	-27058	
-24740	-29729	-27122	
-24685	-29712	-27561	
-24422	-29775	-27212	
-24418	-29738	-27330	
-24099	-29735	-27345	
-23777	-29744	-27553	
-24471	-29776	-27084	
-25654	-23635	-33063	
-24434	-29736	-27115	
-24628	-29711	-27614	
-25111	-25197	-32969	
-25598	-23656	-32995	
-24834	-25324	-32913	
-25595	-23668	-33089	
-25513	-23880	-33035	
-24311	-25330	-32939	
-24047	-25445	-32964	
-25428	-24251	-33105	
-24244	-29985	-26500	
-25314	-24265	-33024	
-25220	-24284	-33008	
-25063	-24356	-33060	
-25050	-24380	-33049	
-25046	-24532	-33005	
-24830	-24637	-33083	
-24349	-29857	-27085	
-25209	-24284	-33126	
-24452	-24766	-33027	
-25511	-23736	-33052	
-25438	-23740	-33141	
-24422	-24829	-33045	
-23438	-30022	-25989	
-24184	-24679	-33069	
-24870	-24342	-33092	
-25461	-23621	-33095	
-23996	-29859	-26640	
-23382	-29872	-26726	
-25249	-23989	-33135	
-24123	-23862	-33149	
-24498	-23246	-33230	
-23852	-23288	-33216	
