-37475	-34332	-28751	
-37430	-34954	-28955	
-37388	-34141	-29221	
-37380	-36311	-29442	
-37376	-36063	-29553	
-37370	-35278	-30093	
-37366	-35444	-30481	
-37297	-35701	-30608	
-37279	-35253	-30951	
-37223	-35602	-31514	
-37442	-34600	-28693	
-37151	-36875	-31561	
-37150	-35915	-31652	
-37121	-34926	-31776	
-37117	-36167	-31920	
-37072	-36653	-31977	
-37071	-36780	-32176	
-37016	-37018	-32214	
-37009	-36059	-32242	
-37005	-36134	-32269	
-36995	-35757	-32471	
-36983	-37270	-32482	
-36959	-35679	-32525	
-36936	-36356	-32706	
-36918	-35924	-32723	
-36916	-36622	-32995	
-37347	-36490	-29793	
-36861	-36860	-33033	
-36830	-37437	-33392	
-37341	-36890	-30466	
-36775	-37675	-33430	
-37246	-37106	-30321	
-36774	-37773	-33432	
-36728	-36761	-33654	
-37208	-37288	-31228	
-36673	-36999	-33692	
-36672	-37097	-33694	
-36664	-36631	-33710	
-36662	-36808	-33790	
-37173	-37403	-30785	
-36650	-36403	-33813	
-36646	-37297	-33934	
-37169	-37454	-29822	
-37162	-37920	-30723	
-36630	-36795	-34153	
-36594	-37864	-34216	
-36558	-36830	-34324	
-36534	-37737	-34357	
-37119	-37949	-30334	
-36503	-37068	-34362	
-36484	-36722	-34494	
-37107	-38158	-30761	
-36445	-36871	-34516	
-36441	-37545	-34629	
-37034	-38192	-31033	
-37000	-38323	-30840	
-36439	-37722	-34709	
-36412	-37327	-34908	
-36987	-38412	-30732	
-36969	-38683	-30743	
-36346	-37350	-34984	
-36306	-37215	-35116	
-36931	-38764	-30446	
-36874	-38899	-30598	
-36267	-37357	-35150	
-36230	-37352	-35233	
-36227	-37403	-35271	
-36800	-39002	-32157	
-36204	-36539	-35378	
-36773	-39061	-30742	
-36158	-38596	-35528	
-36752	-39103	-31141	
-36738	-39245	-31380	
-36103	-38696	-35530	
-36061	-36597	-35589	
-36702	-39328	-32565	
-36059	-36993	-35618	
-36059	-36774	-35669	
-36650	-39433	-32363	
-36003	-38454	-36021	
-36643	-39461	-31235	
-36637	-39470	-31846	
-36634	-39676	-33151	
-36555	-39755	-31842	
-36545	-39787	-31643	
-35913	-38545	-36032	
-35873	-37063	-36037	
-35870	-37831	-36066	
-36539	-39796	-32254	
-36527	-39836	-31246	
-35856	-38255	-36083	
-36511	-39983	-31282	
-35847	-38568	-36108	
-35807	-37086	-36113	
-35805	-38950	-36214	
-35791	-38135	-36583	
-36500	-39993	-31880	
-36490	-40140	-31928	
-36416	-40199	-31137	
-36414	-40291	-32766	
-36407	-40414	-33053	
-35725	-38158	-36659	
-36340	-40531	-31499	
-35578	-37959	-36721	
-36237	-40538	-31832	
-36218	-40669	-32765	
-35520	-37417	-36723	
-35472	-37667	-36733	
-35454	-37440	-36799	
-35452	-37638	-36806	
-35416	-37266	-36837	
-35412	-37387	-36914	
-36212	-40690	-32669	
-36187	-40763	-33256	
-35398	-37338	-36993	
-36161	-40804	-31550	
-36104	-40820	-32287	
-36101	-40884	-32614	
-35343	-38708	-37238	
-36066	-41020	-31405	
-36019	-41232	-32932	
-35142	-37872	-37341	
-35127	-37236	-37391	
-35945	-41237	-32442	
-35943	-41329	-34071	
-35082	-38400	-37444	
-35918	-41394	-33076	
-35016	-37888	-37572	
-35908	-41426	-32877	
-35890	-41475	-32480	
-35861	-41529	-33228	
-34941	-37979	-37639	
-35832	-41692	-33962	
-34885	-38874	-37660	
-34845	-38715	-37732	
-34828	-39170	-37810	
-35751	-41712	-32381	
-35741	-41728	-33974	
-35726	-41775	-33034	
-34749	-38200	-37841	
-35644	-41883	-32982	
-34736	-39512	-37852	
-34704	-38294	-37927	
-34700	-38950	-38023	
-35634	-41915	-32783	
-35630	-42091	-33865	
-34634	-38973	-38099	
-34559	-38529	-38218	
-35497	-42096	-34348	
-35487	-42128	-34149	
-35481	-42197	-32808	
-34403	-39312	-38249	
-35475	-42215	-33770	
-35452	-42219	-33954	
-35424	-42232	-33185	
-34367	-38750	-38420	
-35416	-42379	-33859	
-35398	-42382	-34022	
-35396	-42440	-33507	
-34254	-38801	-38469	
-35371	-42503	-34160	
-34243	-39222	-38524	
-35329	-42512	-34161	
-35311	-42515	-34324	
-35302	-42648	-33310	
-34179	-38907	-38568	
-37351	-36034	-30029	
-34169	-38433	-38613	
-34103	-38456	-38689	
-35277	-42711	-33963	
-35198	-42936	-33700	
-33988	-38002	-38751	
-37264	-35480	-30802	
-33987	-39128	-38770	
-33852	-38745	-38866	
-37245	-35450	-30853	
-37250	-36134	-30729	
-37264	-35843	-30499	
-37235	-36270	-30739	
-37231	-35748	-30744	
-37223	-35618	-31188	
-37221	-35639	-30960	
-37221	-35782	-30745	
-37219	-36480	-31017	
-33777	-38482	-38900	
-35066	-42937	-34098	
-35041	-43000	-34751	
-33733	-38454	-38910	
-37218	-36566	-31132	
-37239	-36214	-30728	
-33726	-38126	-38933	
-37214	-36622	-31143	
-33675	-38785	-38959	
-37229	-36403	-30648	
-37200	-36118	-31475	
-34949	-43002	-33996	
-34938	-43010	-34450	
-34929	-43017	-33727	
-33648	-38390	-39158	
-34909	-43078	-33375	
-37214	-36888	-30555	
-34884	-43141	-34028	
-37181	-36874	-31411	
-34882	-43179	-32797	
-37127	-36431	-31613	
-37167	-36386	-31417	
-34822	-43211	-33677	
-34782	-43227	-33111	
-37094	-36683	-31881	
-34768	-43249	-33927	
-33462	-38076	-39195	
-34748	-43283	-32505	
-33388	-37476	-39203	
-36989	-36604	-32397	
-33382	-38097	-39330	
-34744	-43285	-33519	
-34730	-43286	-32668	
-34723	-43346	-33158	
-37156	-37135	-31263	
-37126	-37112	-31449	
-37152	-37640	-30942	
-37086	-36878	-31779	
-37150	-37817	-31022	
-37079	-36910	-31732	
-34711	-43574	-33568	
-37069	-36944	-31733	
-37123	-37422	-31221	
-37053	-37146	-31721	
-37105	-37179	-31254	
-37101	-37373	-31301	
-37079	-37242	-31325	
-37038	-37314	-31530	
-37113	-37504	-31083	
-37060	-36880	-31783	
-37039	-36921	-31919	
-37083	-37505	-31233	
-37042	-36909	-31778	
-37075	-37729	-31193	
-37038	-37048	-32118	
-37037	-37635	-31865	
-37068	-37641	-31243	
-33284	-39034	-39384	
-37057	-37445	-31297	
-37040	-37510	-31274	
-37057	-37856	-30797	
-37055	-38033	-30877	
-37041	-37926	-31095	
-37034	-37910	-31947	
-33270	-38297	-39397	
-36995	-37061	-32055	
-37036	-38015	-30953	
-36993	-37534	-32175	
-33098	-38720	-39421	
-36916	-36638	-32669	
-36895	-36921	-32518	
-36895	-36819	-32546	
-37020	-37967	-31231	
-36887	-37616	-32549	
-33060	-38303	-39479	
-36883	-36890	-32937	
-36999	-38319	-31635	
-36969	-38401	-31657	
-34610	-43620	-33726	
-36871	-37315	-32680	
-36980	-37561	-32238	
-36957	-38413	-30882	
-33038	-38116	-39484	
-36931	-38482	-31360	
-32983	-37938	-39514	
-36960	-37786	-32443	
-36979	-38148	-31985	
-36860	-36974	-32709	
-36923	-38555	-30924	
-36876	-38720	-31398	
-36939	-38408	-30888	
-36972	-37577	-32016	
-36858	-37151	-32789	
-36876	-38722	-30518	
-34467	-43919	-34087	
-36914	-38639	-31695	
-36853	-37108	-32807	
-32877	-39087	-39562	
-36853	-36908	-32908	
-36838	-37567	-32948	
-36930	-37656	-32469	
-36855	-38764	-32119	
-36838	-37376	-32994	
-36834	-38796	-31040	
-36960	-37802	-32117	
-36819	-38855	-31550	
-36944	-38029	-32216	
-36856	-37824	-32651	
-36807	-38865	-31103	
-32862	-37758	-39576	
-36923	-38273	-31838	
-32837	-39278	-39582	
-36925	-37799	-32276	
-32794	-38350	-39584	
-32794	-38010	-39651	
-36902	-38315	-32237	
-36897	-37924	-32411	
-36875	-37894	-32507	
-36911	-38297	-32158	
-36884	-38364	-31840	
-36719	-38011	-33470	
-36865	-38002	-32298	
-36766	-39058	-32352	
-36824	-38221	-32875	
-36868	-38511	-31876	
-36719	-37347	-33493	
-36849	-37986	-32310	
-36716	-37157	-33499	
-36844	-38304	-32353	
-36713	-36988	-33505	
-36694	-36958	-33556	
-36842	-38162	-32449	
-36859	-38402	-31956	
-36848	-37872	-32526	
-36841	-38260	-32451	
-36783	-37805	-32986	
-32715	-39290	-39690	
-36805	-37644	-32936	
-36672	-37906	-33665	
-36648	-37462	-33717	
-36647	-37317	-33761	
-36795	-38672	-32169	
-36789	-38542	-32391	
-32696	-38947	-39705	
-36769	-38459	-32913	
-36754	-38014	-33311	
-36786	-38498	-32489	
-32649	-38780	-39744	
-36774	-37789	-33106	
-36780	-38574	-32566	
-36659	-37819	-33666	
-36603	-36962	-33985	
-36735	-39060	-32623	
-36721	-39181	-31958	
-36597	-36937	-34044	
-36776	-38525	-32714	
-36786	-38690	-32248	
-36752	-38191	-33391	
-32558	-38032	-39757	
-36773	-38376	-32853	
-36625	-37478	-33811	
-36758	-38976	-32851	
-32546	-37743	-39759	
-32455	-38455	-39772	
-36619	-37631	-33925	
-36539	-37964	-34218	
-36730	-38486	-32944	
-32454	-37803	-39777	
-36714	-38975	-33088	
-32452	-39181	-39805	
-36768	-38573	-32589	
-34261	-43921	-32373	
-36478	-37531	-34387	
-34260	-43976	-33334	
-36468	-37760	-34433	
-36613	-38428	-33931	
-36448	-36820	-34478	
-36615	-38481	-33867	
-36696	-38527	-33431	
-32395	-37851	-39835	
-36637	-38079	-33582	
-36690	-39324	-33437	
-36647	-38049	-33464	
-34236	-43984	-33026	
-32352	-39034	-39863	
-34216	-44090	-32716	
-36696	-38543	-33105	
-32289	-39000	-39883	
-36727	-39020	-32755	
-36568	-38914	-33988	
-32288	-38992	-39906	
-36563	-37955	-34078	
-36592	-38565	-33639	
-36561	-38132	-34158	
-36540	-39715	-33008	
-32205	-38255	-39928	
-36514	-38565	-34279	
-36588	-38648	-33699	
-36454	-38438	-34420	
-32194	-38676	-39983	
-36516	-38388	-34199	
-36171	-37739	-35311	
-36590	-38512	-33703	
-36385	-37494	-34740	
-36498	-39890	-31994	
-34183	-44143	-33586	
-36383	-38058	-34749	
-36161	-37426	-35347	
-36382	-37545	-34778	
-36422	-37855	-34540	
-36423	-37769	-34425	
-36479	-39800	-33056	
-36469	-40053	-32728	
-36332	-38028	-34971	
-36421	-38193	-34554	
-36402	-38254	-34694	
-36490	-39743	-32595	
-36300	-37445	-35091	
-36377	-38855	-34755	
-36359	-38423	-34772	
-36550	-38972	-33577	
-32086	-39009	-39997	
-36535	-39182	-33930	
-34076	-44168	-34512	
-36443	-40128	-32032	
-36292	-37869	-35043	
-32072	-38272	-40010	
-36483	-38656	-34141	
-36245	-37545	-35093	
-36527	-39538	-33488	
-36266	-38051	-35047	
-34055	-44216	-33938	
-36253	-38011	-35077	
-36418	-38196	-34432	
-36414	-38279	-34492	
-36209	-38226	-35153	
-32061	-38693	-40065	
-36481	-38833	-34221	
-36267	-40452	-32631	
-36191	-37794	-35170	
-36388	-38461	-34496	
-36398	-38940	-34290	
-36187	-38058	-35213	
-36263	-40481	-32497	
-36234	-37625	-35092	
-36056	-37044	-35656	
-36520	-39350	-33739	
-36251	-40493	-33043	
-36425	-39169	-34261	
-36445	-39931	-32863	
-36458	-38917	-33993	
-36303	-38759	-34812	
-36426	-39123	-34184	
-36055	-37394	-35595	
-36470	-39673	-33640	
-36479	-39518	-33970	
-36302	-38246	-34841	
-34031	-44265	-33743	
-36423	-39925	-32909	
-36054	-37732	-35609	
-36241	-38218	-34902	
-36464	-39702	-33453	
-36022	-37306	-35654	
-36414	-40009	-33680	
-36447	-39757	-33412	
-36236	-38269	-34917	
-31958	-37656	-40080	
-36226	-38248	-34942	
-36220	-40510	-32108	
-36220	-38279	-35019	
-36219	-40537	-31871	
-36414	-40025	-33354	
-36244	-38364	-34836	
-31874	-37727	-40107	
-36211	-38049	-35073	
-36479	-39534	-33644	
-36221	-38391	-34862	
-36322	-38955	-34757	
-36015	-37874	-35643	
-36205	-38506	-34870	
-36421	-39449	-33978	
-36203	-38473	-35025	
-36365	-39208	-34232	
-36230	-38656	-34817	
-34013	-44268	-33906	
-36348	-39263	-34191	
-36321	-39207	-34469	
-36213	-38850	-34823	
-33957	-44292	-33324	
-36424	-39545	-33821	
-36342	-39292	-34004	
-36059	-40954	-34060	
-36173	-38375	-35151	
-31765	-37896	-40119	
-36337	-39678	-34123	
-36368	-39881	-33861	
-36203	-38537	-34859	
-36371	-40038	-33291	
-36190	-38936	-35016	
-36362	-40130	-33152	
-33939	-44591	-33949	
-31731	-37901	-40134	
-36040	-40969	-32662	
-36312	-39346	-34465	
-36299	-39039	-34529	
-36016	-37880	-35587	
-36165	-38402	-35054	
-36347	-40257	-33271	
-36164	-38615	-35059	
-36252	-40473	-33126	
-36161	-38666	-35097	
-31719	-37979	-40163	
-36270	-39027	-34754	
-36309	-39544	-34272	
-36266	-39291	-34797	
-36329	-40040	-33462	
-36298	-40400	-33365	
-36008	-37960	-35581	
-36214	-39069	-34806	
-36269	-40117	-33458	
-36314	-39762	-33895	
-36294	-39594	-34333	
-36308	-39874	-34016	
-36281	-40030	-33837	
-31664	-37733	-40189	
-36144	-38808	-35197	
-36252	-40226	-33730	
-36289	-39912	-34376	
-36308	-39920	-33832	
-36257	-39446	-34467	
-36179	-39351	-34948	
-36304	-40004	-33796	
-36266	-39307	-34471	
-36215	-39486	-34663	
-36292	-39599	-34231	
-36125	-38864	-35470	
-36135	-39036	-35018	
-36246	-39471	-34412	
-36252	-40272	-33546	
-31607	-38179	-40230	
-36264	-39919	-34069	
-36218	-40403	-33353	
-36244	-40035	-33982	
-36157	-39204	-34958	
-36113	-38899	-35059	
-36205	-39518	-34464	
-36146	-38949	-35005	
-36239	-40315	-33622	
-36111	-39076	-35139	
-36185	-39535	-34587	
-36243	-40089	-33844	
-36175	-39632	-34483	
-36215	-39317	-34717	
-36182	-40316	-33511	
-36178	-40580	-33554	
-36100	-40779	-32780	
-36093	-40802	-33113	
-36192	-40115	-33764	
-36229	-40085	-34043	
-36093	-39076	-35214	
-36167	-39502	-34927	
-36075	-40880	-33218	
-36186	-40249	-33806	
-36105	-39255	-35005	
-36155	-39654	-34688	
-36167	-39704	-34425	
-35999	-38543	-35555	
-36176	-40102	-34063	
-36209	-40019	-34071	
-36192	-40284	-33710	
-36148	-40230	-34064	
-36085	-39103	-35117	
-36204	-39931	-34233	
-35946	-39166	-35621	
-36073	-38969	-35268	
-36183	-39957	-34224	
-36083	-39108	-35015	
-36081	-39367	-35160	
-36154	-39681	-34451	
-36177	-40340	-33642	
-36153	-39732	-34509	
-36181	-39962	-34122	
-35978	-38569	-35546	
-36149	-40031	-34235	
-36145	-40421	-33951	
-36057	-38941	-35499	
-36173	-40338	-33698	
-36150	-39808	-34427	
-35938	-38945	-35731	
-31526	-38152	-40232	
-31447	-36855	-40247	
-36033	-39244	-35239	
-36134	-39770	-34869	
-36101	-39540	-34998	
-36145	-40088	-34067	
-36127	-40606	-33474	
-36124	-40463	-34350	
-36032	-39014	-35241	
-36024	-39209	-35441	
-36147	-39947	-34389	
-36074	-39217	-35179	
-36126	-39872	-34656	
-36090	-40659	-33989	
-36132	-40452	-33735	
-36025	-40964	-33632	
-35932	-38489	-35759	
-36093	-40595	-33662	
-31409	-38330	-40286	
-36088	-40791	-33326	
-36111	-40040	-34465	
-36139	-40253	-33997	
-35910	-38604	-35792	
-36068	-39576	-35070	
-36060	-40660	-33344	
-36111	-39524	-34871	
-36055	-39412	-35179	
-36100	-39916	-34558	
-35968	-39545	-35481	
-35892	-38817	-35912	
-36001	-39293	-35213	
-36097	-40068	-34549	
-35950	-39113	-35498	
-35995	-39405	-35334	
-36046	-39640	-35000	
-36068	-39803	-34664	
-36056	-39865	-34818	
-36000	-39512	-35181	
-36070	-40114	-34641	
-36019	-41063	-32986	
-36096	-40090	-34526	
-35976	-40979	-33457	
-36016	-39858	-34870	
-35991	-39704	-35060	
-36077	-40482	-34469	
-35973	-41104	-33113	
-36023	-40133	-34760	
-35991	-39535	-35114	
-35990	-39903	-34889	
-35814	-38619	-35918	
-35704	-38388	-36260	
-31378	-38124	-40305	
-35843	-39093	-35741	
-35977	-39742	-34916	
-35976	-40067	-35165	
-35991	-41101	-32950	
-35811	-38969	-35745	
-35809	-39167	-35752	
-35972	-41166	-33337	
-35808	-39020	-35783	
-36000	-39887	-34762	
-35680	-38498	-36474	
-35913	-39645	-35483	
-36069	-40261	-34579	
-35889	-39293	-35542	
-35808	-38830	-35849	
-36075	-40561	-34386	
-35948	-39704	-35192	
-35869	-39294	-35611	
-35916	-39616	-35361	
-35837	-39290	-35702	
-31290	-38039	-40330	
-35411	-38214	-36843	
-35973	-40274	-34626	
-35870	-39488	-35542	
-35791	-39162	-35883	
-35959	-40987	-33708	
-35841	-39170	-35621	
-35375	-37919	-36899	
-35966	-40547	-34698	
-36032	-40605	-34075	
-35909	-39761	-35200	
-35901	-39723	-35311	
-36013	-40826	-34241	
-35848	-39320	-35602	
-35446	-37849	-36737	
-35435	-38046	-36758	
-35911	-40236	-35177	
-35845	-39729	-35581	
-35953	-40151	-34937	
-35365	-37961	-36968	
-35623	-38533	-36281	
-35431	-38323	-36788	
-35955	-40228	-34702	
-35776	-39146	-36107	
-35789	-39190	-35727	
-35814	-39856	-35613	
-35621	-39004	-36600	
-35937	-40264	-34791	
-35783	-39621	-35844	
-35788	-39193	-35743	
-35884	-39841	-35376	
-35423	-39500	-36793	
-31245	-36872	-40338	
-35346	-37410	-36990	
-35966	-40582	-34335	
-35936	-40266	-35062	
-35555	-39027	-36676	
-31206	-37833	-40387	
-35926	-40959	-34543	
-35477	-38304	-36692	
-35857	-39908	-35372	
-35920	-40419	-34879	
-35776	-39192	-35923	
-35743	-39414	-36049	
-35833	-40036	-35242	
-35835	-39761	-35382	
-35818	-39864	-35452	
-35721	-39246	-36109	
-35710	-39169	-36183	
-35805	-39979	-35252	
-35802	-40008	-35374	
-35833	-41402	-33768	
-35907	-40462	-34955	
-35369	-37986	-36866	
-35914	-40780	-34752	
-35785	-40052	-35506	
-35655	-39269	-36185	
-35655	-39132	-36200	
-35748	-39894	-35684	
-35797	-39901	-35527	
-35773	-40204	-35267	
-35365	-38346	-36864	
-35793	-40031	-35307	
-35860	-40431	-35043	
-35357	-39523	-36869	
-35345	-38237	-36919	
-35735	-39498	-35923	
-35465	-39118	-36687	
-35586	-39065	-36266	
-35907	-40508	-34771	
-35729	-39626	-35718	
-35728	-39721	-35846	
-35425	-38376	-36689	
-35854	-40948	-34777	
-35850	-40463	-34844	
-35846	-40727	-34887	
-35767	-40059	-35318	
-35804	-40549	-35094	
-35897	-41201	-34252	
-35756	-40453	-35577	
-35677	-39437	-36125	
-35569	-39379	-36286	
-35721	-39571	-35865	
-35779	-40274	-35153	
-35680	-39598	-35925	
-35675	-39491	-36078	
-35556	-39495	-36310	
-35777	-40538	-35112	
-31076	-36707	-40408	
-35702	-39766	-35865	
-35841	-40485	-35031	
-33664	-44629	-34631	
-35660	-39805	-35944	
-35510	-39367	-36491	
-35699	-39917	-35739	
-35609	-39514	-36154	
-35642	-39759	-36020	
-35738	-40021	-35594	
-35363	-38464	-36853	
-35673	-39821	-35875	
-35889	-40980	-34362	
-35731	-39924	-35603	
-35904	-40812	-34553	
-35849	-41271	-34462	
-35673	-39962	-35758	
-35899	-40948	-34561	
-35855	-40910	-34589	
-35686	-40126	-35649	
-35800	-40599	-35068	
-35596	-39702	-36105	
-35638	-39889	-35800	
-31016	-37897	-40450	
-35771	-40817	-35036	
-35567	-39415	-36166	
-35564	-39716	-36200	
-35719	-40075	-35582	
-35672	-39984	-35735	
-35746	-40485	-35378	
-35633	-39940	-35815	
-35653	-40113	-35653	
-35638	-40058	-35746	
-35698	-41743	-33279	
-35613	-40490	-35861	
-35810	-41334	-34554	
-35733	-40500	-35140	
-35701	-40553	-35579	
-35679	-41763	-33138	
-35713	-40732	-35370	
-35637	-41782	-33511	
-35595	-40058	-35878	
-35722	-40915	-35072	
-35591	-40322	-35921	
-35714	-40640	-35105	
-35654	-41764	-33268	
-35618	-40062	-35760	
-35678	-40189	-35619	
-35803	-41143	-34643	
-35620	-40149	-35725	
-35588	-39824	-35975	
-35744	-40806	-35054	
-35136	-38700	-37257	
-33576	-44643	-33567	
-35457	-39202	-36561	
-35586	-40095	-36060	
-35789	-41439	-34487	
-35550	-39574	-36286	
-35124	-38411	-37259	
-35756	-40985	-34845	
-35117	-37896	-37292	
-35490	-39518	-36386	
-35576	-39782	-36096	
-35617	-40084	-35737	
-35734	-40838	-34855	
-35730	-41102	-34898	
-35444	-39390	-36567	
-35536	-39647	-36228	
-33572	-44678	-32724	
-35739	-41040	-34804	
-35490	-39447	-36427	
-35561	-39812	-36136	
-35516	-39648	-36297	
-35727	-40861	-35013	
-35277	-39037	-36893	
-35735	-40479	-35568	
-35488	-39524	-36307	
-35479	-39735	-36357	
-35530	-39947	-36151	
-35517	-39842	-36228	
-35256	-38961	-36915	
-35531	-40195	-36062	
-35699	-41697	-34445	
-35700	-40752	-35408	
-35431	-39612	-36436	
-35424	-39470	-36503	
-35498	-39739	-36276	
-35238	-39352	-36935	
-35687	-40811	-35158	
-35232	-39071	-37129	
-30853	-37269	-40473	
-35706	-41308	-34746	
-35695	-41032	-35048	
-35495	-39674	-36288	
-35684	-40974	-35079	
-35645	-40816	-35468	
-35497	-39789	-36262	
-35635	-40848	-35269	
-35409	-39712	-36462	
-35487	-39844	-36190	
-35480	-39983	-36268	
-35520	-40118	-36136	
-35007	-37956	-37563	
-35534	-40166	-35940	
-35424	-39835	-36359	
-35629	-41055	-35124	
-35394	-39742	-36502	
-35455	-39840	-36281	
-35440	-39774	-36317	
-35594	-40866	-35496	
-35689	-41197	-34978	
-34983	-38511	-37547	
-35610	-40894	-35265	
-35579	-40686	-35500	
-35376	-39505	-36537	
-35558	-40590	-35863	
-35600	-40505	-35623	
-35343	-39735	-36538	
-33544	-44903	-33611	
-35569	-40534	-35838	
-35477	-42156	-33301	
-35401	-40171	-36423	
-35523	-40406	-36019	
-35251	-39231	-36881	
-35554	-40816	-35641	
-35075	-38545	-37283	
-35602	-41330	-35280	
-35465	-40218	-36138	
-35465	-40081	-36153	
-35403	-39900	-36338	
-35654	-41413	-34544	
-35328	-39765	-36578	
-30824	-38290	-40476	
-35463	-40279	-36160	
-35462	-40132	-36191	
-35070	-38723	-37333	
-35639	-41443	-34584	
-35634	-41297	-34980	
-30766	-37428	-40502	
-35679	-41297	-34764	
-35601	-40843	-35338	
-35619	-41465	-34789	
-35444	-40008	-36197	
-35126	-38779	-37141	
-35324	-39574	-36679	
-34964	-37960	-37569	
-35403	-40807	-36263	
-35622	-41073	-35056	
-35112	-39255	-37241	
-35432	-40406	-36192	
-35356	-39919	-36457	
-35598	-41765	-34258	
-35422	-40061	-36197	
-35468	-40506	-36021	
-35058	-38434	-37335	
-34927	-38492	-37554	
-35231	-39202	-36954	
-35053	-38596	-37337	
-35590	-40916	-35470	
-35323	-39709	-36615	
-35043	-38518	-37392	
-34917	-38534	-37623	
-35677	-41550	-34455	
-35353	-40048	-36502	
-35210	-39126	-36970	
-35536	-40802	-35780	
-35564	-41961	-33897	
-35188	-39203	-37016	
-35490	-40674	-35961	
-35303	-39600	-36670	
-35543	-41776	-34435	
-35590	-41683	-34757	
-35556	-41202	-35461	
-35338	-39873	-36533	
-35298	-39668	-36629	
-35452	-40567	-36090	
-35528	-41806	-34475	
-35303	-39528	-36688	
-35268	-39910	-36719	
-34987	-38619	-37413	
-34990	-39614	-37357	
-35172	-39262	-37086	
-35210	-39228	-36945	
-34983	-38896	-37443	
-35527	-42016	-33968	
-35052	-39423	-37266	
-35183	-39452	-36964	
-35256	-39621	-36721	
-35246	-39688	-36799	
-35297	-39900	-36593	
-35313	-40026	-36559	
-35186	-39561	-36940	
-35292	-39816	-36618	
-35548	-40981	-35571	
-35554	-41384	-34831	
-35046	-39278	-37317	
-35219	-39493	-36900	
-35313	-39889	-36574	
-35508	-40671	-35798	
-35509	-42019	-34131	
-30755	-37849	-40557	
-35544	-41555	-34938	
-35164	-39276	-37101	
-35218	-39390	-36905	
-35171	-39370	-36979	
-35515	-40828	-35771	
-35380	-40443	-36303	
-35233	-39542	-36821	
-35502	-40853	-35752	
-35571	-41754	-34276	
-35131	-39416	-37100	
-35212	-39762	-36810	
-34963	-38787	-37498	
-35272	-39896	-36609	
-35213	-39530	-36846	
-35209	-39548	-36828	
-35480	-40685	-35812	
-35493	-41081	-35573	
-35204	-39615	-36845	
-35476	-40970	-35805	
-35346	-40271	-36425	
-35213	-40010	-36721	
-35536	-41334	-35048	
-35335	-40194	-36499	
-35213	-39956	-36741	
-35426	-40571	-36122	
-35491	-41693	-35171	
-35287	-40071	-36578	
-35471	-40728	-35949	
-35143	-39458	-36979	
-35534	-41034	-35521	
-35279	-39963	-36585	
-35168	-40124	-36865	
-35178	-39642	-36823	
-34943	-38737	-37515	
-35260	-39937	-36622	
-35167	-39565	-36897	
-35120	-39584	-37016	
-35409	-40846	-35883	
-35153	-39698	-36871	
-35298	-40148	-36504	
-35293	-40064	-36529	
-35138	-39638	-36921	
-35245	-40110	-36657	
-34899	-39015	-37545	
-35328	-40339	-36338	
-35247	-39936	-36710	
-35501	-41302	-35463	
-35106	-39466	-37172	
-35191	-39788	-36801	
-35512	-41778	-34706	
-35280	-40157	-36516	
-35176	-39816	-36770	
-35432	-41356	-35582	
-35278	-40355	-36523	
-35320	-40316	-36444	
-35425	-41165	-35671	
-35259	-40084	-36560	
-35134	-40198	-36876	
-34969	-39559	-37410	
-35170	-39853	-36780	
-35112	-39665	-36899	
-35105	-39826	-36975	
-35235	-40178	-36661	
-35325	-40543	-36305	
-35309	-40604	-36374	
-35214	-40252	-36684	
-35083	-39986	-37082	
-35288	-40204	-36470	
-35110	-39726	-36921	
-34944	-38921	-37459	
-35280	-40294	-36501	
-35479	-42046	-34648	
-35364	-41060	-35823	
-34921	-39436	-37489	
-35486	-41470	-35272	
-35289	-40340	-36383	
-35403	-40997	-35731	
-35343	-40975	-36288	
-34915	-39037	-37508	
-35287	-40436	-36434	
-35393	-40839	-36064	
-34934	-39466	-37448	
-35219	-40520	-36532	
-35386	-41228	-35763	
-35216	-40232	-36649	
-35075	-39752	-37140	
-35464	-41323	-35282	
-35175	-40346	-36686	
-35170	-40760	-36705	
-34740	-38573	-37815	
-35438	-41759	-34759	
-35102	-40147	-36941	
-35223	-40363	-36459	
-35377	-41456	-35584	
-35212	-40378	-36599	
-35040	-39489	-37248	
-35221	-40474	-36505	
-35258	-40506	-36418	
-35436	-41793	-35173	
-35039	-39800	-37153	
-35023	-39859	-37223	
-35338	-41298	-35973	
-35475	-41933	-34684	
-35427	-42151	-34446	
-35357	-41636	-35199	
-34861	-38908	-37551	
-35148	-40275	-36760	
-35181	-40520	-36626	
-34851	-38975	-37629	
-35336	-41551	-35664	
-35254	-40704	-36376	
-35382	-40833	-36254	
-35224	-40557	-36390	
-35256	-40608	-36325	
-35417	-41864	-34692	
-35395	-41811	-34958	
-35000	-39495	-37263	
-34894	-39115	-37529	
-35216	-40888	-36524	
-35369	-41283	-35722	
-30601	-37412	-40590	
-35011	-39570	-37225	
-35342	-41954	-34841	
-35135	-40392	-36807	
-35460	-42117	-34167	
-34833	-39038	-37621	
-34855	-39092	-37530	
-34856	-39902	-37514	
-35317	-41054	-36076	
-35334	-41717	-35277	
-35232	-40916	-36293	
-35068	-40221	-36952	
-35028	-40086	-37084	
-35050	-40254	-37024	
-34973	-39823	-37229	
-35342	-42220	-34253	
-34963	-40027	-37248	
-35332	-41970	-34968	
-35321	-41719	-35473	
-34827	-39530	-37613	
-35113	-40224	-36867	
-34957	-39882	-37299	
-35388	-42082	-34660	
-35331	-41328	-35765	
-35292	-41170	-36154	
-35002	-40131	-37103	
-35101	-40381	-36856	
-35097	-40285	-36936	
-34969	-39946	-37116	
-35328	-42250	-34685	
-35314	-41383	-35724	
-35042	-40020	-37082	
-35305	-41959	-34986	
-35099	-40921	-36776	
-34897	-40050	-37324	
-35290	-42009	-35047	
-35355	-42129	-34547	
-35305	-41975	-34743	
-34891	-39654	-37359	
-35172	-41084	-36318	
-34864	-40238	-37378	
-35278	-41466	-35998	
-34892	-40464	-37343	
-35317	-41324	-35964	
-35309	-41540	-35682	
-35286	-41797	-35270	
-35283	-41852	-35074	
-34790	-39812	-37665	
-35069	-40415	-36883	
-35195	-40914	-36515	
-35268	-42262	-34849	
-35091	-40436	-36784	
-35266	-41819	-35475	
-35082	-40520	-36806	
-35230	-41755	-35485	
-35042	-40385	-36938	
-35187	-41807	-35684	
-35203	-41401	-36117	
-35076	-40557	-36816	
-35227	-41820	-35318	
-35186	-42017	-35177	
-34943	-40178	-37143	
-34990	-40422	-37049	
-35156	-41056	-36549	
-30482	-37121	-40634	
-35031	-40308	-37012	
-35274	-41901	-35059	
-34782	-39640	-37671	
-34770	-39974	-37675	
-35036	-40550	-36868	
-34983	-40185	-37091	
-35124	-41232	-36226	
-35179	-41575	-35770	
-34910	-40366	-37197	
-35283	-42384	-34342	
-35016	-40430	-36957	
-35277	-42445	-34551	
-35172	-41964	-35469	
-34965	-40663	-37088	
-35240	-42131	-34867	
-35118	-41082	-36635	
-34806	-39753	-37595	
-35222	-42134	-35030	
-34994	-40262	-37017	
-34983	-40567	-36888	
-35123	-41324	-36491	
-34693	-39095	-37862	
-34928	-40285	-37093	
-35039	-41089	-36801	
-34974	-40469	-37036	
-35166	-41577	-35966	
-34912	-40222	-37114	
-34688	-39273	-37912	
-35021	-40657	-36818	
-34996	-40581	-36852	
-35119	-41743	-35795	
-34986	-40648	-36827	
-34502	-38666	-38198	
-34676	-38984	-37914	
-34661	-39068	-37971	
-34836	-39940	-37484	
-35175	-42160	-35161	
-35206	-42696	-34261	
-35239	-42504	-34558	
-35174	-42370	-34654	
-35144	-41409	-36026	
-34955	-40695	-36889	
-35041	-41509	-36003	
-34831	-40080	-37425	
-35034	-41414	-36096	
-35032	-41665	-36177	
-35082	-41342	-36276	
-35172	-41980	-35226	
-35103	-41665	-35821	
-34952	-40722	-36838	
-34496	-39494	-38114	
-34908	-40492	-37112	
-35065	-41397	-36235	
-34627	-39118	-37938	
-35168	-42020	-35340	
-34724	-39835	-37741	
-35158	-42276	-34987	
-35157	-42014	-35530	
-35077	-41782	-35874	
-34595	-39091	-38047	
-34931	-40748	-36829	
-34496	-38941	-38189	
-34817	-40207	-37466	
-34920	-40798	-36845	
-35156	-42373	-34817	
-34589	-39313	-37914	
-34552	-40016	-38027	
-34913	-40734	-36968	
-35147	-42046	-35331	
-35078	-40947	-36767	
-35096	-41810	-35660	
-34920	-40671	-36903	
-35068	-41938	-35661	
-34598	-40033	-37867	
-34813	-40471	-37509	
-34988	-41284	-36667	
-34886	-40745	-36914	
-35140	-42191	-35170	
-35131	-42117	-35179	
-34830	-40312	-37389	
-34878	-40849	-36864	
-35122	-42287	-35370	
-34712	-39546	-37743	
-34906	-40879	-36807	
-34651	-39995	-37757	
-35088	-42863	-34180	
-35027	-41442	-36278	
-34871	-40822	-36887	
-35152	-42637	-34860	
-34882	-40496	-37144	
-34635	-39591	-37771	
-34877	-40634	-37139	
-35016	-41482	-36378	
-34866	-40874	-37218	
-35035	-41870	-35793	
-34738	-40134	-37595	
-35017	-41833	-35986	
-34856	-40906	-37019	
-30384	-36892	-40646	
-34510	-39139	-38031	
-35119	-42118	-35376	
-35111	-42577	-34910	
-35064	-42218	-35378	
-34845	-41028	-37129	
-35033	-42041	-35617	
-34469	-39289	-38173	
-34964	-41960	-36195	
-34910	-41339	-36405	
-34948	-41523	-36314	
-35106	-42509	-35041	
-34849	-40473	-37248	
-34899	-41515	-36630	
-35023	-42073	-35418	
-34987	-42040	-35832	
-34831	-40506	-37320	
-34869	-41120	-36745	
-34973	-41790	-36004	
-35016	-42043	-35479	
-34998	-42046	-35642	
-34780	-40739	-37451	
-34977	-42072	-35633	
-34946	-41528	-36212	
-34978	-42582	-35393	
-34944	-41787	-36357	
-34819	-41438	-37004	
-34342	-39143	-38270	
-34901	-41290	-36523	
-34604	-40031	-37604	
-34975	-42088	-35432	
-34705	-40271	-37526	
-30336	-36486	-40685	
-34970	-42095	-35791	
-34677	-40399	-37527	
-34644	-40587	-37581	
-34593	-40820	-37712	
-34304	-38981	-38377	
-34970	-42361	-35503	
-35098	-42288	-35151	
-35092	-42505	-35240	
-35063	-42733	-34545	
-34626	-40258	-37583	
-34859	-43160	-32883	
-34952	-42313	-35672	
-34862	-41691	-36479	
-34835	-41442	-36655	
-34835	-43167	-32901	
-34842	-43150	-34029	
-35045	-42736	-34708	
-35043	-42778	-34519	
-34578	-40184	-37762	
-34334	-39739	-38136	
-34298	-39177	-38307	
-34448	-39514	-38048	
-34262	-39398	-38387	
-34770	-40771	-37252	
-34433	-39725	-38071	
-34964	-41976	-35869	
-34333	-40084	-38166	
-35043	-42794	-34193	
-34924	-42027	-35929	
-34715	-41230	-37161	
-34685	-40806	-37241	
-34927	-41964	-35997	
-34673	-40897	-37338	
-34840	-41523	-36539	
-34279	-39784	-38353	
-34542	-40048	-37828	
-34814	-41534	-36487	
-34344	-39663	-38111	
-34937	-42363	-35733	
-34535	-40264	-37824	
-34297	-39712	-38197	
-34779	-42036	-36558	
-34313	-39165	-38256	
-34713	-41032	-37206	
-34876	-42159	-35863	
-34290	-39363	-38298	
-34883	-42014	-36024	
-34802	-41516	-36648	
-34821	-41858	-36206	
-34930	-42206	-35760	
-34294	-39511	-38205	
-33352	-44926	-32628	
-34802	-41823	-36235	
-34761	-41604	-36575	
-34864	-42195	-35954	
-34743	-41474	-36729	
-34898	-42505	-35767	
-34080	-38660	-38598	
-34532	-40056	-37943	
-34599	-40671	-37474	
-34736	-41539	-36724	
-34800	-41830	-36331	
-34634	-41039	-37372	
-34489	-40065	-37848	
-34469	-40287	-37900	
-34968	-42614	-35194	
-34722	-41746	-36609	
-34794	-42002	-36254	
-34959	-42755	-35079	
-34844	-42156	-36058	
-34518	-40352	-37787	
-34044	-38524	-38664	
-34721	-41551	-36775	
-34800	-42121	-36093	
-34670	-41642	-36644	
-34922	-42531	-35542	
-34724	-42136	-36560	
-34652	-41074	-37183	
-34013	-39452	-38679	
-34668	-41614	-36647	
-34677	-41497	-36805	
-34666	-41596	-36992	
-34485	-40620	-37729	
-34636	-41073	-37187	
-34464	-40076	-38018	
-34526	-40839	-37389	
-34681	-41361	-37122	
-30324	-36197	-40687	
-34601	-41307	-37314	
-34022	-39017	-38584	
-34441	-40379	-37918	
-34833	-42216	-35833	
-34522	-40983	-37393	
-34510	-40921	-37432	
-30142	-37553	-40702	
-34360	-40479	-37967	
-34426	-40456	-37891	
-34815	-42219	-35996	
-34662	-41619	-36750	
-34813	-42390	-35820	
-34649	-41668	-36635	
-34627	-41722	-36706	
-34465	-41155	-37444	
-34769	-42091	-36177	
-34132	-39585	-38415	
-34459	-40931	-37608	
-34844	-43127	-34053	
-34632	-41837	-36620	
-34767	-42389	-36035	
-34095	-39296	-38548	
-34630	-41856	-36633	
-33299	-44964	-33033	
-34832	-43027	-34896	
-34941	-42758	-35242	
-34419	-40601	-37730	
-34412	-40752	-37735	
-34296	-40088	-37968	
-34886	-42858	-35244	
-34269	-40232	-38016	
-34407	-40510	-37879	
-34606	-41741	-36756	
-34713	-43291	-34784	
-34795	-43047	-34734	
-34650	-41372	-37041	
-34625	-41614	-36777	
-34765	-42355	-36220	
-34783	-43187	-34186	
-34537	-41073	-37367	
-34584	-41395	-37117	
-34209	-39830	-38187	
-34406	-40607	-37786	
-34596	-41642	-36826	
-34919	-42590	-35302	
-34240	-40145	-38102	
-34536	-41798	-37024	
-34071	-39330	-38439	
-34808	-42608	-35695	
-34146	-39914	-38322	
-34456	-41006	-37469	
-34575	-41937	-36678	
-34518	-41408	-37034	
-34561	-41745	-36782	
-34041	-39729	-38422	
-30081	-36938	-40844	
-34510	-41427	-37171	
-34798	-42640	-35496	
-34020	-39417	-38423	
-34768	-43191	-34782	
-34425	-40967	-37520	
-34232	-40406	-38063	
-34374	-40778	-37821	
-34549	-41652	-36797	
-34477	-41695	-37113	
-34566	-41860	-36696	
-34774	-43108	-34373	
-34136	-39990	-38203	
-34414	-41388	-37575	
-34484	-41331	-37307	
-34557	-41772	-36739	
-34432	-41241	-37351	
-34791	-42663	-35654	
-34415	-41029	-37448	
-34334	-40590	-37897	
-34422	-40851	-37686	
-34760	-42534	-35874	
-34444	-41450	-37247	
-34068	-39823	-38384	
-34187	-40859	-38082	
-34541	-41783	-36752	
-34170	-40473	-38116	
-34764	-42796	-35273	
-34000	-39475	-38431	
-33689	-39335	-38918	
-34124	-40345	-38297	
-34420	-40906	-37640	
-34657	-42152	-36254	
-34131	-40337	-38169	
-33995	-39898	-38444	
-34758	-42931	-35596	
-34518	-41914	-36773	
-34636	-42251	-36228	
-33995	-39601	-38603	
-34620	-42209	-36405	
-34323	-41011	-37952	
-34393	-40954	-37684	
-34419	-41628	-37158	
-34564	-42042	-36592	
-34687	-43320	-33650	
-34379	-41020	-37677	
-34728	-42531	-36069	
-34728	-43198	-34363	
-34783	-42868	-34943	
-34198	-40438	-38027	
-34356	-40832	-37687	
-34517	-41972	-36719	
-34471	-41940	-36904	
-34411	-41718	-37189	
-34683	-43420	-33731	
-34600	-42604	-36421	
-34216	-40490	-37956	
-34017	-40051	-38389	
-33815	-39551	-38794	
-34364	-41426	-37348	
-34313	-41043	-37753	
-34397	-41466	-37219	
-33741	-38762	-38883	
-34516	-42212	-36631	
-34722	-42579	-35724	
-33949	-40071	-38464	
-34083	-40028	-38313	
-34331	-41489	-37295	
-34306	-41188	-37592	
-34679	-43422	-34745	
-34704	-42582	-35887	
-33800	-39177	-38826	
-34336	-41461	-37312	
-34498	-42065	-36668	
-34286	-41746	-37230	
-34306	-41089	-37596	
-33942	-39607	-38508	
-33929	-39921	-38520	
-34271	-41054	-37623	
-34606	-42469	-36098	
-34582	-42172	-36438	
-34245	-41322	-37612	
-34543	-42068	-36583	
-34743	-43099	-35405	
-34562	-42244	-36446	
-33924	-39359	-38727	
-34496	-42037	-36671	
-34179	-41345	-37688	
-34666	-42601	-35718	
-34450	-42235	-36707	
-34432	-41975	-36819	
-34280	-41499	-37471	
-34666	-42632	-35656	
-34645	-42627	-35709	
-33785	-39145	-38861	
-33162	-44972	-33702	
-34470	-41840	-36952	
-34621	-42689	-35956	
-34117	-40490	-38136	
-34277	-41561	-37260	
-34429	-41715	-37026	
-34328	-41445	-37394	
-34407	-42071	-36909	
-34005	-40054	-38341	
-34404	-41863	-37028	
-33980	-40307	-38337	
-34078	-40815	-38158	
-33633	-38813	-39005	
-34364	-41728	-37160	
-34270	-41531	-37272	
-33923	-39612	-38560	
-34356	-41859	-37115	
-33917	-39632	-38522	
-34240	-41618	-37411	
-34412	-41802	-36981	
-33861	-39679	-38613	
-34405	-41963	-36980	
-34003	-40371	-38277	
-33866	-39154	-38750	
-34477	-42091	-36659	
-34161	-41119	-37838	
-34257	-41584	-37235	
-33700	-38914	-38863	
-34611	-42732	-35658	
-33823	-39598	-38732	
-33998	-40511	-38218	
-34492	-42263	-36449	
-33851	-39563	-38643	
-34481	-42313	-36465	
-33965	-40266	-38352	
-32996	-44976	-32488	
-33859	-40160	-38561	
-34470	-42236	-36498	
-34545	-42704	-36423	
-33963	-40218	-38366	
-34206	-41035	-37945	
-34672	-43550	-34077	
-34588	-42957	-35898	
-33616	-38427	-39039	
-34451	-42327	-36591	
-34225	-41883	-37242	
-34453	-42405	-36483	
-34327	-41825	-37169	
-33825	-39538	-38652	
-34155	-41158	-37760	
-32954	-45121	-32785	
-34377	-42075	-36821	
-34220	-41656	-37381	
-33511	-38841	-39024	
-34342	-42178	-36777	
-33897	-40241	-38442	
-34243	-41419	-37549	
-34341	-42094	-36985	
-34331	-41995	-37034	
-33818	-40079	-38612	
-33951	-40541	-38255	
-34117	-41287	-37713	
-33508	-39135	-39065	
-33895	-39939	-38481	
-34214	-41522	-37547	
-34219	-41764	-37403	
-33808	-39696	-38633	
-33603	-38407	-39072	
-33672	-38949	-38952	
-34691	-43158	-34833	
-33866	-40152	-38477	
-33970	-40615	-38175	
-34304	-41876	-37076	
-34192	-41544	-37590	
-34087	-41250	-37728	
-34247	-42051	-37182	
-33716	-39304	-38824	
-33937	-40394	-38353	
-34301	-41959	-37117	
-33782	-39707	-38643	
-34086	-41302	-37760	
-33966	-40603	-38181	
-34058	-41216	-37782	
-34044	-40913	-37980	
-34597	-43233	-35072	
-33959	-40524	-38202	
-34316	-42260	-36813	
-33731	-39940	-38774	
-33932	-40534	-38294	
-34084	-41042	-37847	
-34347	-42293	-36691	
-34177	-41507	-37609	
-34018	-41066	-37844	
-34154	-41679	-37457	
-34051	-41310	-37789	
-34007	-41445	-37965	
-33450	-38972	-39150	
-33954	-40282	-38346	
-33806	-39790	-38614	
-33946	-40681	-38196	
-33526	-38391	-39151	
-34027	-41603	-37808	
-33896	-40246	-38408	
-34024	-40915	-37988	
-33861	-40292	-38418	
-34099	-41384	-37610	
-34063	-41382	-37728	
-34387	-42428	-36559	
-34298	-42263	-36976	
-33378	-39265	-39164	
-34010	-40979	-38019	
-34025	-40967	-37968	
-33570	-39044	-38962	
-33891	-40602	-38232	
-33376	-38668	-39175	
-33967	-40839	-38159	
-33537	-39306	-38974	
-33911	-40451	-38337	
-34127	-41651	-37458	
-34099	-41779	-37459	
-33845	-40474	-38413	
-34092	-41622	-37486	
-34057	-41435	-37629	
-33361	-38879	-39198	
-34205	-41891	-37251	
-33991	-40950	-38070	
-34265	-42018	-37110	
-34149	-42013	-37257	
-33528	-38911	-38992	
-33656	-39472	-38849	
-34335	-42436	-36676	
-34426	-42413	-36467	
-34596	-43039	-35482	
-34478	-42720	-36117	
-34054	-41518	-37670	
-33885	-40562	-38267	
-33874	-40983	-38322	
-34090	-41642	-37521	
-33851	-40193	-38467	
-34090	-41827	-37307	
-34265	-42048	-37019	
-33945	-40913	-38160	
-33897	-40747	-38181	
-34441	-42777	-36268	
-33991	-41041	-37979	
-34376	-42638	-36460	
-33547	-39345	-38957	
-33295	-38613	-39329	
-33823	-40321	-38468	
-33972	-41005	-38105	
-34053	-41699	-37672	
-34250	-42283	-36889	
-33811	-40592	-38479	
-34240	-42196	-37021	
-34585	-43364	-35136	
-34340	-42438	-36530	
-33785	-40216	-38543	
-34192	-42151	-37184	
-34185	-41994	-37211	
-34065	-41933	-37378	
-33952	-41047	-37986	
-34231	-42668	-36702	
-34232	-42286	-37052	
-34658	-43483	-34384	
-34337	-42780	-36494	
-33941	-41468	-38041	
-33819	-40585	-38343	
-33970	-41067	-37970	
-33628	-39600	-38850	
-34219	-42492	-36745	
-33593	-39828	-38887	
-33387	-38810	-39151	
-34555	-42964	-35609	
-34495	-43107	-35669	
-34310	-42661	-36536	
-33757	-40344	-38544	
-34550	-43007	-35667	
-33812	-40724	-38347	
-33725	-40089	-38684	
-34400	-42822	-36102	
-34474	-43139	-35421	
-34185	-42296	-37023	
-33679	-40262	-38704	
-33626	-40300	-38814	
-34271	-42803	-36570	
-34177	-42427	-36978	
-34028	-41877	-37583	
-33900	-41151	-38057	
-33925	-40973	-38146	
-34578	-43556	-34196	
-33552	-39511	-38903	
-33745	-40615	-38555	
-33885	-41070	-38070	
-34466	-43195	-35572	
-34526	-43027	-35547	
-33682	-40385	-38558	
-34320	-42922	-35962	
-33864	-41015	-38123	
-34027	-42058	-37264	
-33502	-39798	-38976	
-33850	-41017	-38213	
-33513	-39377	-38921	
-33486	-39534	-38979	
-34027	-41942	-37310	
-33819	-41079	-38081	
-34640	-43486	-34547	
-33481	-39368	-39033	
-33752	-40484	-38485	
-34020	-41967	-37614	
-34093	-42035	-37188	
-33808	-41006	-38398	
-33806	-41085	-38137	
-34484	-43030	-35743	
-34316	-42828	-36003	
-34013	-42112	-37453	
-34293	-42980	-35989	
-33780	-41092	-38065	
-34063	-42220	-37089	
-33769	-41367	-38147	
-34272	-42895	-36454	
-33632	-40666	-38604	
-33424	-39074	-39136	
-34383	-42812	-36309	
-34436	-43612	-34250	
-34441	-43276	-35192	
-33973	-41675	-37773	
-34038	-42213	-37112	
-34429	-43130	-35745	
-33780	-40920	-38420	
-34426	-43065	-35784	
-33798	-41038	-38199	
-33908	-41624	-37890	
-33984	-42227	-37255	
-33436	-39821	-39052	
-34424	-43666	-34612	
-34122	-42527	-36980	
-34427	-43259	-35374	
-33962	-41900	-37659	
-33759	-40762	-38457	
-33753	-41102	-38157	
-33285	-39791	-39220	
-33413	-39778	-39078	
-34030	-42259	-37070	
-33712	-41091	-38208	
-33631	-40542	-38670	
-34002	-42224	-37092	
-34517	-43392	-34896	
-33447	-39400	-38997	
-34268	-43025	-35889	
-33994	-42599	-37092	
-33945	-41710	-37737	
-34024	-42298	-36992	
-34123	-42555	-36706	
-33521	-39974	-38839	
-34251	-42956	-36093	
-33693	-41291	-38272	
-33983	-42313	-37114	
-33907	-42000	-37661	
-33697	-41027	-38229	
-34003	-42286	-37067	
-33879	-41733	-37813	
-34423	-43472	-35022	
-33639	-41015	-38503	
-33966	-42136	-37266	
-33964	-42251	-37116	
-33737	-41491	-37907	
-33950	-42253	-37136	
-33842	-41841	-37667	
-34472	-43393	-34947	
-33308	-39593	-39178	
-33507	-40009	-38858	
-33918	-42250	-37331	
-33779	-41734	-37688	
-34019	-42584	-36724	
-33760	-41917	-37750	
-33907	-41698	-37849	
-33720	-41779	-38110	
-33937	-42309	-37143	
-34415	-43390	-35438	
-34217	-43087	-36105	
-33936	-42247	-37168	
-34018	-42600	-36825	
-34228	-43011	-35914	
-33998	-42075	-37472	
-33490	-40121	-38865	
-33919	-42342	-37215	
-33478	-39832	-38867	
-33973	-41977	-37585	
-34304	-43165	-35723	
-34179	-43045	-36225	
-33459	-39906	-38897	
-33646	-41114	-38284	
-34291	-43091	-35756	
-33565	-40565	-38746	
-33364	-39546	-39087	
-34289	-43215	-35784	
-33857	-42119	-37401	
-34333	-43215	-35555	
-33632	-41160	-38342	
-33851	-42220	-37339	
-33977	-42372	-37094	
-34417	-43493	-34949	
-33361	-39305	-39093	
-34059	-42719	-36592	
-33875	-42086	-37533	
-33844	-42246	-37354	
-33621	-41087	-38659	
-33410	-40132	-38931	
-33842	-42189	-37559	
-33443	-39944	-38877	
-33960	-42635	-36866	
-33975	-42756	-36618	
-34299	-43332	-35726	
-33336	-39558	-39089	
-33911	-42395	-37170	
-33912	-42259	-37233	
-34397	-43588	-34759	
-34165	-43242	-35871	
-33958	-42859	-36733	
-33863	-42275	-37303	
-33852	-42114	-37422	
-34113	-43068	-36301	
-33109	-39052	-39397	
-33660	-41559	-38214	
-33703	-41857	-37754	
-33820	-42280	-37245	
-33691	-41832	-37778	
-33803	-42451	-37300	
-33373	-40052	-39009	
-34394	-43451	-35077	
-33427	-40352	-38822	
-33903	-42959	-36735	
-33809	-42109	-37609	
-33645	-41800	-37963	
-33869	-42650	-36827	
-33887	-42484	-37093	
-33848	-42626	-37127	
-33741	-42287	-37411	
-34063	-42815	-36510	
-33465	-40302	-38783	
-34131	-43088	-35875	
-33429	-40559	-38761	
-32907	-39069	-39488	
-34119	-43241	-36086	
-33381	-40241	-38854	
-33566	-41183	-38418	
-33848	-42510	-37173	
-33752	-41932	-37678	
-32888	-38666	-39507	
-34348	-43406	-35132	
-33853	-42681	-36924	
-33624	-41864	-37920	
-34375	-43843	-34404	
-34110	-43003	-36340	
-34009	-43071	-36527	
-33261	-39238	-39293	
-34325	-43613	-35098	
-33492	-41440	-38411	
-33725	-41990	-37705	
-34332	-43468	-35259	
-33046	-38307	-39424	
-33630	-41522	-38229	
-33043	-38542	-39451	
-33746	-42002	-37630	
-34073	-42933	-36433	
-33796	-42315	-37302	
-33700	-42168	-37616	
-33591	-42132	-37862	
-33699	-42076	-37732	
-33713	-42194	-37419	
-33377	-40172	-38914	
-33850	-42746	-36737	
-33914	-42603	-37051	
-33849	-42718	-37011	
-33680	-42297	-37445	
-33422	-40492	-38763	
-33502	-40796	-38703	
-33585	-41296	-38248	
-33363	-40582	-38837	
-33674	-42336	-37367	
-33376	-40268	-38825	
-33372	-40312	-38855	
-33349	-40397	-38863	
-33288	-39633	-39094	
-33667	-41923	-37750	
-33647	-42217	-37495	
-34378	-43469	-35044	
-33283	-40278	-38897	
-34065	-43000	-36362	
-33275	-39823	-39021	
-33826	-42746	-36900	
-32952	-38708	-39464	
-33258	-39946	-39035	
-34021	-43036	-36364	
-33634	-42385	-37337	
-33571	-42422	-37649	
-34311	-43463	-35283	
-33344	-40155	-39007	
-33404	-40567	-38715	
-34206	-43482	-35497	
-33459	-41195	-38545	
-33634	-42191	-37692	
-34055	-43103	-36342	
-34196	-44058	-33599	
-33943	-43094	-36603	
-34253	-43498	-35324	
-33189	-39302	-39222	
-33633	-42216	-37704	
-33704	-42487	-37191	
-33363	-40696	-38717	
-33176	-39282	-39255	
-33812	-42770	-36814	
-33244	-40757	-38903	
-33234	-39838	-39143	
-33590	-42541	-37364	
-33309	-39791	-39057	
-33656	-42518	-37288	
-34156	-43321	-35776	
-33597	-41790	-38171	
-33326	-40674	-38719	
-33222	-40255	-38946	
-34208	-43495	-35346	
-33300	-39815	-39067	
-33225	-39864	-39051	
-33239	-39051	-39298	
-33297	-40719	-38793	
-34140	-43505	-35573	
-33080	-39649	-39259	
-33265	-40915	-38866	
-34269	-43524	-35105	
-33590	-41935	-38010	
-33050	-39088	-39356	
-34019	-43121	-36247	
-33798	-42781	-36926	
-33221	-39967	-39075	
-34344	-43825	-34436	
-33648	-42688	-37139	
-34262	-43844	-35055	
-34112	-43386	-35925	
-33636	-42542	-37149	
-33780	-42849	-36839	
-33046	-39283	-39354	
-33468	-41474	-38302	
-33921	-42961	-36652	
-34326	-43682	-34439	
-34312	-43777	-34580	
-33627	-42530	-37176	
-33192	-39969	-39111	
-33185	-40393	-39116	
-33100	-39240	-39262	
-34017	-43153	-36111	
-33022	-39301	-39420	
-34121	-43362	-35592	
-33453	-41234	-38467	
-33616	-42535	-37157	
-33649	-42663	-37127	
-33209	-40393	-38953	
-33583	-42686	-37203	
-33608	-42538	-37201	
-33988	-43132	-36166	
-33458	-41576	-38305	
-34149	-43807	-35138	
-33499	-41561	-38183	
-33045	-39627	-39281	
-34257	-43923	-33387	
-33972	-43150	-36133	
-33525	-42155	-37938	
-33426	-41463	-38487	
-34222	-43935	-33467	
-33365	-41582	-38305	
-32929	-39619	-39427	
-33364	-41607	-38317	
-33951	-43176	-36187	
-34010	-43100	-36364	
-32909	-39469	-39441	
-33579	-41823	-38039	
-33732	-42804	-37002	
-34131	-43598	-35263	
-32764	-38796	-39598	
-34308	-43685	-34602	
-33922	-43155	-36242	
-33582	-42711	-37215	
-33308	-41790	-38203	
-33559	-42434	-37465	
-33034	-40048	-39336	
-33763	-42921	-36757	
-33561	-42553	-37252	
-34077	-43328	-35942	
-33876	-43155	-36283	
-33859	-43183	-36180	
-32908	-39461	-39464	
-33523	-42511	-37372	
-33435	-41898	-38057	
-33586	-42894	-37084	
-34000	-43295	-35993	
-33029	-39057	-39380	
-33508	-42474	-37391	
-32758	-38796	-39606	
-33535	-42566	-37336	
-33848	-43208	-36250	
-33756	-42868	-36782	
-33215	-41229	-38567	
-33136	-40171	-39172	
-33690	-42891	-36858	
-34060	-43406	-35586	
-33518	-42300	-37777	
-33193	-40866	-38949	
-33364	-41200	-38509	
-33302	-41813	-38262	
-33847	-43179	-36413	
-34036	-43508	-35799	
-33507	-42652	-37279	
-33493	-42457	-37541	
-32726	-38869	-39635	
-33687	-42826	-36897	
-33173	-41497	-38393	
-33429	-41937	-37979	
-33181	-40988	-38860	
-33906	-43173	-36209	
-33296	-42155	-37953	
-34192	-44060	-34613	
-33957	-43244	-36004	
-33200	-41107	-38575	
-34126	-43765	-35266	
-33956	-43269	-36016	
-34116	-43648	-35324	
-33170	-41958	-38133	
-33803	-43179	-36642	
-33197	-41463	-38502	
-33846	-43432	-36117	
-33230	-42178	-38029	
-33159	-41240	-38808	
-33478	-42508	-37394	
-33419	-42507	-37415	
-33632	-42926	-36899	
-33169	-41576	-38337	
-33598	-42859	-36921	
-33824	-43264	-36177	
-33413	-42578	-37444	
-33719	-42971	-36717	
-33152	-41460	-38524	
-34099	-43550	-35407	
-33441	-42675	-37355	
-33115	-40013	-39209	
-33895	-43274	-35998	
-33163	-41599	-38396	
-33432	-42208	-37783	
-33696	-43064	-36643	
-33418	-42565	-37402	
-33647	-43029	-36656	
-33280	-41680	-38311	
-33092	-40571	-39007	
-33520	-42917	-37160	
-33900	-43302	-35947	
-32716	-38390	-39637	
-33290	-42198	-37867	
-33596	-42944	-36804	
-33409	-42530	-37535	
-33629	-42976	-36676	
-33012	-39312	-39401	
-33149	-41252	-38643	
-33574	-43076	-36678	
-32959	-39532	-39377	
-33819	-43213	-36226	
-34240	-43863	-34644	
-33781	-43202	-36489	
-33131	-41486	-38578	
-33442	-42422	-37651	
-33528	-42999	-36744	
-33759	-43304	-36321	
-33425	-42333	-37730	
-33564	-42951	-36810	
-33141	-41466	-38445	
-34164	-43615	-35067	
-33447	-42680	-37218	
-33169	-41983	-38145	
-34009	-43551	-35654	
-33443	-42771	-37242	
-33928	-43462	-35933	
-33525	-42972	-36957	
-33215	-42250	-37856	
-33145	-41983	-38308	
-33129	-41488	-38413	
-33128	-41494	-38415	
-33079	-41628	-38439	
-33263	-42441	-37616	
-34016	-43406	-35815	
-33092	-41502	-38468	
-33371	-42367	-37765	
-33498	-42784	-37209	
-33514	-43259	-36851	
-33791	-43532	-36119	
-34083	-43568	-35374	
-33354	-42630	-37537	
-33970	-43531	-35875	
-33038	-41689	-38400	
-33209	-42592	-37547	
-33209	-42475	-37651	
-33155	-42037	-38103	
-33385	-42747	-37292	
-33068	-40488	-39036	
-33403	-42569	-37457	
-33086	-41483	-38600	
-32945	-39710	-39378	
-33204	-42277	-37799	
-33983	-43569	-35397	
-33244	-42412	-37667	
-33979	-43833	-35440	
-33737	-43291	-36395	
-33951	-43388	-35894	
-33191	-42194	-37919	
-33224	-42391	-37689	
-33128	-42425	-37876	
-33074	-40575	-38993	
-33155	-42199	-37882	
-33042	-40774	-38994	
-33011	-41504	-38453	
-33070	-41291	-38694	
-33203	-42514	-37573	
-32994	-41638	-38528	
-33096	-40359	-39158	
-33026	-41692	-38352	
-33003	-41750	-38313	
-33758	-43488	-36235	
-33381	-42703	-37294	
-33212	-42675	-37370	
-33340	-42744	-37314	
-32957	-41836	-38352	
-33210	-42369	-37734	
-33971	-43623	-35759	
-33007	-40410	-39044	
-32949	-39543	-39358	
-33170	-42413	-37693	
-33107	-42189	-38090	
-33215	-42416	-37671	
-33100	-42334	-37929	
-33110	-42196	-37904	
-32975	-40116	-39311	
-33206	-42765	-37485	
-33143	-42615	-37623	
-33544	-43091	-36672	
-33002	-40511	-39112	
-33251	-42686	-37330	
-32991	-41387	-38616	
-33164	-42472	-37673	
-33434	-42820	-37194	
-33693	-43327	-36397	
-33459	-42995	-37033	
-33689	-43209	-36482	
-33241	-42788	-37333	
-33125	-42186	-37927	
-33012	-41991	-38182	
-33241	-42677	-37343	
-33165	-42564	-37557	
-32939	-40742	-39069	
-33654	-43469	-36431	
-32984	-42044	-38149	
-32904	-41381	-38647	
-32891	-41859	-38428	
-33318	-42774	-37224	
-33279	-42783	-37241	
-33380	-43002	-37199	
-33102	-42442	-37764	
-32969	-40225	-39233	
-33092	-42268	-38060	
-33736	-43199	-36511	
-33452	-43140	-36872	
-32949	-41655	-38442	
-33232	-42837	-37285	
-33635	-43326	-36450	
-33099	-42587	-37633	
-32932	-40887	-38908	
-33097	-42479	-37655	
-33061	-42503	-37725	
-33614	-43334	-36563	
-33424	-43002	-36970	
-33016	-41093	-38853	
-32906	-41664	-38402	
-33720	-43446	-36355	
-32953	-42054	-38194	
-33423	-43007	-37012	
-32885	-41352	-38698	
-32927	-41059	-38895	
-34004	-43759	-35292	
-32945	-41527	-38529	
-32948	-42110	-38145	
-32890	-41519	-38559	
-33381	-43030	-36925	
-33839	-43577	-35956	
-32912	-40347	-39268	
-32864	-41464	-38627	
-32997	-42622	-37688	
-32934	-39785	-39373	
-33066	-41273	-38761	
-32739	-41687	-38461	
-32844	-41654	-38468	
-32935	-40361	-39127	
-32907	-40487	-39209	
-33082	-42742	-37593	
-32820	-39318	-39511	
-32752	-41645	-38562	
-33028	-42466	-37824	
-33373	-43147	-37038	
-33224	-42883	-37243	
-32927	-41000	-38901	
-33029	-40802	-38964	
-32804	-41498	-38563	
-32817	-41425	-38634	
-32842	-40978	-38919	
-32682	-41517	-38607	
-32810	-41357	-38661	
-33178	-42851	-37428	
-32850	-39724	-39444	
-32884	-42004	-38267	
-32890	-40588	-39098	
-32732	-41697	-38515	
-32930	-42376	-37946	
-32662	-41388	-38681	
-33954	-43651	-35656	
-32812	-39797	-39481	
-32824	-41280	-38795	
-32539	-38179	-39751	
-32723	-41456	-38646	
-32775	-41314	-38785	
-32835	-42161	-38194	
-32731	-41715	-38443	
-33186	-42777	-37345	
-32835	-40852	-38976	
-32838	-40966	-38943	
-32799	-41865	-38310	
-32966	-42533	-37762	
-32860	-42060	-38194	
-32900	-39853	-39345	
-32696	-41947	-38328	
-32962	-42489	-37900	
-32828	-41179	-38826	
-32898	-42351	-38020	
-32874	-42006	-38236	
-32836	-42040	-38198	
-32650	-41550	-38620	
-32940	-40219	-39267	
-34159	-43901	-34799	
-32651	-41407	-38729	
-32683	-41787	-38487	
-32786	-42182	-38254	
-32689	-41478	-38602	
-32856	-39825	-39355	
-32788	-40786	-39035	
-32657	-41368	-38807	
-32682	-42021	-38358	
-32810	-39329	-39492	
-32807	-40766	-38998	
-32649	-41480	-38706	
-32943	-42346	-37919	
-34171	-44121	-34252	
-32769	-41080	-39013	
-32819	-41260	-38921	
-32731	-39433	-39488	
-33081	-42939	-37250	
-32800	-40528	-39203	
-33121	-42914	-37229	
-33055	-42937	-37305	
-32638	-41565	-38586	
-32776	-40655	-39121	
-32801	-40005	-39401	
-32897	-42604	-37724	
-32866	-40505	-39127	
-33946	-43674	-35626	
-32790	-42241	-38063	
-32834	-41065	-38895	
-32717	-39611	-39489	
-32749	-42242	-38071	
-32706	-39478	-39555	
-32624	-41636	-38749	
-32998	-41242	-38777	
-29673	-37176	-40875	
-32642	-41487	-38825	
-32682	-42195	-38233	
-32935	-42732	-37649	
-32463	-38760	-39750	
-32632	-41894	-38368	
-32671	-41747	-38562	
-32635	-42354	-38074	
-32869	-42495	-37764	
-32800	-42597	-37786	
-32611	-42257	-38097	
-33358	-43025	-37046	
-32363	-38613	-39808	
-32746	-39287	-39535	
-32748	-41998	-38282	
-32602	-41901	-38387	
-33357	-43030	-37088	
-32866	-42412	-37931	
-32903	-40248	-39309	
-32737	-42071	-38255	
-32821	-42571	-37732	
-32736	-42096	-38267	
-32662	-41859	-38443	
-33000	-42830	-37569	
-33376	-43262	-36746	
-32665	-42436	-38022	
-33044	-42873	-37371	
-32706	-42006	-38300	
-32720	-40568	-39470	
-32717	-40723	-39096	
-32766	-42526	-37816	
-32727	-39509	-39486	
-32695	-40792	-39035	
-33368	-43355	-36676	
-33907	-43675	-35469	
-33878	-43773	-35530	
-32606	-42317	-38107	
-33997	-43904	-35131	
-32703	-40764	-39053	
-32680	-41046	-39055	
-33784	-43677	-35958	
-32597	-41882	-38401	
-32719	-42415	-38003	
-32596	-41882	-38519	
-32521	-41903	-38372	
-32515	-41905	-38403	
-32598	-42268	-38227	
-32513	-41955	-38395	
-33293	-43086	-37043	
-33196	-43171	-37106	
-32731	-42413	-37946	
-32664	-42047	-38350	
-32836	-42763	-37706	
-33547	-43354	-36432	
-33485	-43403	-36468	
-33061	-43001	-37238	
-32778	-40171	-39340	
-32684	-40712	-39157	
-32576	-41672	-38680	
-33016	-42959	-37314	
-32701	-42593	-37838	
-32557	-41898	-38409	
-32730	-41311	-38807	
-33390	-43170	-36866	
-32668	-42644	-37903	
-32731	-41286	-38795	
-33138	-43104	-37151	
-33015	-42879	-37358	
-34152	-44046	-34638	
-32650	-40789	-39057	
-32861	-42616	-37703	
-32648	-40933	-39237	
-32755	-42594	-37808	
-32951	-42998	-37321	
-32693	-39506	-39525	
-32783	-40031	-39399	
-32569	-42246	-38282	
-32773	-40133	-39402	
-32706	-41311	-38970	
-33703	-43588	-36237	
-32929	-42906	-37334	
-32761	-39844	-39404	
-33416	-43400	-36513	
-34104	-43935	-34716	
-32697	-42549	-37840	
-33297	-43269	-36912	
-32731	-40147	-39415	
-33867	-43696	-35604	
-32958	-42853	-37482	
-32795	-42639	-37779	
-32494	-41974	-38466	
-33057	-42957	-37240	
-32535	-41687	-38635	
-32914	-42889	-37401	
-32602	-42667	-37979	
-32678	-39876	-39543	
-33017	-42975	-37245	
-32548	-42088	-38319	
-33809	-43731	-35645	
-32504	-41832	-38637	
-32531	-41689	-38594	
-32768	-40273	-39343	
-33017	-43051	-37198	
-32898	-43111	-37364	
-32721	-41116	-38944	
-33790	-43663	-35655	
-32610	-39539	-39685	
-33408	-43490	-36544	
-32479	-41989	-38401	
-32883	-42874	-37519	
-33350	-43264	-36687	
-32669	-40590	-39165	
-33311	-43406	-36721	
-33270	-43150	-36954	
-34080	-43942	-34734	
-32951	-43074	-37274	
-32535	-42274	-38128	
-32529	-42430	-38037	
-33242	-43203	-36921	
-32934	-42853	-37645	
-32470	-42048	-38440	
-33812	-43796	-35606	
-32520	-42303	-38119	
-32806	-42917	-37395	
-33231	-43292	-36988	
-33377	-43376	-36559	
-32644	-42678	-37794	
-32539	-42132	-38344	
-33934	-44135	-35088	
-32522	-42390	-38101	
-32512	-42294	-38144	
-32786	-42924	-37404	
-32574	-41456	-38841	
-32749	-43015	-37412	
-33520	-43499	-36283	
-32589	-42027	-38358	
-32716	-42879	-37417	
-32673	-42957	-37451	
-32400	-41918	-38478	
-33776	-43808	-35913	
-32509	-42319	-38113	
-33235	-43348	-36760	
-32433	-42371	-38165	
-32437	-42270	-38196	
-32791	-42996	-37365	
-32504	-42438	-37991	
-32535	-42088	-38346	
-32565	-41355	-38899	
-33474	-43467	-36468	
-32463	-42453	-38113	
-32459	-42054	-38361	
-33009	-43104	-37153	
-32355	-41915	-38500	
-32588	-42205	-38246	
-33955	-44069	-34707	
-32638	-42824	-37795	
-32346	-42105	-38410	
-32331	-41834	-38574	
-32517	-42432	-38094	
-33212	-43149	-37007	
-33345	-43383	-36565	
-32480	-42212	-38324	
-33446	-43481	-36371	
-32326	-41849	-38565	
-32583	-41503	-38782	
-33687	-43605	-35964	
-32617	-41277	-39012	
-32511	-41687	-38798	
-33637	-43594	-36047	
-32457	-42534	-38076	
-32668	-42910	-37514	
-33965	-43901	-35326	
-32407	-42354	-38168	
-32518	-38810	-39732	
-32280	-41948	-38474	
-32388	-42318	-38224	
-32268	-42065	-38531	
-33629	-43640	-36005	
-32418	-41740	-38643	
-33430	-43779	-36268	
-32544	-41419	-38856	
-32491	-39248	-39729	
-32916	-43120	-37157	
-32633	-41005	-39064	
-32276	-41730	-38727	
-32912	-43076	-37159	
-32233	-41855	-38565	
-33092	-43110	-37134	
-32390	-41987	-38445	
-33121	-43176	-37069	
-32230	-41856	-38575	
-32199	-41997	-38557	
-33361	-43500	-36515	
-32387	-42044	-38449	
-32944	-43219	-37113	
-32572	-41055	-39111	
-32592	-39933	-39549	
-32674	-42871	-37592	
-32634	-42780	-37797	
-33062	-43226	-37025	
-33582	-43694	-36049	
-32675	-42765	-37675	
-32584	-41095	-39036	
-32604	-42680	-37888	
-33340	-43522	-36387	
-32922	-43206	-37122	
-33102	-43297	-36762	
-32333	-42133	-38380	
-32533	-41471	-38963	
-33051	-43316	-36783	
-32386	-42222	-38337	
-32322	-42341	-38300	
-32581	-40354	-39604	
-32627	-42925	-37636	
-33563	-43632	-36051	
-32375	-42422	-38178	
-33541	-43696	-36123	
-33031	-43354	-37000	
-32328	-42193	-38390	
-32907	-43171	-37138	
-32254	-41800	-38648	
-32306	-42060	-38439	
-32152	-41886	-38744	
-32440	-41504	-38916	
-33010	-43196	-37037	
-33214	-43417	-36604	
-32561	-42968	-37520	
-32583	-40570	-39276	
-32558	-40676	-39356	
-32567	-41097	-39104	
-32426	-41141	-39033	
-32850	-43143	-37233	
-32988	-43183	-37046	
-32622	-40339	-39482	
-32875	-43120	-37195	
-33323	-43550	-36284	
-33038	-43443	-36782	
-32614	-43016	-37417	
-32422	-41653	-38840	
-32244	-42099	-38422	
-32578	-42681	-37852	
-32538	-42703	-37964	
-32965	-43377	-37076	
-33206	-43463	-36562	
-33314	-43524	-36328	
-32060	-41938	-38591	
-33312	-43575	-36354	
-32355	-42540	-37980	
-32246	-42495	-38186	
-33600	-43753	-35966	
-32242	-42096	-38434	
-32336	-42720	-38055	
-32193	-42186	-38406	
-32547	-43138	-37534	
-33195	-43436	-36675	
-33176	-43407	-36726	
-32594	-39949	-39537	
-32174	-42446	-38269	
-33074	-43350	-36729	
-32447	-42471	-38095	
-32192	-42297	-38345	
-32423	-41111	-39061	
-32360	-41342	-39018	
-32827	-43153	-37181	
-32129	-42147	-38483	
-32475	-42934	-37921	
-33797	-43964	-35415	
-32555	-40966	-39190	
-33034	-43279	-36992	
-32612	-42841	-37683	
-32161	-41806	-38648	
-32333	-41147	-39033	
-32221	-41128	-39152	
-33304	-43627	-36513	
-33742	-43842	-35534	
-32208	-41296	-39050	
-32753	-43230	-37283	
-32322	-42535	-38081	
-32043	-42236	-38512	
-33189	-43489	-36576	
-32048	-41899	-38723	
-32230	-40967	-39389	
-33836	-43906	-35100	
-32843	-43207	-37123	
-32493	-42862	-37765	
-33623	-43679	-35927	
-32216	-41710	-38889	
-32808	-43213	-37128	
-32347	-41510	-38916	
-31977	-41961	-38587	
-32559	-40570	-39439	
-33620	-43689	-35957	
-33159	-43517	-36606	
-32766	-43312	-37133	
-32571	-42902	-37644	
-32542	-42939	-37571	
-32552	-40715	-39278	
-31990	-41933	-38617	
-32287	-41105	-39076	
-32106	-42173	-38417	
-32182	-42531	-38171	
-32128	-41134	-39152	
-31972	-42021	-38597	
-33159	-43470	-36634	
-32119	-41203	-39098	
-32486	-43007	-37604	
-32106	-42005	-38555	
-32495	-39544	-39651	
-32476	-39893	-39634	
-32095	-42010	-38536	
-32796	-43311	-37113	
-32539	-40774	-39284	
-32039	-42240	-38378	
-32119	-42762	-38128	
-33687	-43831	-35584	
-31984	-42033	-38552	
-31900	-42386	-38364	
-33716	-43881	-35416	
-33671	-43878	-35438	
-32075	-41754	-38818	
-31950	-41903	-38835	
-32688	-43250	-37347	
-31948	-42021	-38760	
-31922	-42342	-38324	
-32213	-41394	-38987	
-32357	-41091	-39106	
-33650	-43904	-35492	
-32960	-43393	-36788	
-32977	-43521	-36655	
-31966	-42363	-38288	
-32952	-43429	-36794	
-31894	-42120	-38590	
-31876	-42386	-38527	
-32907	-43546	-36934	
-33642	-43822	-35908	
-32171	-41001	-39161	
-32040	-42113	-38525	
-32329	-41659	-38840	
-32376	-39253	-39695	
-33197	-43512	-36514	
-32344	-39326	-39724	
-32971	-43470	-36714	
-32525	-40944	-39298	
-31904	-42022	-38646	
-31908	-42499	-38345	
-34010	-44191	-34588	
-32100	-41220	-39095	
-32127	-41676	-38931	
-32110	-42482	-38254	
-31959	-42390	-38299	
-32024	-41899	-38886	
-32155	-41108	-39197	
-32420	-43030	-37680	
-33039	-43472	-36619	
-32011	-42083	-38530	
-33629	-43991	-35522	
-32372	-41473	-38932	
-33604	-43872	-35677	
-33014	-43515	-36612	
-32279	-41479	-38932	
-32077	-41496	-39023	
-32084	-41239	-39093	
-32190	-41445	-38974	
-32377	-42705	-37933	
-32402	-42697	-37979	
-32742	-43236	-37204	
-32333	-39747	-39779	
-33011	-43605	-36582	
-32472	-39961	-39645	
-32131	-41342	-39033	
-32090	-41205	-39144	
-32738	-45178	-32478	
-32730	-43258	-37172	
-32065	-41365	-39109	
-32094	-41494	-38955	
-32143	-41404	-38983	
-32098	-42604	-38165	
-32364	-40946	-39267	
-32948	-43455	-36720	
-32427	-40715	-39310	
-32323	-40961	-39389	
-32174	-42828	-37941	
-32047	-42713	-38211	
-32458	-43012	-37565	
-32966	-43546	-36709	
-32462	-40063	-39648	
-31839	-42061	-38653	
-32052	-41535	-39005	
-32455	-39735	-39671	
-33219	-43645	-36465	
-33776	-44056	-35247	
-32195	-38266	-39909	
-32729	-43264	-37174	
-32416	-40752	-39324	
-32529	-43171	-37402	
-31786	-42129	-38646	
-32069	-40969	-39358	
-32028	-40984	-39480	
-31980	-42548	-38262	
-32681	-43395	-37186	
-32345	-43155	-37625	
-31677	-42169	-38539	
-33502	-43907	-35947	
-33546	-43907	-35718	
-32386	-40730	-39432	
-32313	-43042	-37807	
-32005	-41145	-39213	
-31951	-41662	-38944	
-33932	-44315	-34028	
-32037	-41451	-39052	
-32397	-40678	-39325	
-31606	-42130	-38549	
-31525	-42232	-38549	
-33185	-43842	-36296	
-32554	-43344	-37212	
-32881	-43450	-37070	
-32062	-41114	-39197	
-31989	-41206	-39136	
-31917	-41365	-39137	
-31520	-42214	-38734	
-31936	-41540	-38952	
-32004	-41170	-39225	
-33158	-43723	-36338	
-31895	-41581	-38972	
-32386	-43140	-37503	
-32518	-43187	-37396	
-31957	-42870	-38014	
-32525	-43278	-37277	
-31744	-42435	-38360	
-29434	-37639	-40878	
-33909	-44235	-34305	
-32900	-43569	-36785	
-31951	-40991	-39278	
-31935	-41187	-39302	
-31684	-42024	-38700	
-31996	-41436	-39060	
-32198	-43255	-37387	
-32177	-43302	-37433	
-33119	-43865	-36372	
-31523	-42437	-38427	
-31898	-41237	-39186	
-31885	-41685	-39020	
-31824	-41398	-39090	
-31896	-42621	-38256	
-33654	-43968	-35355	
-31891	-41537	-38974	
-31647	-42520	-38304	
-33374	-43787	-35972	
-31809	-41807	-38894	
-32420	-40356	-39573	
-32419	-40462	-39490	
-31757	-41558	-39096	
-32379	-43285	-37342	
-31774	-41702	-38913	
-33079	-43730	-36504	
-32171	-43156	-37436	
-32364	-39834	-39660	
-32169	-43189	-37452	
-32289	-39265	-39820	
-33271	-43952	-36115	
-31862	-42007	-38772	
-32809	-43578	-36600	
-33495	-44052	-35786	
-31796	-41307	-39143	
-32356	-43295	-37282	
-32424	-43266	-37287	
-31576	-42544	-38280	
-31795	-41428	-39139	
-32307	-43081	-37729	
-31723	-41793	-38906	
-31492	-42483	-38351	
-29320	-36708	-40880	
-32766	-43663	-36650	
-31314	-42294	-38630	
-32145	-43189	-37615	
-31773	-41295	-39188	
-31846	-41916	-38814	
-31376	-42489	-38396	
-33008	-43630	-36551	
-32301	-43395	-37284	
-31384	-42223	-38561	
-31668	-41727	-39093	
-31885	-42821	-38097	
-31549	-42590	-38296	
-31603	-41919	-38802	
-31797	-41395	-39133	
-31562	-41934	-38924	
-32240	-39780	-39732	
-31330	-42608	-38377	
-32343	-40385	-39517	
-32054	-42954	-37837	
-32250	-39198	-39896	
-32832	-43640	-36574	
-31435	-42201	-38866	
-33545	-44160	-35422	
-31503	-42656	-38302	
-31945	-43223	-37491	
-29315	-37348	-40922	
-32744	-43698	-36721	
-31857	-41222	-39194	
-32238	-39796	-39665	
-32164	-40447	-39516	
-32803	-43485	-36962	
-32215	-39470	-39804	
-31441	-42426	-38500	
-32204	-40171	-39651	
-32292	-40761	-39444	
-32980	-43651	-36506	
-32140	-40129	-39694	
-31529	-41513	-39227	
-32173	-40470	-39488	
-31789	-43017	-37822	
-31709	-41193	-39316	
-32056	-43155	-37657	
-31700	-42983	-37864	
-31951	-42909	-37936	
-32094	-40563	-39504	
-31521	-42644	-38282	
-32588	-43428	-37139	
-31664	-41210	-39230	
-33856	-44170	-34980	
-31367	-42455	-38398	
-31364	-42442	-38436	
-32759	-43457	-36972	
-31476	-42186	-38744	
-31763	-41910	-38833	
-31506	-41835	-38979	
-32438	-43407	-37188	
-31273	-42309	-38752	
-32823	-43691	-36555	
-31348	-42459	-38453	
-32091	-40753	-39523	
-32367	-43372	-37208	
-31636	-41268	-39262	
-31862	-42875	-37978	
-32623	-43451	-36987	
-32579	-43519	-37001	
-33908	-44284	-34112	
-31359	-42752	-38168	
-33885	-44242	-34323	
-31693	-42892	-37983	
-31572	-41444	-39117	
-33268	-43887	-36154	
-31590	-42976	-37895	
-32301	-40065	-39617	
-32170	-38709	-39927	
-31989	-43417	-37317	
-31515	-42703	-38262	
-32047	-43099	-37676	
-31267	-42348	-38674	
-33854	-44390	-34442	
-31280	-42515	-38430	
-33122	-43735	-36317	
-31330	-42865	-38029	
-31651	-42014	-38761	
-31743	-43336	-37447	
-31698	-43196	-37600	
-32739	-43693	-36742	
-32090	-40778	-39535	
-31851	-41126	-39373	
-32199	-40794	-39397	
-32557	-43474	-37063	
-32832	-43551	-36897	
-32218	-43047	-37771	
-32131	-38907	-39940	
-31229	-43010	-37941	
-31633	-43245	-37524	
-31732	-43226	-37457	
-31845	-43116	-37767	
-31341	-42764	-38188	
-32633	-43581	-36950	
-31263	-42870	-38037	
-31173	-42911	-37996	
-31335	-42803	-38110	
-32699	-43558	-36874	
-33213	-43987	-36156	
-31685	-43289	-37458	
-32078	-39393	-39815	
-31421	-42910	-37932	
-31431	-42993	-37850	
-32657	-43581	-36787	
-32131	-40763	-39413	
-33715	-44134	-35120	
-31866	-43319	-37413	
-32407	-43507	-37076	
-32225	-39223	-39863	
-30974	-42870	-38069	
-32520	-43397	-37155	
-32056	-40648	-39542	
-32392	-43452	-37098	
-32043	-40939	-39431	
-31280	-42428	-38469	
-30924	-42792	-38141	
-32085	-39880	-39695	
-31256	-43015	-37876	
-31649	-41210	-39252	
-31165	-42472	-38489	
-32046	-39813	-39771	
-31956	-39564	-39826	
-31192	-42390	-38533	
-30804	-42539	-38448	
-33591	-44161	-35207	
-32566	-43608	-36766	
-30808	-42934	-37957	
-31460	-43197	-37599	
-32046	-40750	-39545	
-31225	-43272	-37540	
-32277	-43409	-37157	
-31105	-42456	-38560	
-33507	-43998	-35424	
-31794	-37920	-40066	
-31329	-43117	-37665	
-32337	-43552	-37100	
-31094	-43123	-37762	
-32535	-43491	-37011	
-32268	-43426	-37184	
-32333	-43508	-37102	
-31791	-38950	-40087	
-31191	-42394	-38511	
-32039	-40422	-39568	
-31768	-43387	-37326	
-32291	-43440	-37108	
-31729	-43049	-37799	
-30884	-43041	-37844	
-31953	-39501	-39880	
-32021	-39838	-39738	
-30960	-42490	-38542	
-31337	-42720	-38190	
-33836	-44206	-34607	
-32044	-43508	-37134	
-30630	-42745	-38236	
-32426	-43536	-37025	
-31529	-43083	-37789	
-30933	-43125	-37731	
-31536	-43304	-37486	
-30792	-42637	-38350	
-31013	-43204	-37543	
-32411	-43666	-36809	
-30970	-42826	-38071	
-32763	-43693	-36579	
-30916	-43154	-37662	
-32120	-40244	-39645	
-30988	-43203	-37579	
-30481	-42828	-38099	
-31466	-41744	-39184	
-31095	-43017	-37845	
-33480	-43930	-35794	
-33056	-43758	-36393	
-31387	-43164	-37654	
-32012	-39484	-39807	
-32191	-43400	-37226	
-30798	-42598	-38428	
-31234	-42804	-38102	
-30140	-42833	-38123	
-31983	-40044	-39728	
-30618	-42698	-38276	
-30728	-43269	-37546	
-33435	-43927	-35816	
-30805	-42804	-38106	
-30756	-42939	-37949	
-30204	-43244	-37561	
-31980	-40058	-39781	
-32030	-43402	-37195	
-33780	-44254	-34620	
-31304	-41852	-39070	
-31967	-43434	-37265	
-32754	-43665	-36610	
-31334	-41797	-39009	
-32950	-43799	-36409	
-30758	-42507	-38633	
-32760	-43729	-36543	
-33383	-43961	-35854	
-31401	-41936	-38893	
-33772	-44243	-34974	
-31337	-41972	-38878	
-30428	-42762	-38327	
-31581	-43444	-37333	
-31388	-41296	-39272	
-31870	-43444	-37301	
-32895	-43899	-36411	
-31441	-41223	-39340	
-32846	-43738	-36437	
-32440	-43732	-36744	
-32373	-43599	-36897	
-32102	-38678	-39943	
-31513	-43358	-37367	
-31231	-41916	-38926	
-30590	-42654	-38441	
-31985	-40547	-39642	
-31145	-41887	-38966	
-30799	-42492	-38511	
-31561	-43196	-37607	
-31226	-41958	-38919	
-31805	-43542	-37151	
-32172	-39749	-39748	
-30844	-43091	-37773	
-32119	-40272	-39647	
-32837	-43832	-36456	
-31331	-41327	-39288	
-31803	-41162	-39304	
-30596	-42615	-38519	
-31652	-43498	-37162	
-31786	-38079	-40104	
-31058	-42018	-38913	
-32716	-43703	-36550	
-31344	-43375	-37372	
-32760	-43740	-36468	
-31917	-39988	-39822	
-31152	-43281	-37500	
-32650	-43726	-36626	
-32367	-43638	-36819	
-31307	-41794	-39052	
-31254	-43338	-37475	
-31587	-43477	-37164	
-30994	-41976	-38956	
-31484	-43467	-37166	
-30820	-43350	-37387	
-31380	-43532	-37188	
-32619	-43767	-36469	
-31354	-41233	-39343	
-32604	-43771	-36536	
-31933	-39021	-39910	
-32364	-43625	-36857	
-31293	-41400	-39325	
-30637	-42600	-38397	
-31690	-41128	-39342	
-31725	-41088	-39378	
-31930	-39164	-39953	
-31597	-41134	-39342	
-31917	-40434	-39676	
-31556	-41149	-39464	
-32670	-43748	-36460	
-31603	-40987	-39435	
-32270	-43554	-36996	
-31351	-43466	-37253	
-32171	-43616	-36988	
-33167	-43875	-36164	
-30834	-43381	-37338	
-30749	-41911	-39059	
-31274	-42203	-38835	
-32326	-43653	-36941	
-33151	-43868	-36177	
-30560	-43416	-37354	
-30897	-42020	-38882	
-30759	-42081	-38910	
-33648	-44154	-34989	
-30842	-41928	-38958	
-32551	-43808	-36626	
-31892	-40580	-39595	
-30448	-42367	-38655	
-33630	-44185	-35112	
-32514	-43720	-36641	
-32100	-43573	-36992	
-31799	-43581	-37073	
-31450	-43487	-37164	
-30552	-42207	-38782	
-31907	-39457	-39972	
-31158	-43534	-37200	
-31112	-42311	-38721	
-33260	-44009	-35899	
-30550	-42243	-38840	
-32503	-43839	-36723	
-30381	-42324	-38680	
-31098	-41555	-39261	
-30633	-42043	-38915	
-30557	-42098	-39001	
-31086	-43485	-37283	
-33414	-44133	-35567	
-31850	-40266	-39731	
-32615	-43848	-36462	
-31854	-40665	-39633	
-31866	-40256	-39686	
-31395	-41151	-39433	
-30704	-41928	-38973	
-31841	-40956	-39522	
-31363	-41204	-39358	
-32611	-43804	-36464	
-31892	-39522	-39869	
-32279	-43677	-36754	
-32903	-43809	-36380	
-32169	-43699	-36908	
-31555	-43510	-37162	
-31445	-41586	-39221	
-32592	-43773	-36496	
-31882	-39624	-39872	
-33072	-43875	-36343	
-31105	-41811	-39143	
-32193	-43699	-36745	
-30598	-42083	-38879	
-32949	-43885	-36268	
-30389	-42245	-38809	
-30880	-43493	-37330	
-31702	-43591	-37109	
-31240	-41215	-39419	
-31239	-41240	-39431	
-33773	-44437	-34564	
-31146	-41246	-39431	
-29936	-42101	-38956	
-31138	-41253	-39342	
-31621	-43598	-37001	
-31710	-43547	-37115	
-32943	-43944	-36248	
-31724	-38960	-40118	
-30897	-41424	-39418	
-31068	-41403	-39268	
-31629	-40671	-39566	
-31909	-43621	-36955	
-31483	-40675	-39641	
-31644	-43544	-37120	
-31548	-43655	-37001	
-31831	-39694	-39925	
-31465	-40748	-39557	
-30431	-42060	-39006	
-31637	-43689	-36959	
-32164	-43761	-36827	
-31981	-38886	-40024	
-31746	-38393	-40096	
-30749	-41639	-39350	
-30180	-41915	-39048	
-30951	-41622	-39259	
-29907	-42035	-39021	
-30985	-41248	-39400	
-33358	-44054	-35592	
-30771	-41835	-39084	
-31668	-40407	-39742	
-33289	-44082	-35602	
-31827	-40189	-39762	
-31651	-40801	-39527	
-32549	-43871	-36538	
-31464	-40773	-39569	
-33708	-44279	-34959	
-33334	-44054	-35755	
-31450	-40943	-39583	
-32911	-43877	-36312	
-31819	-39855	-39829	
-30358	-41898	-39120	
-32165	-43655	-36910	
-32791	-43838	-36439	
-33162	-44118	-35847	
-30790	-41624	-39228	
-30610	-41852	-39093	
-33228	-44095	-35771	
-33614	-44203	-35079	
-29774	-42209	-38842	
-33538	-44305	-35261	
-31756	-40436	-39645	
-31302	-41009	-39474	
-31645	-40567	-39755	
-32202	-43733	-36743	
-31810	-39700	-39869	
-30619	-41649	-39188	
-33109	-44060	-36001	
-31803	-39729	-39889	
-30287	-41715	-39238	
-31748	-40962	-39522	
-31514	-43706	-36993	
-31402	-40979	-39514	
-31656	-38929	-40134	
-31218	-41082	-39468	
-31007	-41032	-39565	
-32606	-43899	-36443	
-31776	-39773	-39841	
-30156	-41915	-39211	
-32888	-44044	-36250	
-32545	-43827	-36540	
-32820	-43904	-36374	
-30581	-41786	-39158	
-31427	-40688	-39657	
-31814	-39287	-40014	
-31900	-38695	-40034	
-32733	-44007	-36297	
-31369	-40916	-39585	
-33274	-44127	-35586	
-31315	-40718	-39744	
-30930	-41144	-39498	
-31588	-40098	-39775	
-31765	-39802	-39926	
-30277	-41871	-39122	
-31703	-40251	-39739	
-31904	-40016	-39792	
-31212	-43679	-36996	
-33668	-44365	-34588	
-30776	-41192	-39446	
-32082	-43763	-36739	
-31155	-40966	-39674	
-31740	-39960	-39846	
-31977	-43770	-36794	
-32926	-44016	-36166	
-31702	-40033	-39883	
-33010	-44134	-36026	
-32666	-43966	-36302	
-31638	-37952	-40165	
-31584	-40201	-39799	
-31649	-38952	-40150	
-32657	-43932	-36304	
-32003	-43763	-36796	
-32585	-43918	-36335	
-33444	-44229	-35381	
-33173	-44195	-35773	
-30758	-41210	-39552	
-32341	-43947	-36609	
-33645	-44510	-34916	
-33343	-44169	-35471	
-32449	-44008	-36375	
-32361	-43883	-36478	
-30223	-41673	-39281	
-30923	-41105	-39559	
-30596	-41318	-39438	
-32511	-43921	-36307	
-32394	-44108	-36377	
-32383	-43935	-36426	
-30075	-41888	-39213	
-31571	-40279	-39777	
-30576	-41295	-39491	
-30084	-41459	-39415	
-29987	-41750	-39281	
-33277	-44192	-35547	
-31572	-40082	-39842	
-30219	-41684	-39254	
-33843	-44412	-34285	
-31788	-39166	-40016	
-31751	-39518	-39971	
-32278	-43840	-36630	
-31716	-39052	-40022	
-31815	-43878	-36680	
-29902	-41544	-39354	
-29785	-41767	-39372	
-33107	-44218	-35849	
-33076	-44111	-35950	
-31487	-40209	-39875	
-29848	-41536	-39415	
-30849	-41117	-39500	
-31705	-39474	-40063	
-30825	-41117	-39663	
-29995	-41366	-39463	
-31564	-40540	-39757	
-31541	-39760	-39965	
-31521	-40458	-39769	
-31441	-40282	-39815	
-30415	-41297	-39460	
-32373	-43950	-36414	
-31212	-40432	-39802	
-29408	-41584	-39419	
-33823	-44507	-34095	
-31597	-39910	-39910	
-31551	-38468	-40164	
-32841	-44068	-36063	
-30481	-41215	-39537	
-32212	-43952	-36383	
-29885	-41245	-39522	
-33252	-44241	-35453	
-32102	-43977	-36415	
-29501	-41361	-39564	
-31504	-40051	-39858	
-33610	-44280	-34922	
-33547	-44281	-34928	
-32101	-43949	-36445	
-32813	-44049	-36213	
-31382	-43977	-36446	
-29626	-41253	-39499	
-33115	-44128	-35818	
-32726	-44152	-36136	
-31079	-40795	-39744	
-31537	-38638	-40178	
-33386	-44333	-35269	
-31413	-39921	-39897	
-31360	-40255	-39817	
-31500	-39775	-40087	
-33336	-44322	-35352	
-32717	-44055	-36271	
-31343	-40232	-39829	
-31405	-40026	-39884	
-33140	-44232	-35714	
-30125	-41172	-39584	
-31397	-39960	-39930	
-31433	-39868	-39976	
-32764	-44124	-36052	
-31111	-40433	-39804	
-31175	-40475	-39761	
-31107	-40309	-39829	
-31593	-39160	-40091	
-32093	-44002	-36397	
-30997	-40608	-39794	
-31082	-40481	-39761	
-31144	-40275	-39816	
-31302	-40068	-39949	
-31300	-44007	-36423	
-31006	-40310	-39831	
-30928	-40462	-39921	
-31274	-40226	-39857	
-31536	-38482	-40185	
-31074	-40939	-39676	
-33498	-44311	-34978	
-30639	-40803	-39700	
-33262	-44360	-35356	
-31486	-40053	-39882	
-30943	-40267	-39895	
-30448	-40934	-39710	
-33475	-44536	-35218	
-31492	-38184	-40196	
-31448	-38397	-40210	
-32727	-44046	-36219	
-31200	-40184	-39904	
-32913	-44145	-35909	
-31538	-38646	-40155	
-28938	-41123	-39607	
-31973	-44032	-36393	
-30933	-40683	-39758	
-33181	-44277	-35357	
-33119	-44364	-35425	
-33681	-44520	-34171	
-30996	-40452	-39801	
-30880	-40498	-39852	
-31592	-39004	-40098	
-30972	-40219	-39938	
-33069	-44268	-35618	
-30754	-40620	-39831	
-31586	-39183	-40107	
-32673	-44215	-35871	
-30408	-40663	-39836	
-33115	-44300	-35433	
-29996	-40856	-39715	
-30423	-40688	-39753	
-30330	-40694	-39753	
-32651	-44157	-36099	
-30254	-40711	-39784	
-29966	-40819	-39730	
-30175	-41112	-39701	
-32645	-44233	-35917	
-30135	-40783	-39809	
-31067	-40111	-39919	
-30343	-40666	-39783	
-29612	-40874	-39744	
-31443	-39139	-40175	
-31221	-40041	-39951	
-31434	-38646	-40218	
-31488	-39037	-40118	
-31187	-39911	-39958	
-32624	-44167	-35976	
-29221	-40894	-39780	
-32232	-44216	-36263	
-31369	-39826	-40019	
-31177	-40013	-39961	
-31170	-39870	-40004	
-31133	-39903	-40019	
-31488	-38954	-40119	
-29100	-41015	-39721	
-32581	-44173	-35918	
-32558	-44190	-36052	
-33011	-44303	-35659	
-31402	-39546	-40099	
-33053	-44387	-35501	
-31040	-39936	-39972	
-30247	-40665	-39805	
-32945	-44326	-35735	
-30598	-40613	-39910	
-32956	-44301	-35665	
-30867	-40096	-39965	
-32754	-44318	-35756	
-30867	-39942	-40040	
-31342	-39417	-40207	
-31014	-39926	-40013	
-33022	-44278	-35589	
-30770	-40104	-40041	
-32601	-45186	-33147	
-31350	-39172	-40128	
-30767	-40464	-39890	
-31337	-38436	-40252	
-30985	-39928	-40049	
-32539	-44161	-36103	
-30864	-40420	-39964	
-29217	-37119	-40934	
-32377	-44269	-35989	
-32565	-44154	-36105	
-30128	-40711	-39844	
-33328	-44337	-35280	
-30879	-40225	-39938	
-32570	-44238	-35880	
-30437	-40615	-39879	
-32499	-44274	-35784	
-31329	-38523	-40245	
-30017	-40754	-39821	
-31339	-39777	-40056	
-30344	-40621	-39879	
-30303	-40636	-40001	
-32443	-44246	-35913	
-30142	-40638	-39970	
-29774	-40766	-39858	
-30725	-40206	-40098	
-32419	-44281	-35804	
-31324	-38848	-40219	
-31293	-38667	-40303	
-32409	-44382	-35807	
-31314	-39461	-40124	
-33128	-44505	-35258	
-31770	-44262	-36057	
-29363	-40764	-39860	
-31315	-38355	-40262	
-31170	-39612	-40126	
-30662	-40437	-40055	
-30931	-39920	-40110	
-31251	-38960	-40228	
-32869	-44360	-35503	
-32706	-44356	-35541	
-32312	-44282	-35830	
-32339	-45194	-33041	
-31048	-39697	-40092	
-31512	-44326	-35861	
-32611	-44365	-35716	
-31196	-38782	-40258	
-30971	-39670	-40123	
-31181	-39419	-40176	
-31141	-39519	-40201	
-32145	-44316	-35820	
-30769	-39948	-40048	
-32125	-44296	-35823	
-31195	-38438	-40315	
-32963	-44507	-35343	
-31165	-38334	-40346	
-31170	-38933	-40230	
-31244	-39188	-40219	
-31156	-39103	-40244	
-31048	-39552	-40154	
-31174	-38255	-40330	
-30968	-39629	-40217	
-32859	-44430	-35392	
-30776	-39830	-40171	
-32474	-44367	-35522	
-32472	-44379	-35542	
-32836	-44416	-35468	
-31047	-38051	-40367	
-31155	-38947	-40251	
-31132	-38669	-40272	
-31125	-38897	-40263	
-32450	-44367	-35685	
-29169	-36713	-40973	
-31082	-38795	-40298	
-32549	-44428	-35494	
-32290	-44403	-35582	
-32530	-44446	-35497	
-32249	-45279	-32096	
-31031	-39398	-40260	
-30607	-39923	-40119	
-31139	-38587	-40308	
-33478	-44664	-33847	
-30348	-40023	-40145	
-31027	-38903	-40271	
-31114	-38411	-40317	
-32270	-44396	-35633	
-29926	-40453	-40048	
-30997	-38589	-40371	
-31020	-38296	-40352	
-32805	-44497	-35418	
-30606	-39915	-40142	
-29765	-40455	-40017	
-32193	-44439	-35500	
-32191	-44419	-35565	
-30557	-40314	-40082	
-30943	-39313	-40285	
-31512	-44387	-35704	
-31791	-44446	-35600	
-30285	-40254	-40102	
-30979	-38020	-40383	
-31729	-44434	-35633	
-33386	-44684	-34786	
-30503	-39923	-40182	
-30982	-38648	-40356	
-30210	-40058	-40160	
-30934	-38820	-40328	
-30180	-40131	-40129	
-29491	-40317	-40072	
-33439	-44651	-34236	
-30919	-38879	-40313	
-30966	-38288	-40413	
-30286	-40229	-40090	
-30496	-39794	-40201	
-30832	-39456	-40257	
-30912	-39107	-40304	
-31850	-44464	-35450	
-29931	-40309	-40116	
-33298	-44559	-34889	
-30618	-39472	-40291	
-33478	-44724	-33762	
-30554	-39547	-40255	
-29394	-40307	-40178	
-30011	-40116	-40157	
-30398	-39800	-40209	
-33158	-44553	-34908	
-31465	-44525	-35431	
-33426	-44771	-34285	
-30797	-38678	-40336	
-32960	-44537	-35272	
-32895	-44556	-34985	
-30384	-39632	-40226	
-30733	-38922	-40322	
-30064	-39946	-40174	
-30784	-38799	-40412	
-29849	-40122	-40166	
-30128	-39871	-40210	
-30830	-38843	-40320	
-30339	-39723	-40247	
-29915	-40081	-40251	
-30878	-38298	-40415	
-30675	-39113	-40413	
-30789	-38307	-40386	
-33096	-44572	-34885	
-30713	-39165	-40301	
-32885	-44542	-35235	
-30696	-38836	-40337	
-30127	-39896	-40222	
-32801	-44615	-35229	
-30654	-39215	-40307	
-30697	-38805	-40358	
-30112	-39910	-40243	
-30243	-39790	-40218	
-32832	-44787	-34942	
-32830	-44539	-35315	
-32368	-44554	-35383	
-33036	-44588	-34865	
-30901	-38621	-40358	
-30237	-39597	-40257	
-30190	-39665	-40265	
-30318	-39624	-40255	
-30126	-39740	-40229	
-30617	-39316	-40298	
-29768	-40095	-40168	
-32868	-44620	-34879	
-30611	-39144	-40314	
-30528	-39223	-40346	
-30051	-39544	-40287	
-33014	-44642	-34817	
-30317	-39308	-40319	
-29120	-40169	-40233	
-30566	-39130	-40332	
-33003	-44594	-34842	
-30381	-39393	-40298	
-30022	-39773	-40249	
-29977	-39875	-40306	
-32873	-44637	-34829	
-30300	-39366	-40300	
-30071	-39374	-40309	
-30028	-39499	-40379	
-30761	-38521	-40433	
-29988	-39775	-40244	
-32332	-44653	-35366	
-30241	-39289	-40338	
-33456	-44778	-33714	
-30489	-39156	-40422	
-29884	-39908	-40259	
-30160	-39266	-40375	
-30396	-39189	-40375	
-30725	-38722	-40450	
-29954	-39552	-40363	
-29221	-39963	-40319	
-30249	-39195	-40353	
-30084	-39276	-40345	
-29538	-39898	-40298	
-32592	-44681	-34969	
-33341	-44732	-34431	
-29940	-39619	-40325	
-30594	-37851	-40526	
-30522	-37892	-40551	
-32502	-44627	-35064	
-28743	-39986	-40280	
-30520	-38029	-40500	
-29741	-39762	-40404	
-30665	-38508	-40456	
-32485	-44756	-34982	
-33224	-44792	-34672	
-30555	-38807	-40421	
-30508	-38443	-40506	
-29858	-39584	-40350	
-30496	-38857	-40427	
-29782	-39261	-40445	
-29610	-39770	-40314	
-30489	-38799	-40450	
-30445	-38674	-40463	
-28844	-39780	-40366	
-30370	-38865	-40466	
-30342	-39017	-40462	
-31965	-44659	-35007	
-30477	-38115	-40625	
-29756	-39567	-40378	
-30377	-38566	-40471	
-33319	-44786	-34383	
-31590	-44660	-35056	
-31860	-44711	-34990	
-30408	-38772	-40452	
-30340	-38551	-40490	
-33296	-44842	-33673	
-29997	-39085	-40453	
-30260	-38744	-40525	
-33247	-44805	-33859	
-30410	-38208	-40514	
-29870	-39141	-40499	
-29637	-39276	-40422	
-29636	-39301	-40434	
-29577	-39369	-40410	
-30330	-38285	-40577	
-30390	-38160	-40527	
-29438	-39334	-40419	
-30267	-38516	-40534	
-29380	-39540	-40418	
-30127	-38877	-40503	
-33227	-44869	-33990	
-29379	-39384	-40425	
-30112	-38973	-40469	
-30389	-38152	-40550	
-29364	-39579	-40451	
-33103	-44843	-34076	
-29331	-39215	-40452	
-29328	-39209	-40463	
-33087	-44857	-34279	
-29206	-39221	-40571	
-29075	-39229	-40481	
-28686	-39422	-40486	
-30176	-38362	-40591	
-30061	-38802	-40522	
-30150	-38615	-40553	
-33021	-44880	-34355	
-30186	-37322	-40651	
-29965	-38834	-40509	
-29869	-38985	-40506	
-32545	-44880	-34539	
-29864	-38973	-40530	
-30008	-38617	-40616	
-30224	-37229	-40637	
-29848	-39012	-40563	
-28840	-36936	-40981	
-30361	-37515	-40627	
-29221	-39026	-40545	
-30074	-38430	-40562	
-32499	-44831	-34740	
-30190	-37811	-40636	
-30249	-38258	-40579	
-30052	-38386	-40565	
-33197	-44872	-33651	
-33046	-44903	-33721	
-30137	-38295	-40667	
-29847	-38619	-40585	
-29795	-38827	-40657	
-32988	-44899	-33796	
-32922	-44933	-33914	
-32360	-44845	-34566	
-32198	-44849	-34579	
-29634	-38829	-40626	
-32796	-44902	-33960	
-28792	-36331	-41005	
-32783	-45022	-34009	
-29162	-38994	-40610	
-32764	-44960	-34079	
-32698	-44983	-34155	
-29910	-38388	-40628	
-32441	-44952	-34239	
-29807	-38476	-40629	
-32283	-44888	-34433	
-30018	-38004	-40711	
-32103	-44894	-34281	
-32037	-44917	-34357	
-30044	-37324	-40714	
-32031	-44895	-34414	
-32946	-45029	-33395	
-32858	-44942	-33777	
-30032	-37453	-40756	
-29887	-38056	-40668	
-29791	-38097	-40672	
-29760	-38112	-40714	
-29697	-38598	-40669	
-29690	-38654	-40683	
-29846	-37520	-40734	
-32900	-44980	-33596	
-29681	-38238	-40726	
-29832	-37690	-40748	
-32836	-44989	-33459	
-29637	-38469	-40777	
-29805	-37787	-40717	
-29729	-37698	-40788	
-32742	-45014	-34031	
-29476	-38471	-40746	
-29004	-38636	-40730	
-29641	-37821	-40758	
-29815	-37174	-40812	
-32842	-45101	-33095	
-29831	-37534	-40755	
-32676	-45037	-34107	
-32786	-45099	-33327	
-32701	-45060	-33473	
-32526	-45071	-33724	
-29655	-37270	-40803	
-29632	-37488	-40822	
-29539	-38240	-40789	
-32482	-45040	-33848	
-32460	-45094	-33800	
-29524	-37999	-40812	
-28655	-37052	-41006	
-31715	-45059	-33925	
-32555	-45137	-33348	
-28536	-36761	-41050	
-29260	-38286	-40824	
-29099	-38288	-40793	
-29610	-37407	-40832	
-29420	-37949	-40833	
-29551	-37461	-40824	
-31693	-45106	-33607	
-32692	-45129	-32679	
-31948	-45297	-31935	
-29338	-37685	-40849	
-29162	-38057	-40836	
-29068	-37942	-40871	
-28926	-37944	-40934	
-32254	-45155	-33187	
-31931	-45147	-33347	
-29043	-37766	-40880	
-29154	-37350	-40891	
-29057	-37456	-40925	
-28992	-37857	-40928	
-31417	-45176	-33184	
-32116	-45208	-32781	
-31630	-45206	-33001	
-32041	-45209	-32567	
-28938	-37165	-40969	
-31902	-45248	-32136	
-31818	-45223	-32307	
-31699	-45241	-32530	
-31395	-45223	-32866	
-28777	-37167	-40938	
-28615	-37674	-40975	
-31398	-45300	-32184	
-31388	-45320	-31355	
-31420	-45246	-32232	
-31347	-45253	-32329	
-30765	-45256	-32279	
-31625	-45289	-32095	
-31100	-45315	-31710	
