-27408	-24805	-26927	
-27384	-25524	-27781	
-27276	-25688	-27393	
-27189	-25834	-27710	
-27408	-24498	-27185	
-27097	-26070	-26506	
-27027	-26076	-27677	
-27017	-26169	-28088	
-26955	-26203	-26956	
-26947	-26283	-28250	
-26908	-26418	-26798	
-26904	-26501	-26986	
-26834	-26615	-27148	
-27226	-24425	-27906	
-26743	-26637	-26741	
-26739	-26720	-26929	
-27189	-25527	-27968	
-26703	-26726	-26786	
-26686	-26840	-27290	
-27180	-25730	-28220	
-26662	-26950	-27526	
-26577	-26962	-26896	
-26567	-27055	-27307	
-27150	-25182	-28283	
-27097	-25560	-28391	
-26533	-27104	-27278	
-26497	-27169	-27469	
-27067	-25012	-28454	
-26461	-27175	-27326	
-26446	-27181	-25525	
-26413	-27223	-26845	
-27067	-24705	-28712	
-26389	-27333	-27081	
-26313	-27400	-27468	
-26258	-27444	-26719	
-26938	-24555	-28731	
-26240	-27457	-26883	
-26236	-27726	-26509	
-26820	-24009	-28767	
-26819	-25013	-28838	
-26757	-24850	-28860	
-26736	-24843	-29009	
-26629	-24944	-29029	
-26040	-27783	-27023	
-26541	-24846	-29196	
-26035	-27951	-26309	
-26447	-24482	-29300	
-25911	-28020	-27337	
-26353	-24995	-29349	
-25820	-28027	-25920	
-25809	-28068	-26764	
-26224	-24845	-29368	
-26207	-24395	-29443	
-25779	-28118	-26061	
-25711	-28165	-26681	
-26157	-24312	-29457	
-26082	-24293	-29555	
-25710	-28245	-27137	
-25693	-28248	-26135	
-26061	-24535	-29565	
-25648	-28362	-26298	
-26041	-24426	-29582	
-25910	-23975	-29591	
-25866	-24538	-29752	
-25510	-28390	-26481	
-25474	-28519	-26787	
-25665	-24618	-29847	
-25436	-28628	-26942	
-25562	-24955	-29904	
-25470	-23390	-29918	
-25376	-24540	-29976	
-25221	-28729	-26445	
-25336	-24479	-29986	
-25315	-24721	-29996	
-25295	-24612	-30013	
-25194	-25015	-30111	
-25032	-28773	-27431	
-25006	-28804	-26056	
-25120	-24724	-30183	
-24938	-28805	-26423	
-24884	-28882	-26778	
-24867	-24845	-30219	
-24845	-25359	-30255	
-24687	-28916	-25818	
-24793	-24710	-30260	
-24669	-28958	-26389	
-24724	-23576	-30349	
-24652	-28984	-26959	
-24439	-29019	-27449	
-27088	-25966	-27016	
-24668	-25202	-30357	
-24630	-24726	-30407	
-27083	-25991	-27832	
-24437	-29060	-26570	
-27081	-25998	-27322	
-24386	-29101	-27265	
-24514	-24481	-30453	
-27244	-25559	-27454	
-24248	-29129	-27448	
-24370	-24100	-30483	
-26855	-26411	-28055	
-26839	-26447	-27862	
-24101	-29204	-26692	
-24274	-24394	-30596	
-26978	-25553	-28585	
-26730	-26616	-27439	
-26690	-26630	-27998	
-26766	-26551	-27248	
-27050	-25076	-28430	
-26745	-26476	-27897	
-26985	-25733	-28407	
-26903	-24969	-28616	
-26882	-25211	-28626	
-26872	-25015	-28641	
-26872	-24943	-28662	
-26850	-25529	-28677	
-26985	-26040	-28149	
-27051	-25580	-28239	
-26726	-26565	-27807	
-26879	-26197	-28271	
-26807	-25083	-28806	
-26870	-25875	-28368	
-26933	-25699	-28506	
-26776	-25238	-28749	
-24033	-29205	-27059	
-23955	-29248	-27026	
-26654	-26636	-27855	
-26638	-26672	-27662	
-26602	-26715	-27622	
-26703	-25235	-28957	
-26796	-26027	-28442	
-26766	-25172	-28763	
-26402	-27215	-26916	
-26713	-25385	-28731	
-26902	-25563	-28578	
-26582	-26794	-27610	
-26756	-25165	-28781	
-26770	-25749	-28525	
-26764	-25873	-28611	
-26570	-26644	-27686	
-26585	-26679	-27629	
-26713	-26422	-28120	
-26565	-26928	-27679	
-26565	-26647	-28262	
-26711	-26423	-27954	
-26687	-25271	-28764	
-26557	-26748	-27730	
-26512	-26955	-27743	
-26501	-26975	-27339	
-26668	-25698	-28733	
-26660	-25455	-28907	
-26690	-25582	-28683	
-26772	-26062	-28378	
-26701	-25547	-28670	
-26550	-26786	-27826	
-26750	-26069	-28369	
-26224	-27493	-26690	
-26634	-25284	-28989	
-26728	-26208	-28394	
-26670	-25902	-28646	
-26690	-26358	-28222	
-26658	-26622	-28214	
-26366	-27280	-27107	
-26689	-25892	-28549	
-26188	-27558	-26881	
-26673	-26077	-28600	
-26357	-27204	-27142	
-26244	-27443	-27242	
-26522	-26771	-28246	
-26329	-27310	-27717	
-26533	-26799	-27740	
-26469	-26970	-28506	
-26645	-25913	-28776	
-26680	-26323	-28421	
-26429	-27083	-27490	
-26624	-25016	-29025	
-26509	-25138	-29030	
-26508	-25238	-29144	
-24011	-25337	-30597	
-26395	-26990	-27697	
-26190	-27484	-27123	
-23973	-24861	-30647	
-26506	-26807	-28053	
-26379	-27026	-27504	
-26160	-27664	-27456	
-26636	-25569	-28794	
-26367	-27018	-27933	
-26515	-25182	-29001	
-26487	-26862	-27892	
-26675	-25878	-28555	
-26434	-24947	-29216	
-26637	-26428	-28398	
-26551	-25942	-28811	
-26613	-26314	-28577	
-26361	-27134	-28118	
-23938	-29274	-27596	
-26542	-25598	-28829	
-26359	-25413	-29238	
-26531	-25305	-28926	
-26567	-26625	-28325	
-26533	-25528	-28849	
-26518	-25388	-28918	
-26364	-27153	-27479	
-26487	-25480	-29154	
-26528	-25749	-28854	
-26518	-25480	-28889	
-26590	-26536	-28235	
-26637	-25985	-28763	
-26508	-25545	-28886	
-26172	-27514	-27290	
-26100	-27672	-27045	
-26083	-27685	-26959	
-26486	-25634	-28990	
-26526	-26031	-28759	
-26506	-25550	-28857	
-26056	-27693	-27272	
-26522	-26129	-28630	
-26569	-26342	-28419	
-26533	-26211	-28581	
-25967	-27840	-26438	
-26433	-25704	-29166	
-26512	-26440	-28472	
-26558	-26382	-28404	
-26470	-25788	-28987	
-26495	-26761	-28424	
-26481	-26177	-28680	
-26475	-25905	-28833	
-26167	-24580	-29421	
-26511	-26328	-28494	
-25953	-27802	-26487	
-26211	-27422	-27794	
-26402	-26323	-28631	
-26454	-26147	-28843	
-25934	-27940	-27145	
-26466	-26020	-28857	
-23776	-29280	-27031	
-26210	-27428	-27700	
-25937	-27811	-27255	
-26451	-26556	-28544	
-26209	-27429	-27284	
-25935	-27832	-26654	
-26519	-26686	-28293	
-26485	-26493	-28460	
-26411	-25868	-28924	
-26249	-27154	-27801	
-26235	-27339	-27752	
-26401	-26217	-29019	
-26102	-25182	-29426	
-26439	-26422	-28569	
-26144	-24777	-29373	
-26243	-27168	-27748	
-26081	-25424	-29436	
-26132	-24629	-29377	
-26297	-25179	-29239	
-26122	-25291	-29409	
-23723	-29350	-27207	
-26268	-25151	-29287	
-26392	-26537	-28691	
-26427	-26166	-28725	
-26221	-27166	-27916	
-26212	-27239	-27807	
-26246	-27140	-27888	
-26431	-26494	-28556	
-26385	-26291	-28870	
-26198	-27201	-27856	
-26247	-25393	-29297	
-26051	-24694	-29546	
-26218	-25068	-29301	
-26194	-24860	-29359	
-26214	-25035	-29330	
-26128	-27535	-27517	
-26146	-24949	-29351	
-23958	-25394	-30680	
-26196	-27353	-28061	
-26317	-25773	-29046	
-26197	-25310	-29311	
-26369	-26369	-28697	
-26217	-27146	-28017	
-26312	-26351	-28785	
-26124	-25097	-29336	
-26264	-25843	-29222	
-26308	-26996	-28124	
-26020	-27699	-27129	
-26369	-26715	-28579	
-26117	-27511	-27544	
-26156	-25015	-29337	
-26233	-27110	-28210	
-25969	-27713	-27393	
-25747	-28082	-26684	
-26050	-24792	-29463	
-26271	-26023	-29044	
-26088	-27517	-27673	
-25962	-27722	-27307	
-26286	-26503	-28711	
-25713	-28110	-27591	
-26269	-26405	-28995	
-26270	-26596	-28674	
-26028	-24891	-29498	
-26030	-25117	-29438	
-26129	-25537	-29230	
-26208	-27078	-28451	
-26092	-27578	-27477	
-26083	-25467	-29233	
-26271	-26330	-28786	
-26250	-26409	-28862	
-26231	-25929	-29045	
-26080	-25627	-29235	
-26219	-25989	-29143	
-26233	-26573	-28887	
-26078	-25428	-29294	
-26040	-27649	-27681	
-26062	-25528	-29386	
-26229	-26883	-28649	
-26163	-27224	-28372	
-25873	-24784	-29573	
-25995	-24960	-29474	
-25914	-25388	-29502	
-26009	-27549	-28148	
-26160	-27359	-27918	
-26103	-25339	-29346	
-25891	-25205	-29559	
-25908	-25342	-29533	
-26055	-27388	-27984	
-26201	-27115	-28217	
-26072	-27657	-27465	
-25990	-25029	-29440	
-25973	-25032	-29445	
-26056	-25716	-29318	
-25968	-25164	-29490	
-25860	-24615	-29660	
-25989	-24922	-29480	
-26179	-26800	-28663	
-26206	-27100	-28388	
-26151	-26217	-29045	
-25934	-27806	-27803	
-26163	-26770	-28814	
-26112	-26163	-29052	
-26125	-27228	-28277	
-26108	-26253	-29124	
-26111	-27303	-28139	
-25855	-24795	-29650	
-26154	-25918	-29163	
-26009	-27653	-27500	
-26050	-26163	-29248	
-25963	-25236	-29486	
-25976	-27554	-27801	
-25957	-27584	-28145	
-26011	-27270	-28278	
-25863	-24997	-29573	
-26129	-25963	-29145	
-26118	-26916	-28735	
-26037	-25557	-29333	
-26035	-27340	-28066	
-26035	-25958	-29328	
-26165	-26487	-28908	
-25952	-25274	-29455	
-25847	-25458	-29605	
-26186	-27046	-28484	
-26025	-25690	-29364	
-26102	-26952	-28542	
-23667	-24513	-30731	
-25793	-28054	-26967	
-26093	-26390	-29065	
-26075	-26436	-29018	
-25960	-27293	-28184	
-26052	-25462	-29400	
-26080	-27054	-28543	
-25793	-24598	-29667	
-26161	-26792	-28751	
-26096	-26630	-28834	
-26045	-26681	-28909	
-26008	-26981	-28577	
-26040	-27088	-28437	
-26019	-26475	-28971	
-25929	-27363	-28242	
-25943	-25706	-29390	
-26042	-25455	-29418	
-25957	-27279	-28607	
-25839	-27874	-27481	
-25781	-24804	-29676	
-25999	-25675	-29368	
-25931	-26203	-29413	
-25834	-25037	-29660	
-26050	-26553	-28900	
-26082	-26682	-28839	
-25773	-25167	-29677	
-25757	-24952	-29717	
-26014	-26498	-29031	
-25901	-25473	-29523	
-25979	-26972	-28730	
-25983	-27070	-28525	
-26002	-26625	-29017	
-25890	-27607	-27927	
-25893	-25727	-29463	
-26043	-26307	-29079	
-25995	-26995	-28546	
-25968	-26991	-28594	
-25906	-27299	-28344	
-25956	-26192	-29283	
-25949	-26695	-29193	
-25925	-27455	-28206	
-25854	-27650	-27887	
-26035	-26746	-28906	
-25767	-28032	-27236	
-26063	-26914	-28788	
-25880	-27300	-28350	
-25866	-27375	-28277	
-25608	-28293	-26564	
-25814	-27925	-27370	
-25758	-27964	-27670	
-25701	-24668	-29731	
-25736	-28036	-27055	
-25731	-28038	-27093	
-25976	-26511	-29050	
-25941	-27118	-28622	
-25853	-27369	-28520	
-25803	-27917	-27441	
-25886	-27498	-28209	
-25934	-26872	-28801	
-25928	-26986	-28702	
-25773	-27689	-27852	
-25842	-25560	-29520	
-25959	-26757	-28889	
-25831	-27484	-28241	
-25876	-27191	-28632	
-25791	-27647	-27923	
-25917	-26848	-28872	
-25756	-27809	-27945	
-25874	-27109	-28778	
-25748	-27657	-28093	
-25615	-24885	-29728	
-25769	-27462	-28291	
-25771	-27725	-27910	
-25607	-25371	-29748	
-25783	-27996	-27429	
-25889	-27498	-28166	
-25821	-25802	-29530	
-25939	-26427	-29229	
-25580	-28362	-26665	
-25913	-26939	-28835	
-25786	-27372	-28366	
-25853	-26915	-28962	
-25589	-24904	-29756	
-25719	-25391	-29689	
-25761	-27418	-28333	
-25878	-26829	-28878	
-25583	-24866	-29762	
-25806	-27573	-28189	
-25562	-25108	-29772	
-25804	-25678	-29555	
-25605	-28274	-27203	
-25736	-27932	-27703	
-25931	-26281	-29231	
-25911	-26219	-29243	
-25753	-27412	-28502	
-25887	-26899	-28858	
-25802	-26053	-29432	
-25703	-27803	-28014	
-25698	-25633	-29699	
-25889	-27153	-28619	
-25733	-28031	-27603	
-25824	-26380	-29259	
-25726	-27426	-28398	
-25721	-27553	-28257	
-25735	-27487	-28253	
-25652	-27838	-27761	
-25869	-26945	-28811	
-25824	-26783	-28994	
-25829	-27255	-28699	
-25707	-27448	-28628	
-25636	-25399	-29700	
-25834	-26981	-28885	
-25741	-25666	-29585	
-25683	-27662	-28412	
-25795	-25871	-29471	
-25751	-28001	-27436	
-25701	-27594	-28220	
-25772	-26314	-29279	
-25684	-27662	-28162	
-25651	-27882	-27781	
-25808	-27061	-28883	
-25804	-26729	-29029	
-25636	-27794	-28170	
-25767	-26467	-29317	
-25579	-27813	-27863	
-25765	-26068	-29458	
-25721	-27373	-28766	
-25567	-27842	-27783	
-23392	-29395	-27111	
-25565	-27858	-27882	
-25707	-25422	-29628	
-25661	-28189	-27358	
-25771	-26783	-29097	
-25749	-27204	-28740	
-25769	-26819	-28968	
-25740	-26437	-29480	
-25530	-28300	-26996	
-25700	-25439	-29626	
-25725	-26790	-29024	
-25819	-26501	-29218	
-25721	-26930	-28997	
-25687	-25890	-29597	
-25761	-26195	-29470	
-25753	-27059	-28936	
-25533	-27956	-27744	
-25745	-26269	-29321	
-25723	-27135	-28965	
-25776	-27065	-28789	
-25558	-27867	-27796	
-25716	-26889	-29144	
-25495	-28321	-26748	
-25530	-27951	-28292	
-25551	-27849	-27920	
-25651	-27533	-28473	
-25723	-27156	-28937	
-25761	-26502	-29212	
-25725	-26712	-29206	
-25595	-27967	-27626	
-25687	-25904	-29542	
-25530	-28085	-27634	
-25724	-26511	-29331	
-25533	-25080	-29820	
-25674	-26029	-29524	
-25507	-28165	-27826	
-25709	-26551	-29221	
-25731	-26757	-29152	
-25580	-27671	-28318	
-25528	-27958	-27782	
-25557	-25288	-29762	
-25568	-27683	-28299	
-25650	-25660	-29600	
-25717	-27207	-28872	
-25689	-26560	-29287	
-25629	-25902	-29610	
-25474	-28385	-26841	
-25588	-27567	-28612	
-25625	-28195	-27215	
-25713	-26966	-29083	
-25678	-26827	-29328	
-25510	-28179	-27403	
-25530	-25454	-29812	
-25619	-25634	-29646	
-25604	-25759	-29685	
-25460	-28414	-27158	
-25633	-26105	-29557	
-25544	-25615	-29744	
-25615	-27576	-28433	
-25671	-26581	-29507	
-25655	-27005	-29216	
-25624	-27278	-28799	
-25367	-25111	-29959	
-25582	-28221	-27229	
-25483	-24997	-29834	
-25426	-28321	-27365	
-25647	-27424	-28755	
-25655	-27049	-28986	
-25477	-25221	-29828	
-25551	-27223	-28889	
-25610	-26006	-29560	
-25441	-25402	-29887	
-25495	-27649	-28455	
-25517	-26219	-29682	
-25600	-25941	-29575	
-25426	-28077	-27851	
-25547	-27298	-28912	
-25535	-27573	-28522	
-25450	-27795	-28376	
-25549	-27015	-29006	
-25422	-28115	-27904	
-25524	-27038	-28989	
-25618	-27292	-28787	
-25518	-27020	-29124	
-25548	-25943	-29575	
-25603	-27084	-28983	
-25525	-25981	-29601	
-25491	-27057	-29006	
-25482	-27643	-28698	
-25520	-27481	-28633	
-25456	-28185	-27563	
-25503	-27436	-28654	
-25586	-26419	-29525	
-25519	-27400	-28847	
-25430	-28186	-27569	
-25483	-27069	-29080	
-25403	-28255	-27739	
-25502	-27444	-28833	
-23557	-24988	-30735	
-25482	-27122	-29061	
-25406	-27954	-27919	
-25468	-25757	-29691	
-25399	-28062	-27930	
-25525	-27266	-28945	
-25414	-27688	-28420	
-25567	-26130	-29544	
-25385	-25668	-29815	
-25568	-27155	-28947	
-25449	-25626	-29703	
-25342	-27959	-27988	
-25483	-27325	-28964	
-25294	-28091	-27996	
-25379	-27670	-28592	
-25380	-25770	-29730	
-25480	-27159	-29033	
-25399	-27717	-28383	
-25374	-27726	-28553	
-25655	-26659	-29334	
-25608	-26625	-29456	
-23490	-25694	-30797	
-25446	-27649	-28555	
-25464	-27448	-28738	
-25472	-27336	-29121	
-25266	-28005	-28040	
-25462	-27520	-28766	
-25487	-27405	-28854	
-25359	-26012	-29740	
-25485	-27342	-28878	
-25290	-27864	-28435	
-25556	-26886	-29311	
-25498	-26223	-29549	
-25598	-26641	-29422	
-25461	-26485	-29610	
-25374	-27807	-28310	
-25480	-26784	-29344	
-25400	-28390	-27285	
-25251	-28028	-28180	
-25305	-24880	-29977	
-25359	-28312	-27521	
-25369	-27834	-28341	
-25451	-26652	-29376	
-25465	-27090	-29300	
-25449	-27514	-29009	
-25434	-26691	-29346	
-25342	-25888	-29765	
-25415	-26918	-29359	
-25376	-25477	-29840	
-25312	-25252	-29906	
-25263	-27735	-28579	
-25414	-26656	-29479	
-25397	-27593	-28776	
-25389	-26773	-29361	
-25257	-27786	-28514	
-25326	-27939	-28318	
-25238	-24961	-29978	
-25365	-26835	-29373	
-25404	-28499	-27003	
-25379	-28141	-27918	
-25335	-25610	-29867	
-25350	-26689	-29414	
-25292	-25190	-29918	
-25316	-25747	-29766	
-25279	-25876	-29795	
-25272	-28366	-27377	
-25341	-27678	-28621	
-25231	-28117	-28021	
-25354	-28504	-27012	
-25402	-27134	-29249	
-25349	-27204	-29425	
-25273	-28447	-27163	
-25223	-25334	-29945	
-25223	-28241	-28054	
-25229	-25393	-29913	
-25257	-28334	-27847	
-25311	-28304	-27552	
-25193	-27870	-28348	
-25251	-27674	-28642	
-25196	-27818	-28576	
-25246	-27702	-28645	
-25247	-28027	-28270	
-25189	-27903	-28321	
-25248	-27764	-28542	
-25246	-27583	-28821	
-25187	-28003	-28397	
-25340	-26116	-29690	
-25191	-28112	-28115	
-25215	-27653	-28879	
-25376	-26364	-29611	
-25330	-26275	-29671	
-25397	-27150	-29141	
-25267	-25869	-29863	
-25256	-28402	-27184	
-25225	-27718	-28670	
-25432	-26610	-29526	
-25330	-25666	-29868	
-25330	-26050	-29704	
-25246	-26111	-29873	
-25241	-27721	-28603	
-25241	-28173	-27862	
-25315	-26731	-29511	
-25389	-27166	-29292	
-25188	-25106	-29964	
-25221	-27751	-28643	
-25255	-28410	-27363	
-25208	-25635	-29923	
-25176	-27897	-28564	
-25310	-25902	-29749	
-25392	-27150	-29215	
-25134	-25307	-29979	
-25240	-28371	-27384	
-25233	-28548	-27631	
-25162	-25528	-29964	
-25324	-26061	-29696	
-25289	-26144	-29759	
-25309	-26673	-29644	
-25210	-27743	-28714	
-25172	-28032	-28360	
-25382	-26527	-29540	
-25135	-28049	-28317	
-25317	-27356	-29103	
-25110	-25074	-29999	
-25271	-28305	-27530	
-25254	-27281	-29231	
-25108	-27811	-28585	
-25314	-26754	-29459	
-25128	-28145	-28253	
-25105	-27772	-28780	
-25283	-26195	-29694	
-25241	-27368	-29037	
-25107	-27662	-28735	
-25256	-26811	-29448	
-25107	-25489	-30053	
-25215	-27411	-29093	
-25140	-27940	-28524	
-25166	-25381	-29943	
-25299	-26405	-29680	
-25250	-26439	-29704	
-25368	-28542	-26963	
-25212	-27526	-28885	
-25040	-27814	-28681	
-25192	-27589	-28981	
-25278	-26647	-29690	
-25240	-26171	-29740	
-25155	-28155	-28075	
-25249	-26949	-29498	
-25271	-26197	-29694	
-25235	-26368	-29771	
-25153	-28729	-26812	
-25211	-27444	-29066	
-25209	-27427	-29152	
-25124	-27895	-28574	
-25184	-25877	-29874	
-25023	-27904	-28606	
-25176	-25688	-29879	
-25068	-27980	-28419	
-25047	-27708	-28970	
-25142	-25969	-29895	
-25224	-26740	-29536	
-23217	-29411	-25885	
-25059	-27979	-28489	
-25175	-27487	-29026	
-25117	-25373	-29972	
-25005	-27815	-28762	
-25000	-27826	-28610	
-25197	-28310	-27974	
-25183	-27282	-29154	
-25159	-27344	-29166	
-24989	-28093	-28651	
-25166	-27590	-28987	
-25130	-27633	-28947	
-25060	-28060	-28275	
-25125	-28164	-28118	
-25056	-27464	-29048	
-25203	-27138	-29509	
-25221	-28340	-27704	
-25105	-25766	-29936	
-25141	-27341	-29173	
-25145	-25581	-29958	
-25213	-26736	-29574	
-25022	-28222	-28340	
-25201	-28419	-27692	
-25072	-28251	-28064	
-25088	-27312	-29370	
-25198	-27276	-29291	
-25150	-28559	-27306	
-25042	-28023	-28475	
-25203	-26881	-29624	
-25035	-28228	-28097	
-25035	-27538	-29147	
-25043	-27458	-29291	
-24991	-27814	-28781	
-24982	-27847	-28830	
-25060	-27431	-29075	
-25075	-28152	-28164	
-25086	-26153	-29785	
-25110	-25586	-29946	
-25147	-28574	-26975	
-25040	-27462	-29149	
-25002	-28099	-28408	
-25040	-27954	-28517	
-25062	-27355	-29426	
-25083	-27420	-29158	
-25022	-28466	-27854	
-24990	-27565	-28999	
-24999	-25721	-30080	
-25121	-28575	-26981	
-25082	-26234	-29782	
-25062	-26127	-29888	
-25015	-27976	-28519	
-25102	-28659	-27269	
-25096	-25746	-29951	
-24977	-27577	-29280	
-25055	-26429	-29892	
-24951	-27890	-28714	
-24704	-25017	-30335	
-25235	-26382	-29716	
-24961	-25245	-30130	
-25075	-25988	-29961	
-24958	-27728	-28851	
-25095	-25498	-29972	
-25081	-25558	-29994	
-24979	-27623	-28992	
-25221	-26398	-29753	
-25087	-25570	-29959	
-25010	-27677	-28980	
-25123	-27252	-29329	
-25052	-28330	-28052	
-25181	-26583	-29731	
-24942	-27713	-28891	
-24932	-27729	-28857	
-24889	-27783	-29067	
-24954	-27606	-29068	
-25053	-28322	-27873	
-25054	-25617	-29968	
-25067	-26421	-29781	
-24999	-28400	-28228	
-25051	-25755	-29981	
-24919	-27891	-28779	
-24857	-27935	-28745	
-24979	-25612	-30097	
-25102	-26905	-29569	
-24953	-24813	-30133	
-25105	-28673	-26846	
-24931	-27866	-28751	
-24941	-25136	-30147	
-24937	-28172	-28418	
-25096	-26421	-29749	
-25015	-26907	-29546	
-25001	-25527	-30007	
-24987	-27023	-29626	
-25074	-26728	-29626	
-25048	-26771	-29682	
-25165	-28462	-27652	
-25093	-26559	-29762	
-25012	-27460	-29151	
-24803	-27842	-28843	
-24939	-25310	-30166	
-24759	-27839	-28873	
-24814	-28040	-28722	
-24866	-27599	-29077	
-24782	-27911	-28783	
-24924	-28094	-28428	
-24863	-28096	-28501	
-24749	-28006	-28794	
-25049	-26057	-29902	
-24942	-26612	-29750	
-24851	-27629	-29078	
-24848	-28147	-28486	
-24831	-27594	-29088	
-24725	-27922	-28802	
-24746	-27816	-28942	
-24809	-27597	-29161	
-24993	-25811	-29987	
-24699	-27923	-28808	
-24814	-27597	-29087	
-24924	-26658	-29703	
-25003	-26049	-29911	
-25060	-27150	-29458	
-25070	-28664	-27276	
-25041	-26525	-29861	
-24792	-27688	-29100	
-24696	-27883	-28822	
-24977	-26980	-29629	
-24905	-25321	-30169	
-24994	-27269	-29447	
-24941	-26776	-29662	
-24975	-27372	-29312	
-24683	-27860	-28891	
-24914	-26827	-29657	
-24881	-28257	-28263	
-24988	-25992	-29923	
-24908	-26698	-29741	
-24877	-25113	-30183	
-24970	-26308	-29893	
-24984	-26032	-29937	
-24967	-26234	-29933	
-24985	-27131	-29556	
-24989	-25880	-30061	
-24746	-27609	-29196	
-24759	-28313	-28371	
-24996	-28535	-27774	
-24698	-27830	-28890	
-24831	-27387	-29342	
-24630	-27930	-29067	
-22809	-29448	-26860	
-24758	-28125	-28567	
-24743	-27716	-29150	
-24982	-27169	-29520	
-24867	-28242	-28322	
-24754	-27404	-29324	
-24681	-27920	-28815	
-24862	-26818	-29712	
-24663	-27831	-28971	
-24947	-28479	-27995	
-24745	-28174	-28380	
-24786	-28162	-28463	
-24897	-26929	-29670	
-24734	-28237	-28372	
-24970	-27331	-29459	
-24709	-28230	-28385	
-24951	-25404	-30111	
-24729	-27792	-29013	
-24749	-27532	-29296	
-24924	-25955	-30014	
-24691	-28227	-28392	
-25026	-26554	-29808	
-24914	-26574	-29821	
-24726	-27427	-29332	
-24638	-28198	-28589	
-24964	-28687	-27452	
-24947	-26125	-29950	
-24765	-28297	-28312	
-24960	-27288	-29462	
-24732	-28168	-28623	
-24892	-26639	-29857	
-24892	-27202	-29483	
-24731	-27360	-29478	
-24668	-27974	-28806	
-24950	-28649	-27501	
-24720	-27396	-29368	
-24896	-28804	-26784	
-24731	-27400	-29330	
-24719	-27429	-29376	
-24763	-28369	-28340	
-24691	-27438	-29463	
-24970	-27075	-29575	
-24720	-27638	-29154	
-24860	-26718	-29726	
-24913	-26059	-29956	
-24688	-27523	-29313	
-24646	-27652	-29178	
-24739	-28099	-28590	
-24766	-28085	-28694	
-24607	-27959	-28855	
-24914	-25987	-30004	
-24859	-27206	-29649	
-24839	-26808	-29755	
-24613	-28265	-28522	
-24856	-27292	-29500	
-24841	-26849	-29716	
-24945	-28555	-27511	
-24887	-26163	-30036	
-24849	-27046	-29679	
-24702	-27591	-29205	
-24601	-27798	-29099	
-24919	-28556	-27517	
-24663	-28030	-28767	
-24686	-27454	-29355	
-24902	-28593	-27535	
-24915	-25589	-30133	
-24901	-26452	-29920	
-24676	-27592	-29211	
-24646	-27622	-29184	
-24849	-26938	-29685	
-24703	-27363	-29434	
-24797	-26656	-29795	
-24635	-27618	-29222	
-24891	-28564	-27840	
-24646	-27506	-29358	
-24583	-28037	-28933	
-24580	-28041	-28791	
-24630	-27674	-29183	
-24647	-28241	-28377	
-24768	-26694	-29759	
-24633	-27646	-29421	
-24532	-28055	-28739	
-24911	-28485	-27852	
-24796	-28469	-28040	
-24766	-26768	-29856	
-24611	-28105	-28676	
-24600	-27729	-29100	
-24576	-27791	-29112	
-24633	-28306	-28377	
-24517	-28085	-28740	
-24814	-27106	-29720	
-24821	-27352	-29541	
-24540	-27699	-29275	
-24870	-26341	-29964	
-24816	-28590	-27633	
-24530	-28144	-28641	
-24558	-27788	-29119	
-24606	-27660	-29317	
-24522	-27748	-29162	
-24716	-28476	-28206	
-24883	-26345	-29926	
-24524	-28109	-28681	
-24825	-26838	-29737	
-24499	-28095	-28875	
-24897	-25393	-30156	
-24863	-25199	-30170	
-24509	-28160	-28666	
-24847	-25165	-30182	
-24868	-28511	-27866	
-24840	-25668	-30092	
-24853	-26472	-29905	
-24593	-28344	-28510	
-24788	-26649	-29914	
-24729	-28482	-27963	
-24494	-28185	-28710	
-24873	-25820	-30077	
-24425	-27783	-29169	
-24799	-28634	-27619	
-24712	-28611	-28002	
-24500	-27867	-29104	
-24432	-27781	-29125	
-24786	-27103	-29721	
-24840	-26605	-29956	
-24759	-26951	-29722	
-24399	-27785	-29291	
-24532	-28224	-28564	
-24747	-26936	-29769	
-24764	-26805	-29828	
-24798	-25801	-30175	
-24681	-27239	-29571	
-24813	-25872	-30108	
-24791	-28607	-27822	
-24834	-25630	-30098	
-24552	-28039	-28793	
-24527	-28207	-28615	
-24515	-27951	-28954	
-24426	-28099	-28731	
-24851	-26348	-30058	
-24883	-26088	-30041	
-24406	-28178	-28719	
-24872	-26106	-30048	
-24407	-27829	-29122	
-24406	-28104	-28738	
-24626	-27400	-29600	
-24743	-28550	-27855	
-24371	-27966	-28984	
-24380	-28106	-28745	
-24811	-25668	-30124	
-24843	-28874	-26960	
-24326	-28112	-28905	
-24525	-28258	-28531	
-24397	-27786	-29125	
-24624	-28419	-28265	
-24390	-27843	-29210	
-24865	-25892	-30064	
-24392	-28253	-28581	
-24565	-27560	-29442	
-24321	-28128	-28797	
-24850	-25835	-30076	
-24740	-26815	-29792	
-24324	-28043	-28947	
-24357	-28313	-28622	
-24737	-26893	-29772	
-24292	-27943	-28997	
-24346	-28305	-28693	
-24564	-27427	-29513	
-24531	-28393	-28423	
-24733	-27160	-29804	
-24286	-28188	-28838	
-24314	-27975	-28964	
-24680	-28519	-28166	
-24818	-26307	-30063	
-24553	-27460	-29515	
-24344	-27873	-29071	
-24744	-26016	-30135	
-24291	-27943	-29247	
-24288	-27971	-29009	
-24746	-28704	-27795	
-24294	-27983	-28966	
-24557	-28350	-28367	
-24800	-28674	-27500	
-24299	-27975	-28971	
-24764	-28621	-27718	
-24424	-28382	-28520	
-24259	-28008	-29018	
-24588	-27213	-29729	
-24518	-27482	-29450	
-24572	-27357	-29650	
-24354	-27685	-29362	
-24757	-25551	-30219	
-24694	-26749	-29865	
-24487	-27580	-29505	
-24831	-26429	-29964	
-24509	-28402	-28452	
-24529	-28509	-28211	
-24231	-28017	-29105	
-24506	-28444	-28312	
-24714	-26858	-29848	
-24659	-26869	-29876	
-24834	-28804	-26980	
-24691	-26356	-30023	
-24323	-28227	-28697	
-24312	-27734	-29322	
-24206	-28054	-28922	
-24687	-26503	-30044	
-24775	-28848	-27403	
-24216	-28193	-28712	
-24226	-28033	-28997	
-24424	-27478	-29634	
-24760	-28675	-27478	
-24173	-28238	-28703	
-24175	-28101	-28949	
-24657	-26670	-29935	
-24779	-25849	-30112	
-24172	-28230	-28839	
-24713	-26080	-30098	
-24650	-28524	-28013	
-24269	-28121	-28885	
-24697	-26877	-29807	
-24634	-26672	-29942	
-24146	-28239	-28959	
-24630	-26712	-29956	
-24457	-28482	-28220	
-24390	-28413	-28322	
-24644	-28525	-28023	
-24302	-27691	-29325	
-24539	-28544	-28012	
-24444	-28459	-28289	
-24364	-28456	-28378	
-24564	-28522	-28112	
-24093	-28039	-29157	
-24291	-27687	-29363	
-24242	-28170	-28847	
-24609	-26959	-29822	
-24273	-27739	-29446	
-24513	-28545	-28018	
-24459	-28551	-28178	
-24326	-27682	-29363	
-24321	-28327	-28593	
-24304	-27668	-29387	
-24090	-28168	-29047	
-24504	-27272	-29672	
-24704	-25018	-30281	
-24671	-25276	-30317	
-24259	-27814	-29308	
-24399	-27616	-29466	
-24612	-26791	-29884	
-24699	-26110	-30080	
-24719	-25990	-30191	
-24381	-28480	-28307	
-24581	-26967	-29908	
-24273	-28372	-28565	
-24419	-27494	-29526	
-24743	-28719	-27464	
-24602	-26725	-29898	
-24644	-26224	-30125	
-24086	-27793	-29336	
-24652	-26552	-30000	
-24302	-27651	-29473	
-24608	-28640	-27818	
-24125	-28337	-28705	
-24175	-27946	-29193	
-24336	-28419	-28482	
-24166	-27979	-29242	
-24476	-27235	-29776	
-24269	-27573	-29552	
-24140	-27932	-29291	
-24423	-28557	-28035	
-24123	-28268	-28747	
-24693	-28724	-27473	
-24585	-28668	-27880	
-24690	-28789	-27640	
-24681	-25514	-30241	
-24565	-27391	-29617	
-24470	-27290	-29686	
-24419	-28627	-28111	
-24341	-28495	-28243	
-24236	-28340	-28574	
-24269	-28315	-28595	
-24655	-25967	-30227	
-24546	-27016	-29864	
-24210	-28336	-28619	
-24614	-26563	-29959	
-24073	-27763	-29341	
-24272	-28432	-28411	
-24349	-27292	-29654	
-24331	-27354	-29765	
-24603	-26561	-29986	
-24538	-26689	-29990	
-24068	-27791	-29344	
-24524	-26718	-29971	
-24324	-28532	-28311	
-24047	-27743	-29359	
-24139	-27993	-29138	
-24450	-27236	-29782	
-24518	-26786	-30067	
-24412	-27248	-29705	
-24191	-27671	-29584	
-24023	-27745	-29385	
-24115	-28277	-28836	
-24316	-28465	-28375	
-24120	-28353	-28597	
-24016	-27814	-29418	
-23481	-24524	-30799	
-24299	-28418	-28515	
-24541	-28700	-28000	
-24236	-28462	-28464	
-24266	-27493	-29625	
-23941	-28085	-29063	
-24010	-27869	-29328	
-24630	-26254	-30107	
-24226	-28478	-28430	
-24238	-28409	-28532	
-24508	-27028	-29824	
-24103	-28346	-28734	
-24401	-27399	-29637	
-24115	-28446	-28661	
-24241	-27363	-29703	
-23915	-28072	-29079	
-24493	-27073	-29947	
-24213	-27365	-29658	
-24201	-27440	-29687	
-24623	-26466	-30135	
-24658	-25415	-30244	
-24306	-28580	-28176	
-24657	-25306	-30299	
-24223	-28607	-28320	
-24645	-25699	-30263	
-24551	-26527	-30085	
-24513	-26938	-29943	
-23440	-25611	-30811	
-23882	-28068	-29110	
-24308	-28540	-28222	
-24005	-28293	-28794	
-24190	-28522	-28391	
-24147	-28538	-28497	
-23927	-28008	-29261	
-24536	-26556	-30032	
-24019	-27727	-29451	
-24497	-27026	-29851	
-23952	-27827	-29347	
-24710	-26006	-30138	
-23934	-27732	-29458	
-24279	-28678	-28232	
-24417	-27231	-29812	
-24640	-28794	-27649	
-24613	-26198	-30171	
-24542	-28775	-27655	
-23907	-27794	-29480	
-24104	-27505	-29597	
-23889	-28314	-28931	
-23842	-28230	-29115	
-24712	-28863	-26963	
-23917	-28101	-29057	
-23900	-27846	-29435	
-24638	-28868	-27407	
-24489	-28779	-27767	
-24617	-25491	-30277	
-23889	-27871	-29296	
-24354	-27179	-29844	
-23882	-27962	-29302	
-23848	-28061	-29123	
-24098	-27548	-29716	
-23865	-27883	-29402	
-23920	-27762	-29440	
-23824	-28020	-29184	
-23894	-28478	-28673	
-23836	-28114	-29129	
-24305	-28669	-28112	
-24301	-28613	-28143	
-23923	-28176	-29031	
-24105	-27970	-29259	
-23826	-28047	-29147	
-23894	-27758	-29486	
-24180	-28560	-28402	
-23875	-28359	-28804	
-23889	-28330	-28823	
-23815	-28039	-29218	
-23781	-27942	-29345	
-23875	-28190	-28979	
-23864	-27687	-29586	
-23731	-28057	-29154	
-24191	-27415	-29700	
-23941	-27978	-29279	
-24296	-28702	-28161	
-24584	-25852	-30299	
-24457	-26790	-29950	
-23656	-28241	-29183	
-23847	-28400	-28681	
-24033	-27652	-29589	
-23860	-27716	-29488	
-24443	-26990	-29961	
-24060	-28447	-28534	
-23859	-27737	-29513	
-23954	-28461	-28513	
-23857	-28185	-28992	
-24161	-27312	-29780	
-24286	-28659	-28164	
-24585	-28975	-27115	
-23846	-28421	-28706	
-24009	-27568	-29597	
-24324	-27108	-29944	
-24562	-25554	-30406	
-24654	-28832	-27600	
-23940	-28473	-28545	
-24481	-28752	-27970	
-23983	-27569	-29603	
-24075	-27394	-29842	
-24439	-26957	-29990	
-23893	-27599	-29613	
-23936	-27557	-29622	
-23761	-28385	-28724	
-24584	-26108	-30183	
-24115	-27240	-29883	
-24097	-27254	-29816	
-23701	-27891	-29422	
-23585	-28049	-29203	
-23741	-28019	-29329	
-23849	-27712	-29526	
-24292	-27226	-29839	
-24298	-27175	-29904	
-23907	-28451	-28640	
-23696	-27919	-29400	
-23748	-28412	-28757	
-23835	-27984	-29294	
-23565	-28107	-29198	
-23863	-27814	-29444	
-23833	-28243	-29019	
-23563	-28052	-29251	
-23902	-28484	-28504	
-24478	-26316	-30163	
-23859	-27577	-29735	
-23734	-27773	-29508	
-23738	-28303	-28975	
-23776	-27727	-29561	
-23701	-27674	-29809	
-23792	-28147	-29129	
-23640	-27848	-29488	
-24074	-27429	-29737	
-24531	-26021	-30197	
-23867	-28316	-28847	
-23668	-28361	-28834	
-23891	-28482	-28531	
-23556	-28078	-29206	
-23832	-28353	-28814	
-23867	-28492	-28569	
-23767	-27593	-29620	
-23713	-28472	-28798	
-23635	-28339	-28929	
-23673	-27933	-29350	
-23552	-28060	-29272	
-24435	-26052	-30190	
-24009	-28561	-28419	
-23684	-27731	-29552	
-23756	-27589	-29658	
-23975	-28669	-28388	
-24557	-28889	-27159	
-23649	-27995	-29362	
-23608	-27756	-29652	
-24402	-26641	-30081	
-23854	-28554	-28606	
-24456	-26018	-30270	
-23744	-27598	-29622	
-24371	-26871	-30011	
-23442	-28146	-29207	
-23440	-28127	-29301	
-24508	-26518	-30103	
-23615	-27973	-29484	
-24070	-27545	-29717	
-24035	-27435	-29760	
-24468	-26216	-30172	
-24425	-26373	-30246	
-23612	-27845	-29489	
-24457	-26127	-30174	
-23603	-27878	-29538	
-23708	-28279	-29014	
-24030	-27462	-29737	
-23802	-28454	-28706	
-24492	-28949	-27273	
-23698	-27702	-29571	
-23836	-27685	-29588	
-24408	-24576	-30433	
-23623	-28501	-28868	
-24151	-28684	-28318	
-23897	-28544	-28436	
-23668	-27916	-29401	
-23654	-28391	-28816	
-24350	-26607	-30180	
-24477	-26407	-30147	
-23667	-27707	-29623	
-23682	-28233	-29064	
-23890	-28646	-28443	
-23934	-27480	-29858	
-23625	-27716	-29605	
-24351	-28802	-27820	
-23645	-28386	-28819	
-24013	-27438	-29808	
-23681	-27677	-29641	
-24363	-26474	-30129	
-24324	-26793	-30019	
-24454	-28766	-27866	
-24026	-27406	-29768	
-23925	-28586	-28402	
-24451	-26269	-30166	
-24510	-28844	-27499	
-23625	-28280	-29061	
-24291	-26929	-30083	
-24449	-28904	-27648	
-24258	-28776	-27978	
-23621	-28345	-28880	
-24063	-27299	-29896	
-24335	-25150	-30440	
-23410	-28054	-29371	
-23585	-28305	-29087	
-24256	-28707	-28020	
-24213	-27117	-29970	
-23568	-27768	-29581	
-23828	-28488	-28610	
-23580	-28348	-28956	
-24285	-26980	-30018	
-24430	-26329	-30155	
-23726	-28530	-28698	
-24236	-27148	-29919	
-23450	-28434	-28878	
-24148	-28712	-28080	
-23546	-27771	-29629	
-23814	-28587	-28478	
-23428	-27829	-29544	
-24098	-27216	-29954	
-23384	-28530	-28887	
-24095	-28720	-28215	
-23809	-27494	-29749	
-23392	-27910	-29556	
-23563	-28324	-29027	
-23410	-28024	-29381	
-24267	-26721	-30141	
-24411	-26454	-30144	
-23382	-28374	-28899	
-23385	-28193	-29204	
-23367	-28187	-29216	
-24509	-25723	-30304	
-23756	-27513	-29780	
-23899	-28613	-28394	
-24204	-27019	-29980	
-23400	-27999	-29394	
-23359	-28380	-28968	
-23382	-27779	-29649	
-24071	-28809	-27983	
-23295	-28135	-29244	
-23809	-28700	-28527	
-24280	-28977	-27770	
-23392	-28070	-29334	
-23210	-24432	-30838	
-24029	-28734	-28136	
-24489	-25614	-30321	
-23375	-27886	-29627	
-23149	-28162	-29316	
-23273	-28014	-29426	
-23399	-28332	-29047	
-24296	-27106	-29946	
-24141	-26995	-30003	
-23415	-28295	-29123	
-24058	-27088	-30047	
-23688	-28539	-28731	
-23284	-28017	-29387	
-23865	-27409	-29904	
-23888	-27250	-29902	
-24022	-28753	-28204	
-24222	-28819	-27938	
-24372	-25840	-30308	
-23608	-27727	-29663	
-23357	-28402	-28905	
-23781	-28565	-28573	
-23342	-28356	-29039	
-24115	-28690	-28175	
-22634	-29464	-25634	
-23127	-28100	-29359	
-23358	-28063	-29347	
-23145	-28178	-29310	
-23200	-28040	-29444	
-24382	-26108	-30272	
-24351	-26082	-30318	
-23861	-27377	-29930	
-23293	-28207	-29214	
-24314	-25392	-30450	
-24361	-26350	-30282	
-23214	-28010	-29462	
-23372	-27696	-29775	
-23399	-28316	-29155	
-23656	-28523	-28773	
-23324	-28429	-28924	
-23206	-27921	-29624	
-23597	-28629	-28578	
-24091	-26970	-30133	
-24204	-26751	-30089	
-24321	-25670	-30348	
-23088	-28071	-29401	
-24085	-27137	-29963	
-23158	-27940	-29551	
-23125	-28257	-29298	
-24276	-28813	-27778	
-24383	-25822	-30301	
-23306	-28399	-28999	
-23630	-28554	-28617	
-24162	-26779	-30102	
-23334	-28447	-28901	
-24075	-28696	-28252	
-24239	-24930	-30461	
-23370	-27718	-29712	
-24006	-27192	-29987	
-23053	-28120	-29357	
-23569	-28613	-28670	
-24197	-26505	-30268	
-23999	-28782	-27992	
-23986	-28759	-28061	
-23118	-27976	-29490	
-23073	-28336	-29065	
-23389	-28249	-29173	
-23363	-27791	-29681	
-22979	-28083	-29388	
-23050	-27951	-29498	
-23835	-27307	-29985	
-24131	-26784	-30154	
-23964	-28768	-28090	
-23957	-28715	-28341	
-24122	-26793	-30108	
-24051	-28702	-28224	
-23198	-28541	-28955	
-22910	-28002	-29619	
-23633	-27588	-29830	
-24145	-26755	-30173	
-22985	-28170	-29336	
-22924	-28079	-29421	
-23158	-28361	-29004	
-24308	-25803	-30399	
-22905	-28091	-29453	
-23155	-28388	-29043	
-24117	-26801	-30131	
-23984	-28729	-28241	
-23030	-28337	-29096	
-24213	-24948	-30504	
-23094	-28360	-29044	
-23974	-27146	-29989	
-22920	-28309	-29196	
-24218	-28852	-27911	
-23889	-27123	-30044	
-22885	-28170	-29441	
-22920	-28348	-29047	
-23325	-27803	-29641	
-23945	-28771	-27994	
-22907	-28393	-29049	
-23912	-28866	-28005	
-24234	-26680	-30146	
-23254	-27895	-29557	
-23457	-28680	-28699	
-22858	-28353	-29162	
-23337	-27745	-29731	
-23987	-27216	-29975	
-23830	-27458	-29860	
-23701	-27417	-29924	
-23902	-28791	-28014	
-23947	-28672	-28344	
-23166	-28526	-28998	
-22879	-28045	-29503	
-23143	-27808	-29668	
-24217	-26638	-30155	
-23891	-28787	-28052	
-23591	-27421	-29868	
-23138	-27835	-29645	
-23573	-27533	-29832	
-23422	-27523	-29877	
-22922	-28326	-29110	
-23307	-27800	-29648	
-23875	-27153	-30026	
-23417	-28552	-28792	
-23884	-28874	-28091	
-23858	-28765	-28147	
-22698	-28355	-29110	
-24056	-27019	-30089	
-23359	-27715	-29751	
-22682	-28495	-29137	
-23098	-27762	-29709	
-22867	-28320	-29113	
-23098	-28440	-29019	
-23033	-27927	-29569	
-22794	-28302	-29202	
-24162	-26554	-30224	
-22796	-28195	-29329	
-23842	-27200	-30007	
-23871	-28742	-28248	
-22684	-28278	-29308	
-22938	-27831	-29768	
-23393	-27501	-29973	
-23841	-28718	-28287	
-22865	-27956	-29660	
-24289	-25851	-30336	
-24391	-28962	-27482	
-23741	-27340	-29940	
-23324	-28589	-28702	
-23809	-28725	-28260	
-22817	-28084	-29462	
-23280	-28559	-28703	
-22975	-28478	-29027	
-23231	-28563	-28860	
-23768	-28778	-28202	
-24321	-25352	-30428	
-23335	-27561	-29884	
-23718	-28744	-28360	
-22663	-28187	-29366	
-23465	-28686	-28530	
-24018	-27030	-30048	
-22631	-28095	-29530	
-23854	-27131	-30109	
-24134	-26749	-30182	
-24371	-28908	-27578	
-23666	-27342	-29982	
-22877	-28472	-29031	
-23823	-27212	-30039	
-24098	-26706	-30233	
-22412	-28378	-29324	
-24282	-25936	-30333	
-22554	-28215	-29345	
-23217	-28593	-28842	
-22637	-28385	-29174	
-23806	-28705	-28386	
-23791	-28751	-28223	
-22999	-27718	-29812	
-24054	-28860	-27931	
-23575	-27371	-30079	
-24306	-28921	-27490	
-24251	-26290	-30308	
-23154	-27623	-29894	
-23802	-27228	-30063	
-24152	-28953	-27862	
-23758	-28779	-28107	
-22450	-28417	-29178	
-23281	-28542	-28810	
-23208	-27704	-29795	
-23756	-28940	-28141	
-23621	-27290	-30073	
-23665	-28753	-28265	
-24051	-26842	-30226	
-23466	-27385	-29991	
-23178	-27918	-29625	
-22301	-28141	-29454	
-22541	-28228	-29311	
-22541	-28018	-29584	
-23640	-28798	-28382	
-23657	-28746	-28433	
-22645	-28184	-29373	
-24248	-25817	-30359	
-24233	-25923	-30341	
-24229	-25992	-30415	
-23341	-27510	-29949	
-22853	-27638	-29825	
-24333	-28907	-27594	
-22374	-28081	-29539	
-23754	-28784	-28153	
-23732	-28822	-28163	
-23127	-28621	-28751	
-23808	-27177	-30128	
-22355	-28029	-29652	
-22822	-27696	-29831	
-23722	-28860	-28174	
-23746	-28897	-28144	
-23967	-26900	-30168	
-22898	-27748	-29788	
-23605	-28723	-28440	
-24177	-25999	-30380	
-24165	-26161	-30319	
-23552	-28775	-28499	
-24198	-25481	-30537	
-24123	-26200	-30395	
-23638	-27339	-29983	
-22813	-27729	-29880	
-24128	-26544	-30233	
-24040	-28890	-27913	
-23138	-27573	-30105	
-24240	-26285	-30318	
-24081	-26732	-30209	
-22927	-28555	-29017	
-22574	-27758	-29899	
-23105	-28624	-28799	
-23312	-28688	-28642	
-23901	-26908	-30146	
-24080	-26717	-30310	
-24201	-24454	-30511	
-23848	-26926	-30160	
-23122	-28648	-28728	
-24134	-26493	-30298	
-23198	-28823	-28545	
-23630	-28836	-28207	
-23276	-28725	-28513	
-23801	-26931	-30307	
-24237	-26320	-30290	
-22922	-28582	-28994	
-24220	-25779	-30430	
-23795	-26982	-30242	
-23370	-27423	-29977	
-23143	-28724	-28640	
-23280	-27396	-30059	
-22963	-28594	-28809	
-23613	-28812	-28278	
-22941	-28632	-28819	
-23132	-27609	-29918	
-23244	-27416	-29983	
-23722	-27048	-30139	
-23371	-27379	-30154	
-23874	-28921	-28052	
-22596	-28599	-28920	
-22875	-28634	-28784	
-22873	-28607	-28827	
-22340	-28536	-29079	
-22763	-28665	-28741	
-22664	-27625	-30118	
-22724	-28623	-28828	
-22892	-28658	-28713	
-23961	-28927	-27883	
-24091	-26460	-30412	
-22708	-28826	-28770	
-23679	-27027	-30147	
-22968	-27617	-29938	
-23474	-28880	-28227	
-22580	-28623	-28936	
-23571	-27207	-30087	
-23885	-28910	-27895	
-24112	-26218	-30402	
-23105	-28700	-28677	
-23396	-28854	-28378	
-23430	-28877	-28257	
-23614	-27044	-30252	
-23568	-27090	-30271	
-23446	-27221	-30098	
-22706	-28669	-28781	
-22524	-27675	-29913	
-23115	-28721	-28641	
-24253	-28991	-27666	
-22640	-28740	-28791	
-23349	-28776	-28386	
-23028	-28743	-28613	
-23309	-28803	-28434	
-22578	-28645	-28873	
-23398	-27252	-30126	
-22866	-28729	-28696	
-23510	-28848	-28183	
-23841	-26746	-30329	
-24166	-25980	-30445	
-23429	-27197	-30169	
-22931	-27585	-29947	
-23551	-27163	-30137	
-23835	-26797	-30264	
-22400	-28653	-28934	
-23268	-28830	-28470	
-23459	-27139	-30170	
-24125	-28997	-27752	
-22900	-28752	-28575	
-22139	-28761	-28879	
-23517	-28969	-28160	
-23847	-28935	-27948	
-24100	-29032	-27629	
-22848	-28775	-28649	
-24166	-25994	-30390	
-24155	-25701	-30487	
-21968	-29502	-25499	
-23838	-29002	-27933	
-24018	-26520	-30327	
-24014	-29006	-27778	
-23914	-29004	-27846	
-23821	-28978	-28004	
-23383	-28873	-28354	
-23467	-28886	-28174	
-23365	-27174	-30205	
-23432	-28946	-28215	
-23894	-26662	-30325	
-23232	-28862	-28398	
-23823	-26792	-30282	
-23828	-28959	-27936	
-23111	-28913	-28442	
-23834	-26539	-30359	
-23356	-28887	-28250	
-24023	-29052	-27742	
-23335	-27284	-30222	
-23351	-29000	-28299	
-24094	-25854	-30523	
-22874	-28863	-28461	
-22866	-28889	-28474	
-24009	-26038	-30445	
-24044	-29117	-27474	
-22898	-27486	-30248	
-22691	-28883	-28513	
-23693	-28984	-28090	
-23791	-26663	-30343	
-24000	-26198	-30461	
-22674	-28859	-28584	
-23131	-27292	-30297	
-23777	-26723	-30365	
-23325	-27091	-30225	
-23931	-29028	-27775	
-23273	-27150	-30238	
-23672	-26781	-30326	
-22867	-28868	-28449	
-23690	-29012	-27852	
-23776	-26550	-30374	
-23996	-29066	-27638	
-22563	-28859	-28605	
-23518	-27007	-30285	
-23561	-26844	-30450	
-23637	-29082	-28028	
-22379	-28848	-28736	
-23894	-26406	-30441	
-23666	-29058	-27800	
-23267	-27198	-30243	
-23727	-26640	-30379	
-23108	-28918	-28301	
-23080	-28915	-28302	
-22942	-28949	-28440	
-22505	-28894	-28581	
-23978	-25927	-30489	
-23397	-28995	-28171	
-23655	-26757	-30397	
-23439	-26940	-30290	
-23720	-26580	-30388	
-23422	-26951	-30348	
-23544	-26917	-30316	
-23970	-29067	-27644	
-23261	-26993	-30294	
-23499	-29015	-28113	
-23861	-26048	-30474	
-22377	-28870	-28673	
-23489	-28972	-28116	
-22919	-25168	-30854	
-23842	-29073	-27730	
-23124	-27046	-30476	
-23598	-26490	-30398	
-23588	-26497	-30418	
-23991	-29204	-27420	
-23803	-26028	-30481	
-23765	-26256	-30460	
-22914	-28946	-28441	
-23569	-26628	-30408	
-23759	-26127	-30526	
-23698	-29187	-27739	
-22907	-28998	-28396	
-23980	-25692	-30573	
-23764	-29116	-27697	
-23940	-25877	-30551	
-23581	-26466	-30469	
-23793	-25962	-30495	
-23081	-27209	-30311	
-23687	-26258	-30489	
-23646	-26289	-30460	
-23648	-29104	-27753	
-23926	-25893	-30588	
-23638	-29061	-27756	
-23926	-25907	-30533	
-23593	-26345	-30542	
-23358	-26928	-30384	
-23437	-29123	-28078	
-23348	-29005	-28158	
-23309	-29099	-28170	
-22952	-27059	-30330	
-23792	-25938	-30557	
-22824	-27195	-30320	
-23298	-29095	-28208	
-23147	-29085	-28253	
-23532	-29218	-27878	
-22576	-29042	-28299	
-23677	-26233	-30502	
-22214	-29007	-28333	
-23551	-26576	-30486	
-23713	-29142	-27616	
-23500	-29089	-27939	
-23624	-26246	-30519	
-23675	-26164	-30544	
-23930	-25609	-30587	
-23432	-26694	-30469	
-23488	-26552	-30509	
-22319	-29117	-28271	
-23902	-25401	-30601	
-23852	-25602	-30660	
-23230	-26582	-30612	
-23594	-26088	-30645	
-23114	-26778	-30512	
-23487	-26553	-30522	
-23306	-29127	-27932	
-23243	-29164	-27911	
-22967	-29140	-28112	
-23530	-26333	-30572	
-23730	-25781	-30654	
-23095	-29164	-28020	
-22816	-29129	-28156	
-23396	-26378	-30541	
-23358	-26403	-30541	
-23300	-26499	-30553	
-23081	-26700	-30591	
-23344	-26344	-30640	
-22559	-29204	-28128	
-23414	-26261	-30581	
-23049	-29202	-27904	
-23050	-26755	-30548	
-22909	-24900	-30890	
-23384	-26159	-30662	
-23642	-24778	-30694	
-23353	-26204	-30587	
-23367	-29232	-27643	
-23627	-25182	-30699	
-23201	-29263	-27782	
-23606	-25580	-30672	
-22686	-29239	-27797	
-22675	-29236	-27836	
-23520	-25797	-30717	
-23607	-29319	-27500	
-23519	-26040	-30669	
-23584	-25306	-30683	
-23230	-26379	-30633	
-22949	-29271	-27627	
-22530	-29269	-27671	
-23220	-26314	-30648	
-22834	-29278	-27515	
-22618	-29316	-27531	
-22344	-29280	-27739	
-23428	-25865	-30688	
-23187	-26235	-30726	
-23334	-26076	-30676	
-23156	-26291	-30684	
-23257	-25888	-30748	
-23355	-29327	-27345	
-23024	-29372	-27249	
-22460	-29336	-27339	
-23082	-26242	-30695	
-23140	-29403	-26956	
-21920	-29522	-25177	
-22787	-25997	-30731	
-22897	-29390	-27197	
-23189	-25802	-30769	
-23003	-25813	-30837	
-22229	-29409	-26916	
-23188	-25778	-30831	
-22426	-29461	-26499	
-21931	-29456	-26585	
-21891	-29509	-26034	
-21443	-29453	-26677	
-21600	-29501	-26489	
