-29042	-17240	-22148	
-29037	-18627	-24122	
-29015	-19969	-23484	
-29013	-20198	-23389	
-28960	-20337	-22936	
-28909	-20704	-23537	
-28954	-20063	-24480	
-28907	-20933	-23442	
-28909	-20027	-24681	
-28878	-19040	-24822	
-28828	-20968	-23335	
-28769	-21244	-24105	
-28865	-18190	-24876	
-28854	-20084	-25098	
-28750	-21260	-23460	
-28810	-19766	-25363	
-28741	-21355	-23951	
-28733	-21476	-24177	
-28639	-21591	-24000	
-28766	-20108	-25829	
-28634	-21940	-24284	
-28645	-20086	-26151	
-28568	-22128	-23403	
-28514	-22281	-24420	
-28593	-19394	-26163	
-28574	-20234	-26378	
-28430	-22439	-24066	
-28554	-20987	-26544	
-28406	-22665	-24408	
-28482	-19188	-26668	
-28376	-19923	-26721	
-28374	-18928	-26805	
-28356	-22730	-23651	
-28324	-19301	-26811	
-28284	-20533	-26968	
-28256	-22762	-23447	
-28234	-22826	-24086	
-28232	-22988	-23789	
-28268	-20564	-27099	
-28192	-19487	-27258	
-28051	-23159	-23364	
-28142	-19860	-27264	
-28133	-19663	-27384	
-27984	-23179	-23003	
-27884	-23318	-23434	
-28112	-20340	-27502	
-28015	-20440	-27616	
-27856	-23326	-23483	
-27814	-23359	-24800	
-27784	-23398	-22730	
-27937	-20485	-27648	
-27716	-23457	-23549	
-27887	-20858	-27654	
-27883	-20628	-27753	
-27664	-23510	-24788	
-27868	-20177	-27895	
-27525	-23619	-23208	
-27497	-23723	-23675	
-27818	-20550	-27901	
-27787	-20036	-28006	
-27683	-20407	-28066	
-27442	-23808	-24152	
-27619	-19948	-28098	
-27571	-20736	-28112	
-27552	-19606	-28130	
-27325	-23830	-24536	
-27545	-20820	-28248	
-27316	-23866	-23872	
-27158	-23882	-23971	
-27157	-23991	-24304	
-27495	-21193	-28254	
-27448	-20453	-28270	
-27404	-20422	-28290	
-27373	-19908	-28395	
-27143	-24056	-23336	
-27323	-20281	-28401	
-27286	-20710	-28424	
-26982	-24105	-22755	
-27253	-20199	-28562	
-26975	-24215	-23249	
-27201	-20104	-28742	
-28988	-19071	-23642	
-26841	-24217	-23565	
-26801	-24248	-22952	
-28967	-19173	-23679	
-28964	-19682	-23784	
-26786	-24302	-24042	
-26710	-24331	-24249	
-26660	-24360	-23762	
-27123	-20149	-28774	
-26531	-24372	-23954	
-27073	-20522	-28780	
-27063	-20517	-28924	
-26517	-24437	-22986	
-26501	-24485	-24194	
-28934	-20233	-23282	
-26426	-24486	-23944	
-26416	-24502	-23707	
-27013	-20890	-28930	
-26998	-21197	-28952	
-26350	-24515	-24151	
-26336	-24580	-23183	
-26831	-21306	-29022	
-28906	-20160	-23986	
-28855	-20241	-24686	
-28899	-20431	-23932	
-26738	-20506	-29023	
-26714	-19360	-29028	
-26688	-20879	-29029	
-26326	-24599	-22645	
-26659	-20394	-29169	
-26168	-24621	-24676	
-26152	-24632	-22348	
-28883	-20600	-23883	
-28878	-20417	-24657	
-26145	-24742	-22842	
-28821	-20723	-24057	
-28809	-20725	-24155	
-28808	-20800	-24613	
-28862	-20586	-24608	
-28807	-20954	-24060	
-26654	-19728	-29178	
-26644	-20178	-29203	
-26599	-20762	-29319	
-25952	-24747	-23258	
-25886	-24760	-24546	
-25884	-24806	-24077	
-28834	-20099	-24922	
-28803	-20762	-24734	
-28776	-20638	-24933	
-28802	-19989	-25278	
-28748	-20819	-25151	
-25875	-24866	-23844	
-28745	-20911	-24546	
-28755	-20548	-25205	
-26389	-20516	-29346	
-28740	-21205	-24231	
-28705	-21403	-24881	
-26311	-20610	-29432	
-25812	-24878	-23324	
-28752	-20305	-25374	
-25767	-24886	-23103	
-28740	-20844	-24632	
-25701	-24899	-23547	
-28719	-20667	-25756	
-25694	-25009	-24041	
-28750	-20534	-25279	
-26101	-20364	-29459	
-28732	-20590	-25200	
-28681	-21070	-25322	
-28659	-21435	-25672	
-26078	-20630	-29510	
-28534	-22079	-24715	
-28621	-21749	-24507	
-28671	-20190	-25805	
-28627	-20379	-25926	
-28661	-21206	-25767	
-28679	-21299	-25227	
-28679	-20682	-25506	
-28643	-20348	-25795	
-25988	-21107	-29536	
-28610	-21607	-24725	
-28430	-19710	-26569	
-28574	-20851	-26099	
-28411	-19953	-26616	
-28355	-20385	-26741	
-28352	-20129	-26742	
-28337	-20061	-26795	
-25355	-25013	-23225	
-25940	-20521	-29567	
-25319	-25022	-24421	
-28593	-20721	-25801	
-28584	-20524	-25921	
-25306	-25043	-23062	
-28605	-21542	-25312	
-28608	-21836	-24630	
-25911	-20739	-29580	
-28670	-21111	-25276	
-25284	-25048	-23095	
-28580	-20938	-25853	
-28579	-21892	-24956	
-25892	-20271	-29711	
-25277	-25058	-23257	
-28595	-21645	-24853	
-28561	-20302	-26208	
-25237	-25144	-23942	
-28556	-20527	-26153	
-28287	-20434	-26801	
-28533	-21649	-25197	
-28404	-20224	-26562	
-28527	-21721	-25061	
-28370	-20078	-26719	
-28537	-21083	-25848	
-28408	-22436	-24503	
-28486	-22208	-25124	
-28496	-21447	-25391	
-28516	-22071	-25001	
-28510	-21746	-25156	
-28492	-21738	-25442	
-28363	-20349	-26665	
-28521	-21114	-25979	
-28488	-21979	-25219	
-28581	-21209	-25753	
-28487	-21456	-25854	
-28466	-21544	-25514	
-28468	-21211	-26183	
-25192	-25153	-23721	
-28509	-21086	-26080	
-28465	-21593	-25787	
-28384	-22230	-24703	
-28305	-20758	-26747	
-28262	-22685	-24816	
-28294	-20668	-26753	
-25010	-25161	-23685	
-28185	-19758	-27204	
-28464	-21773	-25419	
-28346	-22320	-24537	
-28353	-20492	-26627	
-25585	-20022	-29743	
-28314	-22369	-24802	
-28450	-21262	-26206	
-28500	-21094	-26184	
-28429	-21631	-25587	
-28409	-21833	-25292	
-24983	-25178	-24125	
-28416	-21744	-25577	
-28411	-21623	-25873	
-28409	-21501	-25886	
-28348	-21887	-25431	
-28396	-21310	-26109	
-28323	-22220	-24843	
-24973	-25179	-23544	
-28394	-21741	-26014	
-24928	-25187	-23323	
-28333	-21954	-25390	
-28382	-21148	-26222	
-28312	-22531	-24505	
-28381	-21760	-25996	
-28380	-21139	-26242	
-28301	-22217	-25280	
-25552	-21288	-29814	
-28325	-21847	-25512	
-28359	-21325	-26291	
-24905	-25222	-24157	
-28292	-22366	-25239	
-28344	-20992	-26478	
-28329	-21091	-26306	
-28135	-20131	-27210	
-28030	-23003	-24102	
-28300	-21825	-25604	
-28312	-21116	-26401	
-28392	-21411	-26018	
-28299	-22095	-25293	
-27999	-23044	-24975	
-28339	-21354	-26102	
-28295	-21984	-25635	
-28230	-22715	-24428	
-28107	-22928	-24422	
-28378	-21227	-26216	
-28292	-20897	-26658	
-28332	-21625	-26048	
-27897	-23170	-23856	
-28288	-22255	-25581	
-28170	-22757	-24317	
-28326	-21571	-26154	
-27975	-23095	-24064	
-28277	-20804	-26914	
-28311	-21296	-26449	
-28328	-21342	-26249	
-28266	-21820	-25876	
-28252	-22422	-25020	
-28130	-20348	-27216	
-28247	-21227	-26680	
-27899	-23124	-24271	
-24712	-25227	-24573	
-28256	-21441	-26175	
-28247	-21978	-25649	
-28268	-20990	-26496	
-28242	-21917	-25780	
-28245	-21456	-26585	
-24669	-25284	-23625	
-28215	-22441	-24919	
-28136	-22736	-24612	
-28208	-22712	-24865	
-28240	-20993	-26728	
-28127	-22742	-25028	
-28179	-22448	-25260	
-28155	-22466	-25593	
-28228	-21481	-26680	
-28222	-21953	-25665	
-28234	-20906	-26974	
-28254	-21670	-26080	
-28137	-22572	-25056	
-28219	-21886	-25867	
-28217	-22115	-25772	
-28161	-21802	-26211	
-25529	-20259	-29873	
-28223	-21645	-26090	
-27875	-23234	-24495	
-28216	-21785	-25893	
-28216	-22279	-25328	
-28202	-21735	-26130	
-28099	-22905	-24544	
-28201	-21823	-26021	
-28207	-22285	-25744	
-28101	-20673	-27169	
-28160	-21538	-26235	
-28214	-22014	-25798	
-28221	-21123	-27026	
-28227	-21177	-26920	
-28159	-22290	-25505	
-28180	-21921	-26124	
-28156	-21714	-26323	
-28209	-22056	-25839	
-28159	-21680	-26224	
-28095	-22794	-24886	
-27856	-23261	-24449	
-28134	-22471	-25082	
-28087	-20643	-27253	
-28129	-22513	-25123	
-28142	-21924	-25924	
-28141	-21931	-25899	
-28134	-22202	-25845	
-28154	-21592	-26336	
-28126	-21969	-26027	
-28125	-21648	-26662	
-28073	-22801	-24890	
-28116	-22467	-25232	
-28098	-22654	-25382	
-28070	-22896	-24748	
-27890	-23134	-24168	
-28124	-22400	-25932	
-27942	-23072	-24255	
-28092	-20830	-27091	
-28036	-20595	-27317	
-28143	-22081	-25810	
-28036	-22924	-24516	
-28155	-21309	-26706	
-28140	-22153	-25829	
-24638	-25301	-22610	
-28149	-21222	-26952	
-28116	-21924	-26324	
-28110	-21996	-26045	
-28121	-21881	-26139	
-28054	-21232	-27096	
-28042	-21203	-27097	
-28027	-21411	-27169	
-28085	-22117	-26009	
-28090	-21232	-26939	
-28139	-22160	-25804	
-28112	-21667	-26644	
-28075	-21473	-26996	
-28052	-22888	-25034	
-28074	-22000	-26132	
-28153	-22344	-25606	
-28102	-21837	-26616	
-28074	-22751	-25101	
-28132	-22431	-25750	
-25264	-21136	-29927	
-28011	-20689	-27202	
-28079	-22587	-25691	
-27685	-23422	-25128	
-28072	-22229	-26037	
-27970	-20449	-27395	
-24526	-25313	-24026	
-27958	-20640	-27349	
-28069	-22690	-25232	
-27973	-20725	-27197	
-27963	-20757	-27251	
-28060	-22037	-26126	
-28059	-22038	-26260	
-27969	-20804	-27191	
-27961	-20697	-27298	
-27955	-20493	-27362	
-27518	-23600	-23476	
-28026	-22694	-25106	
-27979	-22706	-25265	
-28055	-22254	-26132	
-27954	-20560	-27371	
-27975	-22711	-25416	
-27952	-20500	-27418	
-27955	-22777	-25211	
-28001	-22815	-25070	
-27951	-21245	-27203	
-24516	-25314	-23445	
-24498	-25321	-23075	
-27949	-21185	-27250	
-27871	-23123	-24837	
-27992	-22686	-25321	
-27937	-20541	-27385	
-27948	-20914	-27350	
-28109	-21566	-26670	
-28048	-21896	-26478	
-28061	-21590	-26750	
-27945	-20449	-27572	
-27930	-20756	-27594	
-28000	-22590	-25452	
-27936	-22804	-25165	
-28041	-22070	-26330	
-28045	-21991	-26336	
-24471	-25323	-23224	
-27937	-22769	-25497	
-24448	-25358	-24058	
-27881	-22860	-25128	
-27957	-22703	-25702	
-28061	-22579	-25977	
-28037	-22246	-26418	
-28041	-21955	-26367	
-28043	-21582	-27036	
-27507	-23611	-23494	
-27499	-23572	-24189	
-27860	-22844	-25177	
-28047	-21693	-26694	
-27857	-23226	-24781	
-27840	-23004	-25254	
-27497	-23619	-24858	
-27842	-22775	-25349	
-27952	-22421	-26114	
-28035	-21705	-26701	
-27956	-22131	-26849	
-28027	-21983	-26622	
-27814	-22833	-25398	
-28034	-21712	-26676	
-27920	-20822	-27401	
-27905	-21059	-27345	
-25066	-20717	-30015	
-27905	-20866	-27368	
-27821	-23088	-24854	
-27902	-20873	-27424	
-27803	-23080	-25140	
-27785	-22915	-25353	
-27904	-20933	-27377	
-27974	-22139	-26563	
-27888	-22363	-26202	
-27929	-22738	-25679	
-27896	-20819	-27530	
-27808	-22820	-25486	
-27926	-22617	-25703	
-27894	-22596	-25847	
-27733	-23156	-25008	
-27898	-21137	-27314	
-27954	-21735	-26864	
-27813	-22699	-25724	
-27889	-21090	-27476	
-27790	-22812	-25772	
-27893	-21634	-27054	
-27800	-22597	-25880	
-24383	-25392	-23060	
-27776	-22935	-25485	
-27874	-22466	-26146	
-27886	-22373	-26241	
-27894	-21216	-27308	
-27940	-21551	-27062	
-27883	-21371	-27258	
-27774	-22816	-25885	
-27884	-22251	-26254	
-27881	-21652	-26965	
-27692	-23281	-25111	
-27883	-22272	-26267	
-27810	-22494	-26339	
-27857	-21446	-27165	
-27879	-21881	-26870	
-27765	-22965	-25844	
-27860	-21714	-26939	
-27870	-22355	-26488	
-27744	-23053	-25504	
-27493	-23671	-24623	
-27885	-21169	-27470	
-27772	-22824	-25827	
-27742	-20231	-27940	
-27707	-23140	-25577	
-27787	-22595	-26070	
-27847	-21461	-27128	
-27933	-22176	-26443	
-27880	-21129	-27600	
-27840	-21473	-27318	
-27833	-21744	-27264	
-27859	-21217	-27260	
-27855	-21374	-27490	
-27850	-21731	-26878	
-27774	-22641	-25905	
-27843	-22007	-27060	
-27847	-21656	-26992	
-27767	-22736	-25939	
-27855	-21432	-27351	
-27872	-20642	-27688	
-27854	-22184	-26621	
-27836	-21187	-27680	
-27765	-22503	-26118	
-27761	-22679	-26206	
-27772	-22694	-25898	
-27746	-21203	-27713	
-27852	-22206	-26606	
-27740	-20595	-27933	
-27824	-22290	-26551	
-27731	-20690	-27794	
-27692	-23151	-25182	
-27807	-22393	-26365	
-27687	-23193	-25223	
-24338	-25401	-22839	
-27605	-20452	-28098	
-27746	-22720	-26173	
-27789	-22385	-26651	
-27730	-20719	-27892	
-27803	-22136	-26685	
-27791	-22156	-26746	
-27735	-22500	-26250	
-27742	-22407	-26516	
-27732	-22539	-26371	
-27680	-21092	-27898	
-27728	-22771	-26196	
-27672	-23250	-26004	
-24305	-25437	-23092	
-27786	-22161	-26780	
-27706	-22480	-26501	
-27730	-22542	-26291	
-27725	-22181	-26717	
-27677	-22639	-26495	
-27709	-22842	-25935	
-27833	-21569	-27284	
-27705	-23018	-25590	
-27696	-23024	-25662	
-27779	-21803	-27126	
-27777	-21477	-27383	
-27714	-22260	-26706	
-27766	-21612	-27349	
-27803	-21279	-27670	
-27636	-20966	-27993	
-27689	-22781	-25971	
-27768	-22153	-27066	
-27679	-22979	-26058	
-27696	-22861	-25917	
-27747	-21758	-27478	
-27708	-22206	-26812	
-27621	-23364	-25216	
-27687	-23010	-25876	
-27765	-22052	-27092	
-27685	-22509	-26376	
-27676	-23074	-25916	
-27755	-21789	-27296	
-27625	-23475	-24874	
-27690	-22254	-26835	
-27667	-22376	-26699	
-27424	-23800	-24438	
-27705	-22046	-27211	
-27763	-21511	-27375	
-27665	-22605	-26604	
-27766	-21346	-27559	
-24918	-20604	-30090	
-27675	-22868	-26400	
-27603	-23356	-25502	
-27762	-21518	-27350	
-27660	-22517	-26716	
-27607	-23467	-25160	
-27660	-22342	-26736	
-27731	-21378	-27596	
-27656	-22231	-27078	
-27688	-21483	-27560	
-27520	-23492	-24789	
-27641	-22272	-27045	
-27764	-21286	-27606	
-27637	-22410	-26776	
-27749	-21327	-27573	
-27471	-23515	-25204	
-27702	-21945	-27237	
-27297	-23838	-24585	
-27623	-22323	-27068	
-27257	-23852	-23873	
-27225	-23862	-24332	
-27117	-24009	-24317	
-27602	-21137	-27930	
-27687	-21413	-27607	
-27656	-22421	-26730	
-27684	-21937	-27523	
-27654	-22253	-27063	
-27609	-21458	-27639	
-27531	-23380	-25249	
-27359	-20517	-28308	
-27603	-22892	-26147	
-27685	-21642	-27512	
-27666	-21222	-27676	
-27576	-21308	-27823	
-27049	-24029	-23799	
-27481	-23412	-25663	
-27598	-21349	-27702	
-27596	-22649	-26456	
-27433	-23534	-25112	
-27605	-22373	-26794	
-24233	-25462	-23311	
-27349	-20699	-28340	
-27589	-22920	-26402	
-27589	-22805	-26439	
-27421	-23648	-25065	
-27509	-23377	-25686	
-27604	-22394	-26807	
-27676	-22116	-27130	
-27045	-24033	-24064	
-27607	-21687	-27544	
-27589	-22348	-26949	
-26978	-24053	-24547	
-26973	-24058	-24006	
-27519	-22925	-26141	
-27567	-22802	-26876	
-27571	-22626	-26788	
-26950	-24061	-23752	
-27656	-22596	-26710	
-27512	-22995	-26082	
-27309	-23760	-24822	
-27595	-23325	-25684	
-27582	-22562	-26748	
-26949	-24168	-24230	
-27589	-21499	-27600	
-27574	-22531	-26930	
-27331	-23668	-24923	
-27565	-21369	-27679	
-27495	-23069	-26114	
-27578	-21537	-27552	
-27423	-23486	-25362	
-27558	-21011	-28025	
-27566	-21771	-27583	
-27627	-22091	-27243	
-27546	-21586	-27734	
-27503	-23029	-26078	
-27487	-22973	-26174	
-27601	-22262	-27136	
-27585	-22091	-27269	
-27559	-21369	-27682	
-27555	-21752	-27594	
-27555	-20825	-28104	
-27513	-21201	-27968	
-27481	-23026	-26515	
-27582	-21990	-27295	
-27598	-22161	-27162	
-27543	-21400	-27813	
-27350	-23604	-25195	
-27415	-23526	-25398	
-27575	-22261	-27241	
-27577	-22032	-27336	
-27570	-22420	-27272	
-27381	-23531	-25237	
-27521	-21109	-28118	
-27509	-23262	-25723	
-27508	-21384	-28031	
-27544	-21045	-28017	
-27457	-23079	-26104	
-27521	-22815	-26664	
-27307	-23822	-24822	
-27448	-23310	-26021	
-27463	-23404	-25949	
-27490	-22877	-26556	
-27515	-21742	-27685	
-27407	-23430	-25458	
-27530	-21070	-27994	
-27531	-21942	-27359	
-27417	-23132	-26053	
-27207	-23854	-24618	
-27526	-22034	-27369	
-24144	-25479	-24345	
-27439	-23071	-26390	
-27233	-23753	-24839	
-27508	-21440	-27768	
-27231	-23805	-24854	
-27522	-22063	-27394	
-27396	-23459	-25707	
-27403	-23157	-26652	
-27215	-23745	-25125	
-27133	-23855	-24525	
-27102	-23863	-25027	
-27337	-23589	-25337	
-27090	-23941	-24790	
-27272	-23649	-25227	
-27514	-22494	-26955	
-27520	-22292	-27299	
-27507	-21609	-27800	
-27398	-20826	-28276	
-26849	-24200	-24026	
-27317	-23462	-25468	
-27514	-21967	-27454	
-27496	-21959	-27740	
-27300	-23486	-25782	
-27462	-22467	-27032	
-27507	-22136	-27301	
-27462	-22182	-27372	
-27299	-21072	-28346	
-27451	-21968	-27519	
-27438	-22134	-27473	
-27494	-21418	-28023	
-27512	-20912	-28238	
-27370	-23355	-26053	
-27285	-23530	-25749	
-27432	-22604	-27155	
-27483	-21479	-27879	
-27467	-22842	-26713	
-27344	-23161	-26125	
-27264	-23618	-25409	
-27343	-23210	-26398	
-27158	-23853	-24690	
-27164	-23755	-25340	
-24099	-25487	-24124	
-24778	-20565	-30128	
-27442	-22066	-27380	
-27410	-22886	-26706	
-27474	-21549	-27802	
-27418	-22917	-26524	
-27433	-21852	-27885	
-27233	-20927	-28462	
-27196	-23678	-25434	
-27259	-23556	-26024	
-27002	-23943	-24323	
-27436	-22012	-27486	
-27414	-22631	-26886	
-27416	-22367	-27536	
-27214	-23640	-25307	
-27457	-21650	-27772	
-27406	-22775	-27048	
-27334	-23263	-26150	
-27433	-22019	-27542	
-27389	-23422	-25744	
-27246	-23610	-25695	
-27465	-21471	-28165	
-24001	-25542	-23173	
-27219	-20741	-28521	
-27388	-22850	-26891	
-27316	-20791	-28330	
-27413	-22054	-27590	
-27281	-23419	-26091	
-27415	-21844	-28171	
-27308	-23307	-26175	
-27414	-22596	-27441	
-27309	-23238	-26166	
-27267	-23522	-26035	
-27093	-23779	-25244	
-27289	-23240	-26484	
-27347	-23065	-26751	
-27345	-21245	-28272	
-26974	-23942	-24889	
-27392	-22161	-27736	
-26969	-23969	-24764	
-27072	-23933	-25076	
-27160	-23617	-25848	
-27143	-23712	-25555	
-27184	-21293	-28574	
-27263	-23411	-26377	
-26910	-24112	-24522	
-27341	-22870	-26835	
-27071	-23784	-25277	
-27360	-22703	-27081	
-27152	-23726	-25341	
-27064	-23894	-25771	
-26960	-24045	-24833	
-27175	-20244	-28594	
-27327	-22973	-26779	
-26508	-24376	-24544	
-27332	-22741	-27086	
-27328	-22820	-27080	
-27323	-22732	-27192	
-27265	-22907	-26925	
-27394	-21867	-27780	
-27164	-20171	-28631	
-27325	-23202	-26684	
-27100	-23670	-25594	
-27384	-22037	-27752	
-27105	-23750	-25357	
-27207	-23575	-25781	
-27083	-23765	-25301	
-27076	-23759	-25373	
-27361	-21959	-27770	
-27370	-22199	-27585	
-27075	-23771	-25530	
-27240	-22919	-26822	
-27082	-23662	-25880	
-27462	-21285	-28244	
-27154	-20663	-28669	
-27320	-22827	-27050	
-27370	-21853	-27950	
-27355	-21897	-27917	
-27239	-23078	-26818	
-24695	-21459	-30140	
-26824	-24127	-24786	
-26768	-24294	-24328	
-27208	-23495	-26399	
-27354	-22230	-27716	
-27351	-21954	-27914	
-27237	-22942	-26902	
-27234	-22841	-27264	
-26951	-23961	-25050	
-26785	-24131	-24257	
-26774	-24156	-24299	
-27260	-22625	-27337	
-27219	-22934	-27188	
-27210	-23266	-26494	
-27305	-22438	-27578	
-26902	-24082	-24754	
-27329	-22068	-27810	
-27066	-23665	-25866	
-27270	-21391	-28278	
-27339	-23099	-26740	
-27176	-22971	-26963	
-26896	-23987	-24921	
-27267	-21290	-28304	
-27223	-20971	-28422	
-27238	-22762	-27270	
-27336	-22370	-27522	
-27139	-23601	-25897	
-27242	-22757	-27119	
-26714	-24279	-24484	
-27189	-23250	-26728	
-27301	-22327	-27920	
-26907	-23930	-25443	
-27170	-22978	-27038	
-24537	-20771	-30193	
-27144	-23437	-26487	
-27221	-21209	-28347	
-27216	-21242	-28368	
-27162	-23074	-26907	
-27380	-22116	-27746	
-27266	-21164	-28336	
-26900	-24098	-24579	
-27116	-20420	-28720	
-26884	-24074	-25040	
-27131	-23570	-26079	
-27306	-22168	-27889	
-27163	-23504	-26178	
-27212	-21012	-28467	
-27211	-23113	-26795	
-27053	-23615	-26111	
-27192	-21262	-28489	
-27148	-23548	-26145	
-26839	-24083	-24819	
-27242	-22617	-27623	
-27309	-22183	-27758	
-27238	-21506	-28208	
-26897	-23946	-25206	
-27234	-22651	-27612	
-27132	-23311	-26526	
-27201	-21026	-28402	
-26888	-23956	-25103	
-27313	-21897	-27943	
-26698	-24159	-25067	
-27248	-21378	-28320	
-27221	-22705	-27283	
-27130	-23253	-26685	
-27050	-23710	-25969	
-27133	-23158	-26827	
-27152	-22986	-26909	
-27126	-23429	-26773	
-26866	-24000	-25154	
-27147	-23028	-27049	
-27220	-22754	-27556	
-27224	-21522	-28293	
-27154	-23108	-26896	
-26870	-23948	-25389	
-27235	-21942	-27975	
-26624	-24343	-24017	
-27130	-23540	-26431	
-26693	-24236	-24699	
-27078	-23551	-26222	
-26848	-23972	-25349	
-26601	-24346	-23763	
-26579	-24351	-23796	
-27241	-22380	-27666	
-27230	-21984	-28016	
-26879	-23938	-25492	
-27125	-23165	-26982	
-27222	-21751	-28198	
-27046	-23886	-26057	
-26820	-24016	-25128	
-26717	-24117	-24938	
-27147	-20934	-28615	
-26982	-23801	-26311	
-27134	-22978	-27195	
-27076	-20708	-28701	
-26800	-24025	-25256	
-27219	-21723	-28263	
-27228	-22213	-27921	
-27140	-22800	-27324	
-27223	-22372	-27952	
-27151	-22396	-27699	
-27062	-23344	-27027	
-27183	-21300	-28468	
-26308	-24591	-22931	
-27201	-21937	-28247	
-27178	-21354	-28342	
-23809	-25552	-23044	
-27126	-22413	-27712	
-26772	-24033	-25305	
-27133	-22941	-27341	
-27217	-21663	-28310	
-27103	-23047	-27271	
-27045	-23622	-26081	
-26767	-24050	-25249	
-27129	-23020	-27335	
-27116	-22467	-27765	
-27145	-22051	-27974	
-27165	-21571	-28394	
-26890	-23927	-25474	
-27081	-21065	-28643	
-26707	-24103	-24995	
-27069	-23073	-27081	
-26517	-24333	-24169	
-26722	-24069	-25288	
-27009	-23451	-26442	
-26688	-24175	-24830	
-27129	-22031	-28108	
-27119	-22757	-27539	
-26784	-23955	-25542	
-26872	-23919	-25760	
-26975	-23443	-26657	
-26327	-24518	-23897	
-27084	-22802	-27600	
-26699	-24109	-25224	
-27141	-22387	-27765	
-26800	-23943	-25507	
-26317	-24552	-23896	
-26959	-23446	-26643	
-26952	-23462	-26476	
-26751	-23990	-25520	
-27114	-22696	-27670	
-26674	-24295	-24730	
-26593	-24307	-24458	
-27119	-22055	-28058	
-26930	-23503	-26729	
-27115	-22134	-28052	
-27066	-20793	-28726	
-23764	-25561	-22823	
-26956	-23607	-26383	
-26598	-24191	-24863	
-26706	-24000	-25574	
-27162	-21385	-28473	
-27069	-20979	-28647	
-27025	-23092	-27303	
-27055	-22986	-27373	
-26291	-24588	-22962	
-26681	-24081	-25419	
-27091	-22610	-27729	
-26201	-24585	-24423	
-26670	-24167	-25116	
-27020	-23147	-27132	
-26575	-24299	-24744	
-26740	-23953	-25597	
-27022	-21001	-28729	
-26559	-24239	-25015	
-26906	-23600	-26448	
-27025	-22805	-27557	
-27095	-22424	-27980	
-27021	-22981	-27645	
-26246	-24576	-24644	
-26844	-23552	-26570	
-26589	-24169	-24966	
-27151	-21399	-28408	
-27026	-21081	-28707	
-26732	-23923	-25829	
-27142	-21635	-28495	
-26687	-23932	-25608	
-26127	-24734	-23128	
-27161	-21650	-28388	
-27137	-21852	-28501	
-26669	-23960	-25775	
-27115	-21944	-28400	
-23740	-25606	-24408	
-27076	-22238	-28046	
-27042	-22580	-27921	
-26629	-24024	-25639	
-26840	-23654	-26486	
-26958	-23274	-27052	
-27111	-22023	-28394	
-26522	-24304	-24473	
-26619	-24167	-25453	
-27067	-22277	-28170	
-26941	-23438	-26929	
-26681	-24083	-25227	
-26953	-23186	-27164	
-26653	-23963	-25626	
-27048	-21157	-28633	
-26377	-24381	-24211	
-26398	-24494	-23993	
-26368	-24402	-24949	
-26531	-24268	-25137	
-24327	-20525	-30220	
-26446	-24357	-24917	
-26541	-24212	-25485	
-26803	-23622	-26812	
-26813	-23569	-26528	
-26607	-24030	-25672	
-26940	-23266	-27338	
-26795	-23801	-26419	
-27028	-22710	-27699	
-27084	-21430	-28505	
-26611	-24016	-25925	
-26603	-24050	-25914	
-27024	-21301	-28606	
-26682	-23902	-25872	
-27022	-21530	-28511	
-26346	-24407	-24982	
-27019	-21352	-28653	
-26346	-24437	-24213	
-26832	-23833	-26093	
-27020	-22717	-27854	
-26912	-23495	-27015	
-26636	-23915	-25989	
-26119	-24695	-23823	
-26589	-24052	-25547	
-26334	-24409	-24247	
-27039	-22989	-27359	
-26560	-24153	-25454	
-26552	-24094	-25561	
-26311	-24446	-24328	
-26939	-23002	-27362	
-27044	-22347	-28086	
-26756	-23826	-26110	
-27001	-21716	-28560	
-26935	-23178	-27450	
-26754	-23878	-26125	
-26957	-22896	-27899	
-27023	-22151	-28265	
-26743	-23820	-26176	
-26739	-23709	-26518	
-26877	-23353	-27183	
-26769	-23650	-26580	
-26293	-24438	-24614	
-27016	-21205	-28666	
-26401	-24366	-24696	
-26551	-24069	-25671	
-26717	-23846	-26451	
-26972	-22454	-27971	
-26268	-24482	-24245	
-26973	-22405	-28028	
-26618	-23907	-26275	
-26589	-24022	-25958	
-26431	-24300	-24933	
-26305	-24523	-23930	
-26415	-24278	-25167	
-26946	-21514	-28587	
-26534	-24179	-25729	
-26260	-24468	-24383	
-26964	-22625	-27953	
-26420	-24253	-25263	
-26558	-23960	-26021	
-26883	-23165	-27528	
-26669	-23696	-26574	
-26375	-24328	-25214	
-26673	-23628	-26832	
-26928	-22533	-28050	
-26614	-23796	-26617	
-26861	-23447	-27079	
-26530	-23938	-26142	
-26912	-21421	-28591	
-26801	-23500	-26825	
-26902	-21422	-28625	
-26938	-21250	-28698	
-26791	-23577	-26822	
-26619	-23789	-26473	
-26945	-22291	-28222	
-26950	-22163	-28276	
-26393	-24336	-24928	
-26745	-23604	-27085	
-26916	-22361	-28141	
-26571	-23637	-26788	
-26616	-23714	-26503	
-26568	-23673	-26700	
-26504	-24111	-25738	
-26900	-22386	-28240	
-26937	-21317	-28707	
-26518	-24046	-26706	
-25993	-24735	-23127	
-26402	-24245	-25549	
-26857	-23336	-27421	
-26490	-24054	-25755	
-26906	-22098	-28345	
-24189	-20416	-30277	
-26426	-24172	-25869	
-26888	-21623	-28704	
-26849	-23388	-27160	
-26051	-24697	-24007	
-26871	-23120	-27538	
-26440	-24053	-25826	
-26019	-24727	-23619	
-26895	-22450	-28060	
-26397	-24270	-25453	
-26894	-21419	-28767	
-26825	-23055	-27601	
-26894	-22498	-28074	
-26928	-21728	-28571	
-26913	-22577	-28017	
-26525	-23936	-26212	
-26554	-23849	-26363	
-26242	-24460	-24669	
-27037	-21989	-28432	
-26360	-24372	-25181	
-26529	-23696	-26766	
-26916	-22933	-27779	
-26942	-22190	-28248	
-26863	-22568	-28079	
-26903	-21659	-28582	
-26907	-21236	-28801	
-26797	-23389	-27167	
-26845	-22428	-28153	
-26763	-23390	-27101	
-26234	-24421	-25364	
-26853	-22826	-27924	
-26669	-23438	-27119	
-26891	-22339	-28402	
-26835	-22818	-28210	
-26528	-23736	-26689	
-26364	-24291	-25291	
-26807	-23047	-27887	
-26706	-23350	-27305	
-26228	-24568	-24930	
-26408	-24164	-26155	
-27025	-21960	-28433	
-26747	-23375	-27180	
-26661	-23410	-27377	
-26878	-21951	-28535	
-26543	-23820	-26521	
-26690	-23353	-27291	
-26793	-23251	-27675	
-26348	-24217	-25901	
-26521	-23664	-27102	
-26657	-23413	-27149	
-26342	-24298	-25295	
-26598	-23589	-27422	
-26070	-24625	-24172	
-26326	-24295	-26201	
-26525	-23775	-26760	
-26277	-24301	-25320	
-26065	-24663	-23880	
-26253	-24362	-25333	
-26887	-21690	-28713	
-26520	-23817	-26801	
-26869	-21904	-28697	
-25934	-24739	-23544	
-26652	-20665	-29115	
-26823	-22114	-28563	
-26356	-24261	-25523	
-26884	-21414	-28911	
-26511	-23688	-27052	
-23687	-25614	-24246	
-26251	-24326	-25540	
-26721	-23271	-27526	
-26844	-21497	-28799	
-26499	-23801	-27035	
-26780	-22431	-28298	
-26047	-24655	-24166	
-26833	-22488	-28214	
-26168	-24431	-25419	
-26001	-24719	-23905	
-26831	-22391	-28219	
-26605	-23318	-27476	
-26696	-23052	-27697	
-26640	-23156	-27957	
-26165	-24550	-25179	
-26766	-22229	-28411	
-26786	-22893	-28021	
-26235	-24354	-25619	
-26654	-23052	-27723	
-26834	-21787	-28917	
-26600	-23360	-27517	
-26745	-22159	-28595	
-26764	-22458	-28316	
-26344	-24079	-26409	
-23659	-25622	-23295	
-25994	-24654	-24379	
-26759	-22617	-28347	
-26025	-24679	-24126	
-26723	-22251	-28494	
-26336	-24188	-25902	
-26650	-20842	-29036	
-26756	-22999	-27951	
-26635	-23259	-27538	
-26635	-21185	-29114	
-26580	-23295	-27808	
-26237	-24302	-25604	
-26770	-22896	-28007	
-26406	-23838	-26917	
-26767	-22111	-28609	
-26216	-24413	-25650	
-26447	-23630	-27140	
-26522	-23484	-27470	
-26319	-23848	-26946	
-26579	-23344	-27751	
-26591	-23231	-27768	
-26169	-24104	-26206	
-26695	-22532	-28601	
-26149	-24113	-26454	
-26435	-23601	-27141	
-26719	-22330	-28488	
-26413	-23598	-27578	
-26300	-23877	-26767	
-23312	-25627	-24626	
-26327	-23822	-27217	
-26144	-24437	-25397	
-26476	-23511	-27733	
-26692	-22941	-28039	
-26350	-23696	-27121	
-26182	-24298	-25715	
-26394	-23728	-27055	
-26152	-24328	-25904	
-26742	-21973	-28674	
-26128	-24449	-25432	
-26650	-22941	-28065	
-26235	-23889	-26815	
-25950	-24576	-25260	
-26130	-24172	-26485	
-26638	-21373	-29026	
-26050	-24494	-25464	
-26233	-23897	-26757	
-26639	-22697	-28302	
-26658	-22942	-27973	
-25937	-24577	-24842	
-25892	-24596	-24881	
-23284	-25635	-23675	
-26602	-23027	-28186	
-26230	-23914	-26719	
-26701	-21816	-28789	
-26284	-23760	-27228	
-26673	-22097	-28896	
-26137	-24352	-25669	
-26226	-24038	-26774	
-26157	-24063	-26418	
-26230	-23894	-26819	
-26279	-23672	-27340	
-26222	-23927	-27116	
-26058	-24331	-25956	
-26697	-21895	-28783	
-26043	-24348	-25735	
-25877	-24630	-24588	
-25840	-24694	-24709	
-26135	-24071	-26712	
-26720	-21538	-28969	
-26494	-23519	-27447	
-25870	-24654	-24642	
-25809	-24598	-25480	
-26502	-23340	-27840	
-26002	-24360	-25686	
-25805	-24609	-24838	
-26609	-22756	-28240	
-25975	-24436	-25835	
-25978	-24518	-25211	
-25868	-24686	-24660	
-26112	-24242	-26237	
-25786	-24641	-25048	
-26578	-23040	-27991	
-26661	-22560	-28369	
-26470	-23186	-27888	
-26416	-23564	-27479	
-25960	-24526	-25596	
-26570	-21093	-29139	
-23283	-25742	-24309	
-25850	-24591	-25168	
-26493	-23141	-28294	
-26216	-23948	-26846	
-26556	-22962	-28249	
-26639	-22125	-28664	
-26034	-24287	-26269	
-26595	-22669	-28532	
-26100	-24096	-26494	
-26587	-22182	-28620	
-26543	-22768	-28288	
-26241	-23810	-27229	
-26239	-23688	-27242	
-26079	-24124	-26549	
-26215	-23614	-27428	
-24160	-20634	-30290	
-26416	-23216	-27974	
-26194	-23713	-27314	
-26002	-24213	-26276	
-25794	-24870	-23610	
-25968	-24417	-26103	
-25963	-24283	-26363	
-26155	-24034	-26868	
-26193	-23658	-27544	
-25749	-24878	-23389	
-26573	-22234	-28827	
-26452	-23178	-28174	
-26480	-21291	-29156	
-26052	-24076	-26590	
-26508	-22699	-28366	
-25866	-24798	-24363	
-26407	-23365	-27933	
-25783	-24685	-25330	
-25956	-24102	-26639	
-26500	-22870	-28348	
-26109	-23782	-27230	
-26064	-23741	-27251	
-26064	-23931	-26903	
-26605	-21224	-29042	
-25756	-24858	-24105	
-26049	-24057	-26916	
-26471	-20791	-29175	
-26574	-21619	-28976	
-26051	-23715	-27320	
-25899	-24528	-25324	
-26126	-23678	-27534	
-25887	-24183	-26787	
-26046	-23733	-27537	
-25956	-24495	-25866	
-25915	-24131	-26678	
-26420	-21659	-29306	
-26489	-21535	-29084	
-26486	-22408	-28671	
-25802	-24713	-24617	
-26035	-23814	-27285	
-25883	-24235	-26552	
-26047	-23935	-26929	
-26301	-23390	-27789	
-26042	-23936	-26936	
-26107	-23882	-27183	
-25965	-23939	-26959	
-25945	-23942	-26986	
-26235	-23577	-27584	
-25914	-24120	-26977	
-25947	-24320	-26298	
-26178	-23537	-27788	
-26474	-22896	-28623	
-25771	-24704	-24831	
-25972	-23800	-27626	
-26049	-24059	-26724	
-25719	-24783	-24700	
-26480	-21636	-28938	
-26018	-24066	-26749	
-26321	-23353	-27945	
-23901	-20300	-30331	
-26262	-23191	-28162	
-25903	-24010	-27034	
-25964	-24068	-26834	
-26442	-22094	-29011	
-25678	-24903	-24137	
-26129	-23600	-27632	
-26280	-23390	-27825	
-26245	-23248	-27993	
-26050	-23844	-27195	
-25784	-24323	-26210	
-25601	-24827	-24526	
-25781	-24401	-26112	
-26516	-23015	-28198	
-26547	-21110	-29136	
-25938	-23828	-27394	
-25764	-24351	-26134	
-25961	-23821	-27367	
-26199	-23275	-28256	
-25895	-23875	-27306	
-26176	-23415	-27801	
-25846	-24278	-26400	
-26427	-22584	-28797	
-25724	-24434	-26188	
-26473	-21562	-29102	
-25866	-23978	-27360	
-26217	-23283	-27970	
-25704	-24706	-25322	
-26174	-23413	-27873	
-26110	-23616	-27743	
-25776	-24666	-25598	
-25701	-24795	-24730	
-25785	-24523	-25627	
-25869	-24430	-26102	
-26121	-23590	-27646	
-25804	-24238	-26426	
-25708	-24686	-25080	
-25623	-24709	-24946	
-26159	-23431	-27876	
-25994	-23663	-27693	
-25727	-24243	-26535	
-25727	-24532	-25854	
-25609	-24718	-25033	
-26213	-23311	-27991	
-25722	-24369	-26472	
-25845	-24470	-25881	
-25789	-24238	-26604	
-26117	-23479	-27988	
-25742	-24442	-25902	
-26474	-21495	-29093	
-25573	-24847	-24758	
-26389	-23071	-28319	
-25594	-24890	-24543	
-26130	-23387	-27911	
-25554	-24838	-24761	
-25688	-24573	-26299	
-25545	-24855	-24807	
-26189	-23325	-27946	
-26179	-23312	-28100	
-26169	-23325	-27985	
-25765	-24194	-26917	
-25861	-24079	-27133	
-25993	-23697	-27593	
-26438	-21667	-29020	
-26371	-23063	-28605	
-25705	-24349	-26601	
-26139	-23328	-28002	
-25526	-24788	-25116	
-25731	-24222	-26685	
-26003	-23489	-27825	
-25946	-23521	-28076	
-25700	-24374	-26505	
-25941	-23622	-27849	
-25780	-23964	-27564	
-26041	-23364	-28083	
-26363	-22125	-28829	
-25669	-24328	-26628	
-26303	-22356	-29004	
-26274	-20751	-29418	
-25721	-24198	-26687	
-26360	-21712	-29052	
-25611	-24215	-26698	
-25817	-23996	-27238	
-25614	-24235	-26635	
-26337	-22172	-28829	
-25604	-24201	-26724	
-25574	-24388	-26709	
-25945	-23691	-27639	
-26371	-21667	-29073	
-25950	-23632	-27734	
-25588	-24213	-27059	
-25588	-24717	-25168	
-25544	-24576	-25813	
-25886	-23676	-27760	
-26015	-23415	-28042	
-25531	-24672	-25982	
-26350	-21797	-29077	
-25663	-24118	-27330	
-25768	-24116	-27015	
-25782	-23735	-27659	
-26272	-20928	-29339	
-25540	-24229	-26766	
-25687	-24402	-26514	
-26039	-23286	-28282	
-25694	-24190	-27011	
-25886	-23529	-27856	
-25774	-23733	-27727	
-26325	-22791	-28709	
-25681	-24126	-27044	
-26004	-23334	-28102	
-25864	-23618	-27938	
-25970	-23330	-28134	
-26311	-23116	-28351	
-25516	-24934	-24575	
-25526	-24246	-26756	
-25530	-24899	-24774	
-25550	-24691	-25397	
-26002	-23434	-28055	
-26328	-21845	-29063	
-25493	-24768	-25796	
-25809	-23672	-27849	
-25497	-24349	-26810	
-26127	-23167	-28273	
-25867	-23352	-28498	
-25961	-23331	-28314	
-25538	-24458	-26671	
-25704	-23777	-27748	
-25519	-24815	-24815	
-26216	-20846	-29393	
-26061	-23194	-28383	
-26130	-23129	-28456	
-25447	-24828	-24913	
-26242	-21761	-29203	
-25860	-23507	-28280	
-25537	-24685	-25463	
-26310	-22085	-29058	
-25247	-25047	-24640	
-25478	-24223	-26962	
-25778	-23842	-27577	
-26299	-23087	-28352	
-25603	-24171	-27076	
-26287	-22545	-28835	
-26207	-21037	-29333	
-25453	-24276	-27120	
-25663	-23814	-27628	
-25687	-23743	-27756	
-25863	-23526	-27954	
-25669	-23735	-28042	
-25859	-23531	-28105	
-25655	-23820	-27667	
-25781	-23576	-28137	
-25439	-24798	-25145	
-25338	-24958	-25012	
-26132	-21507	-29419	
-25584	-23843	-27656	
-25618	-24001	-27387	
-25596	-24138	-27320	
-25756	-23631	-28005	
-26176	-21821	-29079	
-26170	-21868	-29088	
-26274	-22675	-28936	
-25555	-23844	-27580	
-25404	-24806	-25367	
-25532	-23853	-27736	
-25671	-23635	-27953	
-25609	-23788	-27788	
-26281	-22404	-28990	
-25599	-24060	-27418	
-26169	-21405	-29320	
-25510	-23900	-27640	
-26146	-21865	-29097	
-25480	-24149	-27166	
-25361	-24843	-25177	
-25519	-24517	-26702	
-25533	-23819	-27836	
-25449	-24782	-25382	
-25407	-24877	-24864	
-25889	-23215	-28565	
-26123	-22008	-29251	
-25574	-23970	-27428	
-25668	-23756	-27775	
-25419	-24304	-26888	
-25489	-23986	-27486	
-25331	-24997	-24203	
-26049	-20955	-29463	
-26055	-23140	-28395	
-26151	-20754	-29418	
-25888	-23249	-28465	
-26175	-22942	-28697	
-25495	-24651	-26009	
-25660	-23746	-27789	
-25939	-23163	-28422	
-25383	-24164	-27220	
-25433	-24010	-27543	
-25589	-23742	-27883	
-25346	-24707	-26166	
-25421	-24790	-25431	
-26116	-22698	-28961	
-23852	-20980	-30334	
-25488	-23956	-27632	
-25998	-23101	-28457	
-25991	-23082	-28483	
-25581	-23766	-27804	
-25472	-23894	-27841	
-25411	-24337	-26822	
-25313	-24285	-27131	
-26163	-22139	-29034	
-26084	-22877	-28818	
-25305	-24464	-26738	
-25374	-24327	-26900	
-25741	-23596	-28028	
-25912	-23089	-28469	
-25261	-24222	-27194	
-25414	-24069	-27574	
-25350	-24285	-26919	
-23689	-19619	-30335	
-25936	-23075	-28514	
-25282	-24380	-26777	
-25334	-24078	-27724	
-25250	-24424	-27350	
-23590	-19084	-30348	
-25841	-23523	-28391	
-26136	-22199	-29028	
-25511	-23824	-27869	
-26117	-22083	-29110	
-25300	-24106	-27492	
-25297	-24150	-27424	
-25396	-24565	-26367	
-25574	-23611	-28059	
-25365	-23934	-27722	
-26062	-22442	-29113	
-25297	-24152	-27232	
-25352	-24825	-25308	
-25257	-24153	-27404	
-26018	-21258	-29471	
-25558	-23670	-28202	
-25374	-23771	-28042	
-25392	-24454	-26709	
-26071	-22967	-28673	
-25312	-24911	-25993	
-25222	-24603	-26183	
-26123	-22427	-29015	
-25204	-24588	-26374	
-25695	-23564	-28149	
-25325	-24561	-26461	
-25934	-23028	-28806	
-25412	-24772	-25562	
-25319	-24801	-25499	
-25355	-23830	-28073	
-25134	-24623	-26193	
-26145	-22443	-28956	
-25126	-24629	-26232	
-25343	-23929	-27765	
-25836	-23174	-28721	
-26015	-22204	-29117	
-26083	-22911	-28718	
-25958	-22104	-29171	
-25386	-23882	-27853	
-25084	-24647	-26570	
-25202	-24539	-26551	
-25491	-23690	-28192	
-25183	-24119	-27442	
-25227	-24509	-26770	
-25513	-23553	-28259	
-25330	-23967	-28066	
-25888	-22756	-28910	
-25157	-24157	-27530	
-26023	-21755	-29290	
-25123	-24201	-27371	
-25207	-24463	-26865	
-25377	-23693	-28140	
-25358	-23709	-28251	
-25845	-20830	-29638	
-25090	-25083	-24312	
-25990	-22549	-28998	
-25669	-23285	-28599	
-23578	-19972	-30360	
-25044	-24192	-27779	
-25106	-24558	-26488	
-25494	-23612	-28290	
-26066	-21508	-29327	
-26024	-21530	-29331	
-25673	-23394	-28449	
-25981	-21548	-29320	
-25060	-24097	-27532	
-25918	-22392	-29152	
-25229	-25039	-24926	
-25870	-22970	-28894	
-25971	-21817	-29398	
-25080	-24536	-26912	
-25211	-24056	-27814	
-25062	-24652	-26603	
-25220	-23893	-28134	
-25427	-23405	-28608	
-25062	-24683	-26192	
-25056	-24203	-27353	
-24967	-24267	-27459	
-25903	-22176	-29186	
-24979	-24199	-27442	
-26002	-21514	-29390	
-25911	-22663	-29098	
-25423	-23472	-28481	
-25165	-24954	-25180	
-25104	-24487	-26860	
-25035	-24675	-26516	
-25077	-24614	-26814	
-25582	-23295	-28628	
-25406	-23535	-28300	
-25056	-24733	-25997	
-25024	-24759	-26106	
-25558	-23366	-28500	
-25384	-23538	-28358	
-25550	-23372	-28539	
-25873	-22417	-29224	
-25925	-21838	-29275	
-25342	-23595	-28347	
-24970	-24462	-26980	
-25921	-21876	-29297	
-25986	-21284	-29457	
-25143	-23854	-28235	
-25068	-25088	-24345	
-24891	-24725	-26280	
-25722	-22989	-29131	
-25011	-24050	-27984	
-25966	-21416	-29425	
-25758	-23078	-28826	
-25871	-21954	-29329	
-25255	-23617	-28259	
-24957	-24204	-27475	
-25564	-23287	-28914	
-25045	-25107	-24297	
-25229	-23630	-28596	
-25504	-23340	-28660	
-25410	-23487	-28399	
-25957	-21539	-29462	
-24903	-24743	-26122	
-24948	-24467	-27013	
-24851	-24264	-27584	
-25323	-23609	-28412	
-25145	-24963	-25428	
-25860	-21281	-29496	
-25195	-23658	-28364	
-23570	-20297	-30373	
-25850	-22068	-29297	
-25675	-20553	-29642	
-25808	-20859	-29627	
-24958	-24416	-27418	
-25059	-25070	-24476	
-24842	-24427	-27264	
-24934	-25086	-25075	
-25726	-23100	-28789	
-25652	-20369	-29680	
-24874	-24705	-26409	
-24852	-24468	-26933	
-24795	-24428	-27137	
-24788	-24528	-26980	
-24767	-24610	-27210	
-25405	-23452	-28512	
-25792	-20986	-29628	
-25428	-23371	-28708	
-25152	-23705	-28276	
-24875	-24876	-26194	
-24889	-24842	-26067	
-25806	-22111	-29369	
-25784	-21152	-29503	
-25053	-23731	-28589	
-24975	-24088	-27784	
-24836	-24306	-27567	
-25650	-20526	-29697	
-24973	-24188	-27873	
-25020	-25050	-24527	
-25761	-21418	-29554	
-25780	-21179	-29519	
-25323	-23469	-28499	
-25813	-21840	-29423	
-25057	-23842	-28247	
-24942	-25102	-24549	
-25774	-22290	-29226	
-24873	-24770	-26217	
-25731	-22315	-29345	
-24793	-24590	-26840	
-25853	-22549	-29192	
-24794	-24761	-26625	
-24844	-24231	-27828	
-24904	-24979	-25078	
-24901	-24980	-25848	
-25571	-23016	-28968	
-25835	-21856	-29364	
-24961	-24625	-26660	
-24940	-25051	-24918	
-25567	-20945	-29736	
-25020	-23832	-28325	
-25093	-24921	-25610	
-25613	-23093	-28805	
-24940	-25113	-24290	
-24853	-23968	-28290	
-24681	-24351	-27462	
-25734	-21572	-29453	
-24792	-24639	-26638	
-24770	-24644	-26671	
-25722	-21065	-29613	
-24900	-24999	-25320	
-24812	-23973	-28008	
-24917	-25159	-24325	
-25623	-20587	-29693	
-24766	-24665	-26913	
-24971	-24066	-27886	
-24857	-23881	-28296	
-25022	-24941	-25518	
-24742	-24067	-28024	
-24839	-24262	-27635	
-25731	-21420	-29490	
-25662	-21689	-29506	
-25225	-23519	-28938	
-24926	-24091	-27958	
-25612	-20920	-29664	
-24561	-24378	-27639	
-25772	-22616	-29125	
-24652	-24480	-27323	
-24708	-24985	-26264	
-24737	-23979	-28136	
-25707	-21372	-29635	
-23553	-19945	-30415	
-24800	-25166	-24778	
-24882	-25056	-25378	
-24728	-24242	-27674	
-24662	-24162	-28082	
-25680	-21962	-29406	
-24847	-24153	-27926	
-24934	-23820	-28337	
-24655	-24402	-27421	
-24707	-24816	-26287	
-24490	-24374	-27733	
-24751	-23904	-28344	
-24650	-24676	-26759	
-24689	-24859	-26416	
-25610	-21741	-29446	
-25699	-22430	-29275	
-25679	-22663	-29162	
-24746	-23816	-28456	
-24528	-24236	-27844	
-24916	-23849	-28283	
-24603	-24677	-26632	
-24601	-24808	-26746	
-25670	-22749	-29207	
-24570	-25296	-22856	
-25467	-23041	-28944	
-24489	-24429	-27436	
-24681	-24180	-27941	
-24660	-24040	-28095	
-25608	-21805	-29560	
-25648	-21517	-29579	
-24413	-24453	-27376	
-24390	-24420	-27727	
-24475	-24602	-27278	
-24574	-24028	-28107	
-25363	-23088	-28951	
-25650	-22450	-29215	
-25601	-22076	-29506	
-24567	-23995	-28351	
-24711	-24992	-25617	
-24488	-24252	-27746	
-25623	-22511	-29211	
-25512	-22772	-29232	
-25106	-23608	-28686	
-24829	-23859	-28312	
-24466	-24765	-26958	
-24443	-24277	-27818	
-24547	-24032	-28195	
-24381	-24583	-27407	
-25318	-23113	-29023	
-25323	-23009	-28978	
-24431	-24212	-27950	
-24701	-25199	-25575	
-25474	-22628	-29299	
-25565	-22397	-29305	
-25529	-22183	-29391	
-24793	-25094	-24949	
-24870	-24901	-26098	
-24649	-23855	-28481	
-24356	-24448	-27495	
-24369	-24627	-27134	
-24790	-25183	-24541	
-24370	-24154	-28150	
-25275	-23146	-28932	
-24393	-24038	-28123	
-25669	-21387	-29575	
-24772	-25175	-24827	
-24371	-24294	-27879	
-24375	-24244	-27846	
-24739	-23783	-28700	
-24663	-25255	-23751	
-24239	-24461	-27445	
-24801	-25060	-25144	
-24304	-24658	-27087	
-25232	-23248	-28992	
-24741	-25113	-24890	
-25438	-22217	-29392	
-24708	-25089	-25081	
-24570	-23917	-28449	
-24308	-24190	-28040	
-24361	-24317	-27830	
-25414	-22418	-29463	
-24116	-24439	-27535	
-24189	-24529	-27481	
-24259	-24253	-27884	
-25029	-23669	-28645	
-24190	-24359	-27918	
-24451	-24006	-28197	
-24294	-24039	-28245	
-24755	-25191	-24763	
-25443	-22163	-29458	
-25246	-23005	-29067	
-25304	-22844	-29215	
-24389	-24842	-26446	
-24276	-24135	-28279	
-24629	-25254	-23861	
-25565	-21479	-29591	
-24866	-23618	-28758	
-25122	-23174	-29060	
-24513	-25035	-25601	
-24198	-24366	-27801	
-24485	-25043	-25650	
-24018	-24571	-27569	
-24027	-24422	-27610	
-24734	-23814	-28507	
-24199	-24196	-28238	
-24171	-24233	-28070	
-24283	-24851	-26773	
-24290	-24674	-26966	
-24199	-24210	-27959	
-24241	-24665	-27027	
-24449	-24988	-25717	
-24512	-24864	-26356	
-25540	-21481	-29705	
-24417	-24995	-25923	
-25382	-22597	-29320	
-25493	-21658	-29562	
-24014	-24758	-27421	
-24608	-25233	-23950	
-24742	-23705	-28798	
-23999	-24445	-27721	
-24442	-24899	-26265	
-25468	-21588	-29590	
-24391	-24891	-26269	
-24274	-25014	-26453	
-24943	-23657	-28657	
-24104	-24347	-27930	
-24052	-24647	-27175	
-24195	-24615	-27224	
-25171	-22966	-29198	
-24413	-25047	-25688	
-24379	-23951	-28415	
-24071	-24275	-28101	
-25316	-22651	-29324	
-24588	-25243	-24198	
-24558	-25278	-24609	
-25520	-21504	-29663	
-25118	-23063	-29402	
-24623	-23794	-28546	
-24821	-23643	-28830	
-24411	-24996	-26057	
-24255	-24019	-28296	
-24399	-25074	-25820	
-25461	-21859	-29536	
-25336	-22519	-29356	
-24376	-23863	-28507	
-25309	-22673	-29255	
-23953	-24479	-27594	
-25442	-21714	-29566	
-24383	-23804	-28618	
-24176	-24386	-27789	
-25115	-23445	-29006	
-25421	-21728	-29753	
-24251	-24000	-28367	
-24360	-23825	-28567	
-25307	-22737	-29369	
-24285	-23972	-28599	
-24180	-24070	-28390	
-23879	-24524	-27596	
-24570	-25253	-24391	
-23737	-24522	-27944	
-25462	-21582	-29598	
-24309	-24800	-26814	
-25435	-21985	-29512	
-24027	-24408	-27889	
-25109	-23226	-29082	
-24130	-24981	-26468	
-24008	-24282	-28041	
-24338	-23829	-28690	
-25434	-21919	-29530	
-24121	-24863	-26725	
-23909	-24310	-28293	
-25336	-20595	-29838	
-25421	-22147	-29517	
-25134	-22894	-29223	
-24319	-25061	-25889	
-25232	-22748	-29308	
-25455	-21853	-29544	
-24005	-24921	-27101	
-23798	-24409	-28027	
-24944	-23096	-29105	
-24118	-24994	-26606	
-25397	-21739	-29638	
-25369	-22076	-29570	
-24413	-25067	-25588	
-24094	-24058	-28402	
-22827	-25771	-23576	
-24076	-24174	-28328	
-23904	-24386	-27979	
-25261	-22429	-29376	
-25046	-23233	-29022	
-24296	-25023	-25897	
-23990	-24160	-28532	
-24806	-23317	-29114	
-24946	-23275	-29053	
-24279	-25025	-25954	
-25186	-22476	-29412	
-23897	-24598	-27482	
-25360	-22162	-29615	
-24743	-23596	-28848	
-24139	-24818	-26788	
-25288	-22269	-29500	
-24759	-23162	-29222	
-24673	-25207	-24624	
-25168	-22690	-29396	
-23728	-24685	-27624	
-24113	-24184	-28250	
-24388	-23733	-28756	
-24548	-23651	-28856	
-24589	-25205	-24663	
-24352	-23530	-28948	
-24266	-23846	-28751	
-24338	-25187	-25737	
-24288	-23590	-28995	
-24520	-25286	-24811	
-23992	-23931	-28627	
-24261	-25070	-25891	
-23707	-24545	-27778	
-24752	-23433	-29168	
-24138	-25048	-25981	
-25165	-22504	-29475	
-23793	-24321	-28139	
-24111	-25026	-26172	
-24451	-23454	-29022	
-23199	-24359	-28169	
-25279	-21268	-29822	
-25202	-22185	-29640	
-23984	-23857	-28648	
-24050	-23690	-28826	
-24376	-23731	-28777	
-25046	-22524	-29486	
-25151	-22269	-29694	
-23478	-24717	-27633	
-25252	-21812	-29634	
-24323	-23503	-28974	
-23922	-23960	-28761	
-23476	-24595	-27646	
-24477	-25221	-24976	
-24201	-23620	-28925	
-23961	-25051	-26113	
-24377	-25365	-23845	
-25019	-22585	-29482	
-23459	-24591	-27785	
-23966	-23827	-28973	
-25043	-22292	-29606	
-24225	-25089	-25805	
-23898	-24769	-27267	
-24025	-25070	-25918	
-23894	-23997	-28593	
-24513	-25287	-24388	
-23558	-24260	-28349	
-24508	-25305	-24312	
-24977	-22383	-29664	
-23154	-24384	-28241	
-23418	-24416	-27989	
-23959	-25085	-26125	
-23851	-24770	-27140	
-23409	-24803	-27159	
-24148	-25092	-25828	
-24266	-25417	-23143	
-23249	-24430	-27967	
-24128	-25095	-25855	
-24156	-25087	-25806	
-25179	-21734	-29685	
-23794	-24039	-28624	
-24869	-22736	-29470	
-25164	-22041	-29707	
-24199	-25140	-25764	
-23411	-24183	-28453	
-24269	-23464	-29147	
-23193	-24429	-27977	
-23930	-25047	-26412	
-24380	-25204	-25143	
-23219	-24432	-27948	
-23126	-24408	-28057	
-22851	-24498	-27948	
-23842	-24933	-26820	
-22725	-24454	-28047	
-24714	-23187	-29294	
-24102	-23575	-29025	
-23145	-24423	-28020	
-24408	-25348	-24860	
-23621	-24533	-27790	
-23358	-24771	-27177	
-24130	-25137	-25765	
-23286	-24781	-27249	
-24351	-23451	-29091	
-24229	-25220	-25002	
-23048	-24429	-28070	
-23417	-24659	-27833	
-24919	-22461	-29599	
-23504	-20625	-30418	
-24111	-25111	-25791	
-23317	-24211	-28369	
-24687	-23341	-29193	
-23535	-24757	-27429	
-24218	-25245	-25395	
-24232	-25257	-24868	
-23826	-24986	-26674	
-24040	-25243	-25812	
-23267	-24840	-27280	
-23094	-24083	-28597	
-23844	-25122	-25904	
-24409	-25338	-24109	
-23026	-24405	-28126	
-22653	-24471	-28108	
-23350	-24829	-27117	
-23873	-25150	-25855	
-23220	-24217	-28419	
-24215	-25454	-23597	
-23352	-24021	-28670	
-24099	-23495	-29300	
-25344	-21360	-29797	
-23341	-24544	-27928	
-23903	-23834	-28913	
-23830	-25118	-25987	
-23817	-25149	-26354	
-24523	-23239	-29440	
-23857	-23868	-28786	
-23439	-20121	-30464	
-22521	-24478	-27961	
-23245	-24871	-27484	
-23135	-24258	-28393	
-24918	-22528	-29608	
-23787	-24966	-26725	
-23430	-24309	-28301	
-22944	-24418	-28182	
-23865	-23588	-29039	
-22309	-24510	-27989	
-22693	-24266	-28310	
-25211	-21482	-29780	
-22486	-24120	-28657	
-24867	-22809	-29416	
-23167	-24583	-27853	
-22290	-24459	-28270	
-23548	-23682	-29057	
-22462	-24247	-28619	
-23820	-25018	-26473	
-23799	-23938	-28851	
-22602	-23984	-28680	
-23787	-23541	-29057	
-23703	-24964	-26764	
-24854	-22618	-29639	
-23749	-25014	-26567	
-22772	-24579	-27860	
-22957	-24068	-28650	
-24293	-23286	-29212	
-22506	-23988	-28689	
-22279	-24580	-27897	
-24151	-25265	-25034	
-24765	-22761	-29446	
-22225	-24367	-28295	
-22271	-23981	-28797	
-23585	-24936	-26856	
-23602	-23503	-29142	
-23522	-25107	-26961	
-22201	-24034	-28736	
-23035	-24779	-27602	
-23479	-23599	-29072	
-23186	-24709	-27701	
-24172	-25389	-23762	
-24754	-22802	-29432	
-24246	-23351	-29213	
-24164	-23338	-29260	
-24700	-22918	-29486	
-24770	-22708	-29486	
-25157	-21492	-29825	
-25026	-21932	-29764	
-25096	-21717	-29852	
-23274	-23564	-29209	
-22447	-24622	-27840	
-23649	-25005	-26625	
-24119	-23363	-29332	
-24139	-25255	-25508	
-24654	-22799	-29501	
-25234	-21175	-29855	
-23311	-23846	-28874	
-24038	-25276	-25049	
-22494	-23948	-28806	
-24255	-25363	-24474	
-23292	-23720	-29026	
-22567	-24695	-27747	
-24151	-25369	-23851	
-22810	-24975	-27181	
-22658	-23908	-29006	
-25103	-21446	-29906	
-23796	-25211	-25814	
-24569	-22640	-29538	
-23719	-25213	-25830	
-23211	-23843	-28943	
-23192	-23717	-29095	
-23080	-24932	-26971	
-23673	-25189	-25904	
-22277	-24809	-27802	
-22877	-25027	-26988	
-24558	-22681	-29524	
-24037	-25260	-25122	
-24530	-22968	-29494	
-24003	-25284	-25271	
-23153	-23729	-29037	
-24020	-25268	-25335	
-22518	-24967	-27249	
-23661	-25160	-26096	
-22704	-23625	-29118	
-24544	-22725	-29569	
-23980	-25369	-25078	
-22600	-24791	-27511	
-25006	-22064	-29732	
-23654	-25161	-26073	
-24504	-22797	-29578	
-23647	-25167	-26328	
-22479	-24947	-27300	
-24997	-22150	-29777	
-23507	-25185	-26062	
-24497	-22819	-29509	
-22325	-24877	-27370	
-25038	-21054	-29947	
-24459	-22822	-29650	
-24432	-22976	-29549	
-24857	-21933	-29807	
-23571	-25254	-25831	
-23473	-25212	-25857	
-23960	-25321	-25081	
-23976	-25258	-25420	
-24155	-23016	-29492	
-23948	-25292	-25082	
-23940	-25323	-25108	
-22531	-25835	-24817	
-24041	-23316	-29350	
-23359	-25119	-26680	
-23466	-25338	-25903	
-23787	-25374	-25494	
-23929	-25295	-25110	
-24810	-22492	-29734	
-23921	-25300	-25132	
-24524	-22665	-29610	
-23450	-25220	-25946	
-22384	-25028	-27025	
-23838	-25276	-25299	
-24101	-25414	-24510	
-23901	-25303	-25159	
-22646	-23511	-29212	
-22487	-23510	-29216	
-24104	-23037	-29616	
-23768	-25248	-25646	
-23837	-25299	-25171	
-24029	-25439	-24729	
-23817	-25301	-25198	
-23393	-25180	-26150	
-23379	-25215	-25951	
-23488	-23381	-29413	
-23316	-25241	-26109	
-22089	-25037	-27055	
-23355	-25159	-26396	
-24028	-23100	-29441	
-24003	-23070	-29476	
-23758	-25288	-25607	
-23611	-23403	-29323	
-24916	-20781	-30011	
-22917	-25152	-26699	
-23506	-23327	-29333	
-23983	-23202	-29444	
-24762	-21534	-29863	
-23710	-23141	-29504	
-24736	-21937	-29894	
-23193	-25219	-26199	
-24871	-21163	-30017	
-23742	-25275	-25665	
-23673	-25273	-25666	
-23645	-25281	-25715	
-24933	-21169	-29910	
-23068	-25258	-26215	
-24407	-22946	-29584	
-24787	-22041	-29779	
-22891	-23386	-29324	
-23030	-25168	-26312	
-24915	-21289	-29922	
-22998	-25267	-26268	
-24283	-22512	-29686	
-24668	-22255	-29772	
-24614	-22371	-29826	
-24266	-22523	-29731	
-22381	-25045	-26987	
-23387	-23142	-29479	
-22900	-23286	-29505	
-24160	-22558	-29808	
-22917	-25194	-26404	
-24111	-22766	-29670	
-23522	-25259	-25805	
-22625	-25186	-26472	
-24869	-21340	-29938	
-23395	-23107	-29536	
-23628	-25297	-25651	
-24748	-21362	-29936	
-22586	-25166	-26523	
-23951	-25484	-24761	
-23200	-25252	-25955	
-23925	-22611	-29688	
-24742	-21370	-29954	
-24733	-21705	-30014	
-24740	-21434	-30068	
-23880	-25376	-24854	
-23603	-25328	-25576	
-24801	-21216	-29956	
-22906	-25255	-26352	
-23144	-25282	-26043	
-23107	-25278	-26164	
-22291	-25175	-26553	
-22695	-23151	-29509	
-22799	-23047	-29571	
-23871	-22727	-29742	
-22583	-25183	-26485	
-23875	-25386	-24993	
-24794	-21318	-30014	
-22639	-23073	-29622	
-24219	-22413	-29864	
-24549	-22279	-29851	
-23844	-22881	-29641	
-23920	-25501	-23746	
-22576	-23080	-29562	
-24848	-20657	-30029	
-23775	-25393	-24769	
-23733	-25438	-25345	
-23989	-22801	-29668	
-23595	-22897	-29679	
-23203	-22923	-29679	
-23615	-22765	-29711	
-23768	-25379	-25319	
-24339	-22033	-29878	
-23099	-23027	-29617	
-23026	-22928	-29619	
-24719	-21717	-29924	
-23761	-25380	-25296	
-23024	-25371	-25922	
-22603	-22926	-29663	
-24663	-21758	-29953	
-22910	-25366	-26010	
-24661	-21812	-29899	
-23458	-22828	-29802	
-23399	-25358	-25542	
-24251	-22083	-29869	
-24392	-21793	-29971	
-23793	-22680	-29760	
-24338	-21909	-30025	
-22893	-25284	-26183	
-23307	-25404	-25789	
-22547	-25354	-26172	
-24248	-22094	-29932	
-24295	-21947	-29914	
-22903	-22906	-29709	
-24241	-22116	-29863	
-24268	-21962	-29964	
-24266	-22016	-29910	
-22540	-25281	-26331	
-23769	-25492	-24725	
-23748	-22705	-29832	
-24324	-21921	-29935	
-24052	-22522	-29934	
-23682	-25391	-25409	
-22502	-25379	-26244	
-23685	-22712	-29772	
-23670	-25445	-25285	
-23664	-25436	-25346	
-23656	-25441	-25368	
-23636	-25444	-25395	
-23654	-25452	-25109	
-22820	-20002	-30560	
-23576	-25497	-25141	
-24183	-22002	-29957	
-23301	-25424	-25508	
-23452	-22525	-29918	
-23930	-22160	-29947	
-22896	-25401	-25811	
-24523	-21596	-30016	
-24399	-21522	-30025	
-22687	-25417	-25944	
-22878	-25474	-25595	
-23871	-22058	-29948	
-23856	-22401	-30026	
-24345	-21638	-30079	
-24099	-21963	-30007	
-22824	-25590	-25649	
-23564	-25468	-25142	
-23201	-25456	-25304	
-23180	-25451	-25421	
-23494	-25619	-24662	
-23005	-25447	-25452	
-22966	-25427	-25503	
-23199	-25577	-25269	
-24273	-21817	-30050	
-22524	-25429	-25663	
-23455	-25599	-24713	
-23128	-25469	-25362	
-23392	-25572	-24853	
-23051	-25471	-25378	
-23387	-22433	-29943	
-23903	-21842	-30099	
-23308	-25516	-24968	
-24077	-21696	-30142	
-23791	-22309	-30051	
-23023	-25486	-25277	
-24392	-21079	-30152	
-24256	-20799	-30155	
-24158	-20811	-30211	
-24142	-20975	-30204	
-23537	-21977	-30114	
-24280	-21084	-30147	
-24124	-21137	-30215	
-24113	-21193	-30217	
-23508	-22046	-30110	
-24262	-20595	-30218	
-23990	-21196	-30217	
-23984	-21400	-30154	
-23838	-21750	-30124	
-23632	-21290	-30196	
-23589	-21604	-30165	
-23443	-21954	-30135	
-23584	-21418	-30187	
-23991	-20831	-30230	
-23436	-21738	-30180	
-23119	-25632	-25042	
-23932	-20729	-30231	
-23918	-20652	-30289	
-23495	-21318	-30224	
-23450	-21343	-30296	
-23378	-21450	-30181	
-23189	-21622	-30198	
-23636	-21045	-30238	
-23565	-21108	-30224	
-23080	-25612	-25093	
-22536	-21364	-30268	
-23017	-25585	-25233	
-23273	-25607	-24677	
-23107	-21686	-30193	
-22473	-25596	-25166	
-22254	-25599	-25340	
-23014	-25649	-24957	
-22731	-25616	-25090	
-22988	-25700	-24916	
-23371	-21077	-30313	
-22075	-25864	-24084	
-23254	-21222	-30388	
-23506	-20504	-30342	
-23301	-20663	-30461	
-22622	-25747	-23993	
-22571	-25749	-24132	
-22886	-20750	-30425	
-21724	-25870	-23601	
-20995	-25873	-23545	
-20726	-25877	-21953	
