5469.000 3385.000
4444.000 4351.000
4873.000 4189.000
5378.000 3657.000
5420.000 3590.000
5468.000 3405.000
5459.000 3441.000
5464.000 3420.000
5460.000 3421.000
5434.000 3537.000
5449.000 3479.000
5458.000 3443.000
5455.000 3456.000
5454.000 3458.000
5450.000 3459.000
5445.000 3494.000
5443.000 3501.000
5439.000 3516.000
5435.000 3517.000
5424.000 3575.000
5430.000 3552.000
5433.000 3539.000
5429.000 3554.000
5425.000 3555.000
5382.000 3642.000
5410.000 3591.000
5387.000 3621.000
5388.000 3619.000
5391.000 3606.000
5392.000 3604.000
5398.000 3596.000
5383.000 3622.000
5247.000 3818.000
5251.000 3803.000
5289.000 3751.000
5292.000 3744.000
5293.000 3736.000
5296.000 3729.000
5307.000 3717.000
5313.000 3711.000
5321.000 3703.000
5368.000 3658.000
5338.000 3679.000
5342.000 3664.000
5325.000 3688.000
5328.000 3681.000
5303.000 3719.000
5283.000 3757.000
5252.000 3791.000
5256.000 3764.000
5253.000 3767.000
5248.000 3806.000
4942.000 4123.000
4948.000 4117.000
5241.000 3824.000
5200.000 3862.000
5206.000 3856.000
5207.000 3844.000
5210.000 3841.000
5211.000 3829.000
5178.000 3884.000
5179.000 3872.000
5172.000 3890.000
5137.000 3922.000
5138.000 3910.000
5144.000 3896.000
5131.000 3928.000
5022.000 4031.000
5023.000 4019.000
5026.000 4016.000
5027.000 4004.000
5056.000 3977.000
5062.000 3971.000
5075.000 3962.000
5091.000 3950.000
5097.000 3944.000
5098.000 3932.000
5081.000 3956.000
5035.000 3984.000
5041.000 3978.000
5016.000 4037.000
4952.000 4102.000
4953.000 4097.000
4966.000 4075.000
4972.000 4069.000
4976.000 4059.000
4982.000 4053.000
4983.000 4041.000
4986.000 4038.000
4954.000 4085.000
4949.000 4105.000
4879.000 4183.000
4892.000 4161.000
4898.000 4155.000
4902.000 4145.000
4908.000 4139.000
4909.000 4127.000
4912.000 4124.000
4880.000 4171.000
4597.000 4340.000
4783.000 4249.000
4823.000 4227.000
4829.000 4221.000
4833.000 4211.000
4839.000 4205.000
4840.000 4193.000
4789.000 4243.000
4790.000 4231.000
4647.000 4316.000
4733.000 4273.000
4773.000 4251.000
4739.000 4267.000
4740.000 4255.000
4653.000 4310.000
4678.000 4297.000
4684.000 4291.000
4718.000 4275.000
4697.000 4278.000
4685.000 4279.000
4654.000 4298.000
4603.000 4334.000
4604.000 4322.000
4497.000 4349.000
4544.000 4342.000
4499.000 4346.000
4503.000 4343.000
