3475.000 3038.000
2728.000 3642.000
3345.000 3334.000
3425.000 3215.000
3468.000 3081.000
3432.000 3172.000
3436.000 3154.000
3443.000 3111.000
3370.000 3307.000
3400.000 3242.000
3377.000 3264.000
3381.000 3246.000
2931.000 3619.000
2998.000 3578.000
3023.000 3551.000
3274.000 3373.000
3299.000 3346.000
3310.000 3337.000
3046.000 3524.000
3056.000 3507.000
3071.000 3497.000
3239.000 3376.000
3091.000 3463.000
3095.000 3440.000
3108.000 3432.000
3123.000 3422.000
3132.000 3399.000
3137.000 3394.000
3143.000 3388.000
3152.000 3384.000
3097.000 3433.000
3076.000 3473.000
3077.000 3467.000
3075.000 3474.000
3031.000 3534.000
3008.000 3561.000
2983.000 3588.000
2956.000 3592.000
2937.000 3600.000
2912.000 3627.000
2771.000 3641.000
2869.000 3628.000
2790.000 3633.000
