3553.000 2586.000
2939.000 3724.000
3254.000 3651.000
3525.000 3124.000
3546.000 2834.000
3552.000 2601.000
3550.000 2627.000
3549.000 2631.000
3547.000 2714.000
3548.000 2641.000
3537.000 2998.000
3541.000 2889.000
3540.000 2900.000
3528.000 3026.000
3529.000 3015.000
3403.000 3370.000
3459.000 3240.000
3498.000 3153.000
3475.000 3170.000
3479.000 3159.000
3465.000 3176.000
3436.000 3257.000
3439.000 3248.000
3422.000 3280.000
3426.000 3263.000
3419.000 3286.000
3405.000 3305.000
3269.000 3621.000
3389.000 3389.000
3372.000 3401.000
3352.000 3430.000
3354.000 3404.000
3351.000 3431.000
3306.000 3519.000
3329.000 3447.000
3308.000 3467.000
3310.000 3459.000
3291.000 3549.000
3271.000 3569.000
3137.000 3714.000
3192.000 3693.000
3226.000 3667.000
3199.000 3672.000
3147.000 3703.000
2969.000 3723.000
