2680.000 2030.000
2100.000 2475.000
2445.000 2392.000
2594.000 2192.000
2638.000 2117.000
2661.000 2073.000
2666.000 2048.000
2662.000 2053.000
2657.000 2074.000
2647.000 2091.000
2643.000 2096.000
2599.000 2171.000
2616.000 2127.000
2601.000 2134.000
2502.000 2331.000
2507.000 2310.000
2549.000 2233.000
2554.000 2212.000
2557.000 2209.000
2527.000 2248.000
2512.000 2250.000
2470.000 2367.000
2475.000 2346.000
2450.000 2371.000
2316.000 2434.000
2408.000 2409.000
2353.000 2417.000
2213.000 2448.000
2192.000 2450.000
2137.000 2458.000
