2904.000 1526.000
1706.000 2942.000
2729.000 2581.000
2903.000 1905.000
2814.000 2372.000
2873.000 2077.000
2900.000 1912.000
2879.000 2015.000
2894.000 1916.000
2874.000 2022.000
2822.000 2336.000
2868.000 2084.000
2867.000 2089.000
2862.000 2096.000
2847.000 2173.000
2859.000 2097.000
2853.000 2111.000
2854.000 2104.000
2848.000 2118.000
2842.000 2180.000
2841.000 2185.000
2836.000 2192.000
2833.000 2193.000
2828.000 2200.000
2816.000 2348.000
2792.000 2450.000
2800.000 2414.000
2808.000 2384.000
2745.000 2549.000
2784.000 2458.000
2768.000 2480.000
2770.000 2460.000
2753.000 2513.000
2760.000 2488.000
2737.000 2557.000
2100.000 2912.000
2514.000 2720.000
2643.000 2651.000
2721.000 2589.000
2651.000 2643.000
2667.000 2621.000
2675.000 2613.000
2689.000 2591.000
2655.000 2625.000
2549.000 2701.000
2557.000 2693.000
2573.000 2677.000
2581.000 2669.000
2583.000 2663.000
2589.000 2653.000
2575.000 2671.000
2522.000 2712.000
2291.000 2829.000
2326.000 2810.000
2334.000 2802.000
2412.000 2764.000
2414.000 2760.000
2420.000 2756.000
2447.000 2745.000
2449.000 2741.000
2455.000 2737.000
2464.000 2734.000
2472.000 2726.000
2477.000 2721.000
2465.000 2727.000
2457.000 2735.000
2422.000 2754.000
2430.000 2746.000
2336.000 2798.000
2344.000 2792.000
2348.000 2790.000
2353.000 2787.000
2361.000 2783.000
2379.000 2773.000
2383.000 2771.000
2387.000 2765.000
2364.000 2774.000
2299.000 2821.000
2116.000 2906.000
2186.000 2874.000
2221.000 2855.000
2241.000 2843.000
2252.000 2836.000
2229.000 2847.000
2194.000 2866.000
2202.000 2860.000
2151.000 2887.000
2167.000 2879.000
2135.000 2893.000
2124.000 2898.000
1991.000 2929.000
2081.000 2917.000
2013.000 2923.000
1922.000 2934.000
1947.000 2931.000
1731.000 2939.000
1775.000 2937.000
