2355.000 1491.000
1785.000 2251.000
2305.000 1931.000
2332.000 1818.000
2344.000 1707.000
2320.000 1846.000
2079.000 2168.000
2202.000 2061.000
2220.000 2042.000
2257.000 1994.000
2268.000 1979.000
2287.000 1950.000
2239.000 2013.000
2250.000 1998.000
2137.000 2119.000
2144.000 2110.000
2155.000 2100.000
2164.000 2080.000
2174.000 2071.000
2181.000 2062.000
2116.000 2120.000
2094.000 2136.000
2095.000 2129.000
1956.000 2220.000
2006.000 2187.000
2027.000 2171.000
1966.000 2191.000
1958.000 2193.000
1802.000 2247.000
1899.000 2222.000
1827.000 2226.000
