4405.000 3687.000
3699.000 4439.000
4072.000 4361.000
4357.000 3966.000
4397.000 3840.000
4400.000 3809.000
4402.000 3718.000
4392.000 3865.000
4370.000 3932.000
4379.000 3899.000
4384.000 3874.000
4375.000 3907.000
4371.000 3909.000
4366.000 3934.000
4362.000 3941.000
4358.000 3943.000
4343.000 3990.000
4353.000 3968.000
4107.000 4314.000
4285.000 4068.000
4339.000 3992.000
4299.000 4044.000
4301.000 4030.000
4304.000 4019.000
4312.000 4010.000
4315.000 4006.000
4308.000 4012.000
4295.000 4046.000
4281.000 4070.000
4164.000 4228.000
4177.000 4194.000
4181.000 4183.000
4183.000 4163.000
4194.000 4149.000
4215.000 4118.000
4229.000 4094.000
4236.000 4082.000
4240.000 4080.000
4225.000 4096.000
4211.000 4120.000
4196.000 4129.000
4129.000 4275.000
4133.000 4259.000
4142.000 4241.000
4146.000 4230.000
4120.000 4280.000
4085.000 4327.000
4089.000 4316.000
3923.000 4435.000
3964.000 4416.000
4031.000 4380.000
4013.000 4387.000
3972.000 4406.000
3787.000 4438.000
3835.000 4436.000
