5469.000 4926.000
5038.000 5445.000
5394.000 5317.000
5468.000 4983.000
5445.000 5093.000
5448.000 5063.000
5461.000 4997.000
5449.000 5006.000
5425.000 5173.000
5438.000 5107.000
5426.000 5116.000
5418.000 5187.000
5399.000 5246.000
5400.000 5189.000
5395.000 5260.000
5275.000 5398.000
5361.000 5350.000
5335.000 5363.000
5282.000 5389.000
5291.000 5380.000
5295.000 5376.000
5310.000 5365.000
5298.000 5366.000
5138.000 5437.000
5148.000 5429.000
5242.000 5402.000
5191.000 5411.000
5201.000 5406.000
5155.000 5420.000
5097.000 5441.000
