4673.000 3813.000
4019.000 4557.000
4473.000 4349.000
4626.000 4150.000
4660.000 4038.000
4664.000 3993.000
4668.000 3866.000
4649.000 4068.000
4636.000 4099.000
4630.000 4105.000
4563.000 4246.000
4594.000 4203.000
4595.000 4193.000
4604.000 4152.000
4598.000 4158.000
4579.000 4211.000
4504.000 4306.000
4516.000 4287.000
4548.000 4254.000
4531.000 4262.000
4520.000 4264.000
4505.000 4296.000
4476.000 4316.000
4188.000 4540.000
4334.000 4465.000
4441.000 4365.000
4445.000 4359.000
4413.000 4375.000
4366.000 4412.000
4373.000 4398.000
4377.000 4386.000
4381.000 4380.000
4382.000 4379.000
4338.000 4422.000
4341.000 4414.000
4302.000 4481.000
4306.000 4475.000
4274.000 4491.000
4250.000 4496.000
4233.000 4501.000
4222.000 4506.000
4208.000 4510.000
4205.000 4511.000
4160.000 4550.000
