3475.000 2827.000
2679.000 3563.000
3266.000 3379.000
3400.000 3129.000
3468.000 2882.000
3412.000 3093.000
3458.000 2904.000
3461.000 2885.000
3451.000 2907.000
3439.000 2953.000
3446.000 2916.000
3419.000 3038.000
3421.000 3016.000
3429.000 2975.000
3432.000 2956.000
3422.000 2978.000
3346.000 3252.000
3358.000 3216.000
3360.000 3198.000
3365.000 3175.000
3372.000 3161.000
3377.000 3153.000
3366.000 3168.000
3362.000 3177.000
3350.000 3228.000
3348.000 3234.000
3301.000 3333.000
3338.000 3264.000
3313.000 3297.000
3321.000 3273.000
3315.000 3279.000
3303.000 3315.000
3268.000 3361.000
3278.000 3343.000
2950.000 3501.000
3213.000 3398.000
3231.000 3390.000
3233.000 3380.000
2961.000 3495.000
3133.000 3427.000
3178.000 3409.000
3180.000 3399.000
3144.000 3421.000
3152.000 3411.000
3125.000 3428.000
3090.000 3439.000
3099.000 3430.000
3058.000 3448.000
3064.000 3441.000
3023.000 3459.000
3029.000 3452.000
2989.000 3475.000
3000.000 3466.000
3011.000 3460.000
2992.000 3468.000
2975.000 3480.000
2766.000 3555.000
2819.000 3536.000
2864.000 3513.000
2875.000 3507.000
2848.000 3514.000
2827.000 3517.000
2824.000 3518.000
