4405.000 3715.000
3586.000 4723.000
4104.000 4516.000
4334.000 4049.000
4392.000 3892.000
4400.000 3799.000
4402.000 3748.000
4395.000 3859.000
4397.000 3832.000
4370.000 3945.000
4382.000 3911.000
4373.000 3912.000
4366.000 3948.000
4360.000 3964.000
4356.000 3967.000
4337.000 4016.000
4338.000 4002.000
4340.000 3992.000
4346.000 3975.000
4342.000 3978.000
4177.000 4416.000
4261.000 4222.000
4312.000 4102.000
4324.000 4068.000
4315.000 4069.000
4283.000 4169.000
4302.000 4121.000
4308.000 4105.000
4298.000 4124.000
4288.000 4132.000
4286.000 4136.000
4273.000 4188.000
4264.000 4189.000
4212.000 4333.000
4251.000 4241.000
4257.000 4225.000
4247.000 4244.000
4240.000 4251.000
4231.000 4269.000
4235.000 4256.000
4227.000 4272.000
4215.000 4300.000
4220.000 4277.000
4216.000 4280.000
4205.000 4334.000
4195.000 4349.000
4182.000 4380.000
4180.000 4383.000
4141.000 4459.000
4152.000 4442.000
4124.000 4482.000
4110.000 4495.000
3928.000 4608.000
4023.000 4560.000
4045.000 4545.000
4009.000 4564.000
3950.000 4593.000
3962.000 4567.000
3618.000 4719.000
3677.000 4692.000
3902.000 4609.000
3867.000 4615.000
3843.000 4619.000
3713.000 4671.000
3772.000 4644.000
3817.000 4620.000
3795.000 4622.000
3782.000 4626.000
3773.000 4629.000
3740.000 4653.000
3755.000 4646.000
3725.000 4657.000
3678.000 4677.000
3681.000 4675.000
3645.000 4696.000
3648.000 4693.000
3624.000 4698.000
