4431.000 3651.000
3924.000 4638.000
4240.000 4419.000
4334.000 4123.000
4419.000 3764.000
4427.000 3691.000
4423.000 3724.000
4336.000 4114.000
4402.000 3830.000
4406.000 3790.000
4345.000 4067.000
4347.000 4058.000
4352.000 4023.000
4354.000 4014.000
4358.000 3995.000
4365.000 3961.000
4372.000 3917.000
4390.000 3847.000
4373.000 3890.000
4375.000 3871.000
4377.000 3861.000
4363.000 3967.000
4343.000 4069.000
4337.000 4075.000
4310.000 4209.000
4332.000 4125.000
4325.000 4150.000
4326.000 4131.000
4323.000 4152.000
4321.000 4153.000
4319.000 4155.000
4317.000 4158.000
4315.000 4160.000
4311.000 4189.000
4313.000 4161.000
4268.000 4341.000
4308.000 4211.000
4285.000 4284.000
4306.000 4212.000
4300.000 4225.000
4302.000 4217.000
4298.000 4229.000
4289.000 4256.000
4295.000 4230.000
4292.000 4233.000
4290.000 4237.000
4286.000 4257.000
4283.000 4286.000
4274.000 4315.000
4278.000 4290.000
4277.000 4292.000
4275.000 4294.000
4271.000 4317.000
4269.000 4319.000
4246.000 4392.000
4247.000 4389.000
4258.000 4358.000
4260.000 4349.000
4262.000 4344.000
4256.000 4360.000
4251.000 4364.000
4250.000 4366.000
4248.000 4368.000
4244.000 4394.000
4138.000 4559.000
4200.000 4487.000
4213.000 4468.000
4232.000 4427.000
4235.000 4421.000
4227.000 4429.000
4211.000 4470.000
4205.000 4476.000
4203.000 4478.000
4148.000 4549.000
4198.000 4489.000
4192.000 4495.000
4190.000 4497.000
4170.000 4498.000
4168.000 4500.000
4165.000 4503.000
4163.000 4505.000
4140.000 4557.000
4146.000 4551.000
3951.000 4630.000
3953.000 4628.000
4111.000 4567.000
4113.000 4565.000
3959.000 4622.000
3961.000 4620.000
4074.000 4575.000
4076.000 4573.000
4047.000 4583.000
4049.000 4581.000
3966.000 4610.000
3968.000 4608.000
3926.000 4636.000
