2815.000 2025.000
2126.000 2798.000
2470.000 2722.000
2678.000 2403.000
2701.000 2354.000
2717.000 2268.000
2724.000 2218.000
2775.000 2091.000
2732.000 2152.000
2741.000 2117.000
2746.000 2107.000
2580.000 2584.000
2615.000 2516.000
2617.000 2512.000
2619.000 2487.000
2625.000 2465.000
2627.000 2460.000
2639.000 2434.000
2649.000 2419.000
2631.000 2442.000
2597.000 2546.000
2601.000 2527.000
2605.000 2519.000
2564.000 2599.000
2568.000 2591.000
2533.000 2632.000
2554.000 2604.000
2544.000 2608.000
2479.000 2682.000
2492.000 2663.000
2488.000 2666.000
2398.000 2753.000
2438.000 2733.000
2214.000 2791.000
2328.000 2765.000
2352.000 2756.000
2246.000 2771.000
2215.000 2776.000
