2815.000 2275.000
2164.000 2842.000
2682.000 2619.000
2741.000 2518.000
2799.000 2351.000
2779.000 2380.000
2757.000 2442.000
2762.000 2401.000
2764.000 2393.000
2691.000 2599.000
2709.000 2541.000
2698.000 2552.000
2502.000 2742.000
2560.000 2704.000
2602.000 2672.000
2667.000 2626.000
2626.000 2645.000
2645.000 2631.000
2563.000 2673.000
2512.000 2710.000
2232.000 2822.000
2277.000 2803.000
2286.000 2798.000
2308.000 2792.000
2334.000 2782.000
2356.000 2776.000
2463.000 2745.000
2412.000 2756.000
2413.000 2754.000
2425.000 2747.000
2370.000 2765.000
2389.000 2757.000
2373.000 2759.000
2345.000 2777.000
2293.000 2793.000
2239.000 2807.000
2209.000 2823.000
