2452.000 1410.000
1400.000 2134.000
2203.000 1851.000
2361.000 1657.000
2428.000 1494.000
2436.000 1466.000
2444.000 1416.000
2416.000 1500.000
2393.000 1549.000
2405.000 1511.000
2395.000 1515.000
2378.000 1576.000
2380.000 1560.000
2368.000 1598.000
2327.000 1701.000
2348.000 1668.000
2335.000 1673.000
2328.000 1674.000
2271.000 1749.000
2279.000 1727.000
2282.000 1714.000
2251.000 1763.000
2223.000 1775.000
2204.000 1802.000
2209.000 1781.000
1869.000 2047.000
1976.000 1998.000
1999.000 1961.000
2019.000 1945.000
2089.000 1891.000
2097.000 1863.000
2119.000 1853.000
2069.000 1897.000
2055.000 1905.000
2043.000 1909.000
2035.000 1911.000
2027.000 1917.000
1983.000 1969.000
1943.000 2001.000
1919.000 2009.000
1876.000 2018.000
1465.000 2131.000
1790.000 2068.000
1835.000 2055.000
1855.000 2049.000
1812.000 2058.000
1798.000 2060.000
1699.000 2085.000
1776.000 2070.000
1721.000 2075.000
1705.000 2077.000
1548.000 2114.000
1568.000 2098.000
1582.000 2092.000
1584.000 2088.000
