1890.000 1242.000
1196.000 1826.000
1520.000 1744.000
1858.000 1374.000
1864.000 1312.000
1700.000 1556.000
1702.000 1548.000
1734.000 1504.000
1814.000 1412.000
1820.000 1390.000
1806.000 1414.000
1774.000 1438.000
1758.000 1446.000
1746.000 1460.000
1748.000 1454.000
1736.000 1462.000
1582.000 1670.000
1652.000 1580.000
1660.000 1568.000
1662.000 1560.000
1664.000 1558.000
1624.000 1600.000
1612.000 1610.000
1598.000 1632.000
1386.000 1790.000
1396.000 1746.000
1228.000 1820.000
1338.000 1796.000
1266.000 1808.000
1270.000 1800.000
1234.000 1814.000
