20
40
1.0 -11.0 -24.0 -47.0 40.0 37.0 9.0 -17.0 -24.0 -2.0 9.0 41.0 26.0 45.0 45.0 -47.0 -11.0 14.0 -4.0 -45.0 
1.0 -25.0 1.0 41.0 21.0 -9.0 31.0 36.0 1.0 -15.0 -36.0 6.0 33.0 -31.0 -2.0 36.0 -41.0 -16.0 -5.0 -8.0 
1.0 -24.0 43.0 17.0 33.0 -16.0 11.0 27.0 -46.0 16.0 -43.0 0.0 22.0 -18.0 17.0 -22.0 20.0 -43.0 -41.0 -29.0 
1.0 -26.0 -40.0 -15.0 30.0 43.0 -29.0 -23.0 -6.0 -20.0 -22.0 39.0 -12.0 4.0 -2.0 -46.0 -13.0 -2.0 -18.0 30.0 
1.0 2.0 48.0 37.0 18.0 19.0 36.0 -16.0 14.0 5.0 -43.0 23.0 -8.0 -19.0 -1.0 -6.0 27.0 -43.0 15.0 -46.0 
1.0 1.0 11.0 -18.0 -44.0 15.0 2.0 -30.0 -15.0 5.0 18.0 17.0 -15.0 -30.0 -19.0 38.0 4.0 16.0 23.0 39.0 
1.0 -21.0 44.0 12.0 18.0 -14.0 44.0 -34.0 30.0 20.0 40.0 -40.0 -10.0 -9.0 21.0 22.0 -37.0 -49.0 41.0 -17.0 
1.0 -14.0 -5.0 -50.0 20.0 30.0 37.0 -50.0 18.0 -9.0 16.0 -44.0 46.0 12.0 -50.0 7.0 -21.0 -48.0 -34.0 -38.0 
1.0 -2.0 3.0 -49.0 8.0 43.0 -42.0 45.0 -19.0 -29.0 46.0 -29.0 4.0 48.0 16.0 -29.0 17.0 -38.0 24.0 -17.0 
1.0 -4.0 31.0 50.0 2.0 -8.0 11.0 -32.0 16.0 6.0 37.0 32.0 18.0 -16.0 -50.0 -14.0 8.0 44.0 -6.0 2.0 
1.0 -26.0 16.0 -37.0 -5.0 36.0 -39.0 27.0 23.0 -6.0 39.0 -37.0 28.0 -50.0 10.0 -7.0 3.0 -48.0 20.0 -13.0 
1.0 -16.0 -25.0 -26.0 32.0 10.0 8.0 33.0 46.0 33.0 26.0 -11.0 -16.0 50.0 21.0 -36.0 -40.0 7.0 42.0 37.0 
1.0 46.0 -15.0 -8.0 -42.0 29.0 -8.0 19.0 -29.0 11.0 -13.0 7.0 15.0 21.0 33.0 39.0 2.0 -8.0 -38.0 -50.0 
1.0 -47.0 45.0 26.0 -8.0 46.0 -9.0 -37.0 26.0 1.0 -14.0 17.0 -46.0 48.0 18.0 -38.0 23.0 -3.0 -30.0 -9.0 
1.0 -16.0 32.0 -6.0 8.0 -38.0 31.0 -44.0 -50.0 49.0 -36.0 29.0 50.0 -33.0 -10.0 -9.0 9.0 -15.0 33.0 -12.0 
1.0 -40.0 50.0 -10.0 -7.0 -47.0 -12.0 -40.0 32.0 27.0 -27.0 -48.0 34.0 -26.0 0.0 -23.0 32.0 12.0 24.0 38.0 
1.0 12.0 22.0 -49.0 -44.0 -13.0 35.0 -4.0 29.0 -41.0 -3.0 11.0 -2.0 -27.0 -24.0 4.0 16.0 47.0 8.0 27.0 
1.0 28.0 -16.0 16.0 30.0 -33.0 6.0 -21.0 -40.0 -13.0 41.0 34.0 41.0 -32.0 -28.0 8.0 -25.0 9.0 -8.0 -13.0 
1.0 -13.0 2.0 35.0 14.0 16.0 24.0 41.0 36.0 -10.0 37.0 -6.0 33.0 -20.0 -6.0 -2.0 -40.0 -22.0 21.0 -45.0 
1.0 -12.0 -43.0 47.0 39.0 15.0 31.0 -40.0 -28.0 22.0 19.0 -19.0 26.0 23.0 -1.0 10.0 -48.0 -36.0 -17.0 43.0 
1.0 16.0 -11.0 -5.0 26.0 -29.0 26.0 -30.0 -14.0 2.0 -36.0 -44.0 7.0 2.0 30.0 -31.0 -44.0 -40.0 17.0 -34.0 
1.0 50.0 -12.0 2.0 -20.0 -37.0 -26.0 29.0 -11.0 -24.0 9.0 -11.0 36.0 41.0 -6.0 47.0 17.0 -18.0 -12.0 37.0 
1.0 18.0 6.0 17.0 -10.0 -37.0 -32.0 36.0 49.0 42.0 47.0 -19.0 -43.0 46.0 20.0 9.0 42.0 -1.0 -1.0 -14.0 
1.0 5.0 -8.0 11.0 10.0 -23.0 1.0 -47.0 40.0 -33.0 -15.0 45.0 20.0 19.0 0.0 -14.0 25.0 -21.0 -29.0 11.0 
1.0 45.0 -38.0 7.0 -25.0 -31.0 -32.0 11.0 -5.0 -41.0 -40.0 44.0 -5.0 -19.0 -15.0 -45.0 41.0 -22.0 6.0 10.0 
1.0 35.0 24.0 12.0 29.0 -7.0 47.0 45.0 -4.0 22.0 -26.0 17.0 -18.0 -32.0 29.0 5.0 -41.0 14.0 23.0 21.0 
1.0 -42.0 32.0 31.0 -48.0 43.0 28.0 -47.0 48.0 -16.0 49.0 3.0 10.0 33.0 43.0 -29.0 -23.0 -48.0 -32.0 -29.0 
1.0 -2.0 6.0 -39.0 -36.0 38.0 46.0 9.0 -8.0 -45.0 -28.0 31.0 26.0 -19.0 -22.0 -28.0 50.0 -30.0 50.0 19.0 
1.0 -33.0 50.0 17.0 -14.0 9.0 -35.0 46.0 31.0 -42.0 48.0 15.0 -20.0 -39.0 -30.0 -43.0 42.0 24.0 -47.0 0.0 
1.0 32.0 -42.0 -12.0 12.0 0.0 -15.0 40.0 22.0 -16.0 26.0 -13.0 20.0 43.0 -14.0 -48.0 45.0 45.0 -32.0 40.0 
1.0 -9.0 43.0 3.0 -45.0 -28.0 14.0 42.0 -20.0 5.0 15.0 50.0 21.0 -38.0 -43.0 -41.0 24.0 7.0 -6.0 -21.0 
1.0 45.0 -5.0 -46.0 -19.0 -36.0 13.0 17.0 -34.0 8.0 -23.0 -50.0 -37.0 19.0 44.0 17.0 -10.0 32.0 -20.0 49.0 
1.0 28.0 2.0 13.0 27.0 -28.0 -8.0 0.0 -19.0 -35.0 23.0 -8.0 -39.0 17.0 37.0 32.0 48.0 -50.0 -5.0 -20.0 
1.0 33.0 -48.0 8.0 34.0 32.0 43.0 -7.0 -2.0 -18.0 -26.0 29.0 -20.0 -48.0 47.0 10.0 -5.0 -32.0 -49.0 46.0 
1.0 -34.0 33.0 18.0 8.0 44.0 -49.0 -6.0 26.0 15.0 -40.0 37.0 46.0 43.0 5.0 3.0 -8.0 -14.0 -39.0 35.0 
1.0 35.0 -7.0 26.0 -21.0 -10.0 -6.0 -25.0 50.0 5.0 -41.0 17.0 0.0 -25.0 -1.0 35.0 -1.0 -41.0 2.0 9.0 
1.0 1.0 -34.0 19.0 -13.0 -39.0 -22.0 42.0 -20.0 20.0 -23.0 -9.0 -29.0 -39.0 1.0 13.0 -44.0 41.0 23.0 -19.0 
1.0 6.0 -23.0 -9.0 -28.0 -6.0 -18.0 -13.0 45.0 32.0 -38.0 -4.0 -10.0 13.0 12.0 26.0 50.0 -10.0 -47.0 7.0 
1.0 20.0 -11.0 35.0 28.0 -24.0 12.0 -22.0 5.0 19.0 35.0 -23.0 16.0 -10.0 5.0 23.0 -22.0 49.0 -45.0 -19.0 
1.0 43.0 3.0 -6.0 -46.0 9.0 23.0 16.0 -50.0 23.0 22.0 20.0 46.0 -8.0 -41.0 -4.0 36.0 -49.0 -42.0 30.0 
-19.8 20.6 26.8 -30.7 86.8 -15.0 31.4 -16.2 -17.0 49.8 -33.7 -24.2 20.6 24.9 -4.9 -38.6 -25.6 23.0 33.6 26.1 5.1 4.7 1.0 -0.2 -15.0 74.7 14.0 -7.6 5.9 -4.8 -8.6 -18.3 30.5 44.1 15.5 27.8 -39.1 -34.5 37.3 27.2 

