20
80
1.0 -38.0 -23.0 -41.0 34.0 39.0 42.0 30.0 2.0 -30.0 -50.0 -40.0 35.0 10.0 -2.0 -13.0 50.0 -6.0 1.0 13.0 
1.0 24.0 -44.0 0.0 -23.0 39.0 2.0 20.0 -9.0 -3.0 29.0 6.0 27.0 41.0 -1.0 37.0 -10.0 -47.0 -6.0 -30.0 
1.0 6.0 14.0 37.0 16.0 -35.0 -4.0 30.0 -32.0 -39.0 -26.0 19.0 -10.0 14.0 25.0 41.0 7.0 -21.0 -42.0 43.0 
1.0 21.0 6.0 21.0 43.0 -18.0 -22.0 -9.0 35.0 18.0 -6.0 -22.0 4.0 50.0 9.0 -10.0 -19.0 -10.0 2.0 -39.0 
1.0 8.0 -20.0 -49.0 -24.0 20.0 -19.0 18.0 10.0 4.0 47.0 19.0 -3.0 -17.0 41.0 34.0 -25.0 -28.0 -39.0 -18.0 
1.0 -43.0 -4.0 27.0 -49.0 50.0 -8.0 -24.0 -44.0 -10.0 16.0 -26.0 1.0 40.0 4.0 -32.0 33.0 41.0 -35.0 0.0 
1.0 0.0 19.0 -38.0 35.0 32.0 -38.0 25.0 16.0 -13.0 48.0 -7.0 -14.0 21.0 39.0 -38.0 -12.0 5.0 -30.0 15.0 
1.0 -23.0 10.0 47.0 -33.0 27.0 37.0 22.0 45.0 19.0 -22.0 -41.0 35.0 28.0 -5.0 13.0 -21.0 -24.0 25.0 -47.0 
1.0 42.0 29.0 17.0 -15.0 -36.0 -47.0 40.0 -24.0 -8.0 -6.0 -4.0 23.0 -13.0 23.0 19.0 5.0 -1.0 -29.0 43.0 
1.0 -6.0 6.0 -30.0 -31.0 -10.0 14.0 -20.0 -47.0 43.0 7.0 -6.0 47.0 -36.0 -28.0 -21.0 -35.0 -14.0 -17.0 -45.0 
1.0 -22.0 -9.0 -35.0 -9.0 30.0 3.0 -37.0 -36.0 24.0 12.0 -14.0 16.0 22.0 42.0 36.0 8.0 49.0 -1.0 38.0 
1.0 18.0 -42.0 -6.0 -39.0 -46.0 -25.0 -50.0 50.0 -10.0 -14.0 49.0 -5.0 15.0 -11.0 11.0 22.0 35.0 30.0 35.0 
1.0 50.0 3.0 -38.0 -15.0 -32.0 35.0 43.0 20.0 -8.0 7.0 35.0 46.0 -26.0 43.0 -44.0 -48.0 13.0 -19.0 19.0 
1.0 13.0 21.0 -46.0 -23.0 -34.0 -15.0 17.0 -7.0 -44.0 1.0 -28.0 7.0 -34.0 -9.0 20.0 1.0 -25.0 -30.0 -40.0 
1.0 45.0 -22.0 -17.0 29.0 -27.0 8.0 22.0 -21.0 -24.0 -50.0 10.0 45.0 13.0 -19.0 15.0 41.0 -37.0 17.0 -27.0 
1.0 6.0 23.0 -10.0 -6.0 47.0 7.0 35.0 16.0 24.0 26.0 2.0 0.0 20.0 30.0 34.0 -36.0 -48.0 -43.0 2.0 
1.0 49.0 50.0 3.0 8.0 10.0 32.0 5.0 -26.0 -12.0 18.0 41.0 11.0 40.0 -20.0 18.0 -17.0 43.0 41.0 34.0 
1.0 -26.0 -20.0 -25.0 26.0 31.0 45.0 5.0 -20.0 26.0 7.0 -13.0 -23.0 5.0 -14.0 -4.0 30.0 12.0 -22.0 -16.0 
1.0 36.0 -18.0 19.0 -7.0 10.0 8.0 -11.0 -23.0 8.0 -19.0 34.0 -43.0 5.0 -37.0 -17.0 -20.0 10.0 44.0 1.0 
1.0 6.0 19.0 24.0 43.0 13.0 46.0 45.0 -42.0 25.0 6.0 -48.0 25.0 -42.0 -15.0 -7.0 -33.0 45.0 -49.0 6.0 
1.0 38.0 -25.0 3.0 -13.0 -18.0 24.0 -34.0 15.0 20.0 -7.0 9.0 -30.0 49.0 44.0 44.0 8.0 6.0 39.0 2.0 
1.0 15.0 -21.0 25.0 -17.0 -46.0 -1.0 -16.0 -3.0 16.0 45.0 -36.0 38.0 -2.0 -11.0 -44.0 35.0 -12.0 30.0 18.0 
1.0 -48.0 -35.0 -40.0 -23.0 -15.0 -42.0 -29.0 45.0 16.0 27.0 34.0 35.0 -43.0 29.0 -25.0 -43.0 33.0 24.0 -9.0 
1.0 47.0 -45.0 -48.0 -40.0 9.0 0.0 -34.0 15.0 -15.0 4.0 -40.0 19.0 -28.0 -25.0 29.0 0.0 -24.0 37.0 21.0 
1.0 -30.0 3.0 -37.0 20.0 -47.0 -29.0 -35.0 -22.0 45.0 48.0 18.0 -15.0 44.0 23.0 -13.0 21.0 48.0 4.0 3.0 
1.0 -22.0 5.0 -44.0 -12.0 -27.0 -22.0 -21.0 -49.0 -6.0 -29.0 38.0 31.0 -43.0 -44.0 45.0 -6.0 -41.0 32.0 9.0 
1.0 -47.0 26.0 -28.0 21.0 27.0 -34.0 -41.0 31.0 3.0 -44.0 -16.0 -45.0 -16.0 39.0 28.0 -12.0 -39.0 22.0 -17.0 
1.0 -38.0 -34.0 4.0 16.0 47.0 -22.0 -11.0 7.0 22.0 -2.0 -12.0 47.0 -32.0 30.0 -32.0 39.0 7.0 -50.0 49.0 
1.0 -13.0 3.0 21.0 -13.0 -26.0 22.0 -25.0 -49.0 -41.0 -48.0 24.0 -41.0 -36.0 6.0 -21.0 -4.0 -32.0 7.0 35.0 
1.0 26.0 45.0 50.0 -37.0 41.0 -33.0 44.0 -41.0 22.0 -34.0 26.0 -14.0 3.0 -21.0 -43.0 40.0 -31.0 29.0 31.0 
1.0 -29.0 4.0 33.0 11.0 13.0 13.0 33.0 43.0 -42.0 -50.0 -35.0 44.0 26.0 -40.0 9.0 6.0 17.0 26.0 -1.0 
1.0 -8.0 -3.0 15.0 -32.0 34.0 34.0 -3.0 7.0 -11.0 -18.0 -15.0 -31.0 -31.0 5.0 18.0 -4.0 -32.0 -20.0 -22.0 
1.0 27.0 -12.0 -21.0 42.0 48.0 21.0 18.0 6.0 -24.0 -15.0 48.0 -9.0 27.0 -39.0 -45.0 11.0 11.0 5.0 24.0 
1.0 -33.0 44.0 -44.0 -32.0 29.0 -25.0 23.0 -4.0 22.0 7.0 -8.0 50.0 50.0 -3.0 45.0 8.0 -40.0 -18.0 -25.0 
1.0 -17.0 8.0 -24.0 -20.0 16.0 20.0 -9.0 21.0 -20.0 18.0 43.0 -46.0 35.0 2.0 -40.0 -48.0 -19.0 -49.0 -8.0 
1.0 -7.0 23.0 15.0 36.0 -11.0 15.0 49.0 50.0 -28.0 -42.0 48.0 -37.0 -9.0 -28.0 -10.0 -12.0 38.0 -41.0 -5.0 
1.0 -26.0 -45.0 -37.0 -34.0 -41.0 48.0 19.0 36.0 17.0 16.0 38.0 25.0 -42.0 -24.0 -11.0 10.0 -19.0 -47.0 8.0 
1.0 48.0 42.0 -17.0 45.0 -45.0 -10.0 -34.0 -5.0 28.0 -47.0 -30.0 -27.0 -22.0 -25.0 -14.0 -6.0 -49.0 50.0 29.0 
1.0 37.0 -18.0 -6.0 -10.0 -44.0 3.0 -17.0 -4.0 29.0 14.0 -35.0 -47.0 11.0 -43.0 -14.0 6.0 29.0 26.0 22.0 
1.0 -27.0 -30.0 -8.0 -41.0 -7.0 20.0 -16.0 -5.0 30.0 -15.0 -40.0 9.0 39.0 -7.0 -48.0 -22.0 -1.0 -29.0 11.0 
1.0 11.0 -50.0 -25.0 27.0 20.0 2.0 0.0 22.0 24.0 -22.0 -3.0 -38.0 -33.0 -17.0 4.0 -24.0 26.0 -27.0 10.0 
1.0 37.0 19.0 12.0 48.0 -23.0 0.0 -44.0 -20.0 -6.0 5.0 -33.0 -45.0 33.0 34.0 47.0 -25.0 3.0 -36.0 25.0 
1.0 -26.0 39.0 19.0 -12.0 -50.0 36.0 21.0 4.0 -39.0 -37.0 -7.0 -13.0 50.0 -39.0 15.0 13.0 -45.0 -36.0 19.0 
1.0 -49.0 -25.0 41.0 -32.0 -20.0 23.0 -48.0 43.0 48.0 5.0 23.0 -12.0 -4.0 11.0 -44.0 34.0 11.0 42.0 4.0 
1.0 31.0 19.0 -17.0 40.0 22.0 -17.0 -49.0 -13.0 12.0 23.0 -33.0 -19.0 24.0 -8.0 -29.0 42.0 -12.0 10.0 10.0 
1.0 47.0 -27.0 32.0 20.0 11.0 -23.0 -20.0 17.0 27.0 8.0 -26.0 47.0 -46.0 43.0 -20.0 45.0 14.0 13.0 12.0 
1.0 17.0 -26.0 -16.0 35.0 -29.0 -43.0 43.0 -42.0 15.0 48.0 18.0 -25.0 44.0 41.0 -44.0 13.0 1.0 -17.0 10.0 
1.0 34.0 26.0 34.0 -43.0 22.0 38.0 16.0 -49.0 -2.0 -20.0 -20.0 -41.0 13.0 5.0 -7.0 -37.0 -8.0 -34.0 -44.0 
1.0 1.0 32.0 -47.0 -32.0 -44.0 13.0 26.0 29.0 -24.0 43.0 28.0 2.0 27.0 3.0 -49.0 34.0 -26.0 5.0 -34.0 
1.0 -24.0 -47.0 -4.0 6.0 -38.0 25.0 27.0 -28.0 39.0 -31.0 -12.0 11.0 -14.0 -31.0 14.0 -30.0 42.0 -24.0 46.0 
1.0 20.0 -32.0 39.0 -3.0 -14.0 -19.0 50.0 -13.0 31.0 -26.0 43.0 47.0 -34.0 12.0 -42.0 22.0 24.0 34.0 -35.0 
1.0 12.0 -12.0 -50.0 -50.0 49.0 -14.0 36.0 -22.0 6.0 28.0 4.0 -32.0 -3.0 -11.0 23.0 11.0 25.0 -47.0 10.0 
1.0 29.0 0.0 34.0 -13.0 -3.0 50.0 49.0 -29.0 -12.0 -12.0 -46.0 3.0 -50.0 -42.0 3.0 17.0 -44.0 5.0 2.0 
1.0 -16.0 -40.0 46.0 5.0 45.0 -41.0 44.0 17.0 20.0 -16.0 20.0 -21.0 29.0 37.0 30.0 -35.0 -17.0 -5.0 -37.0 
1.0 4.0 -1.0 -32.0 -25.0 -49.0 -32.0 -17.0 -30.0 35.0 -44.0 25.0 -48.0 -44.0 2.0 49.0 11.0 -4.0 -43.0 -30.0 
1.0 30.0 27.0 -29.0 -1.0 22.0 50.0 -49.0 -33.0 32.0 -16.0 13.0 45.0 5.0 -39.0 -38.0 -4.0 30.0 47.0 -5.0 
1.0 16.0 -3.0 1.0 -43.0 0.0 -26.0 -25.0 -36.0 35.0 21.0 -29.0 22.0 0.0 14.0 43.0 16.0 -49.0 8.0 17.0 
1.0 -31.0 -11.0 18.0 32.0 -50.0 -28.0 9.0 29.0 -16.0 -12.0 26.0 29.0 21.0 39.0 47.0 28.0 -12.0 -30.0 -48.0 
1.0 2.0 21.0 -11.0 -11.0 -8.0 6.0 19.0 -50.0 -29.0 21.0 -25.0 4.0 40.0 14.0 38.0 -13.0 -20.0 26.0 46.0 
1.0 -41.0 -41.0 -50.0 1.0 39.0 21.0 -11.0 35.0 -2.0 -6.0 21.0 -34.0 12.0 -9.0 5.0 -49.0 34.0 -40.0 -14.0 
1.0 0.0 48.0 -44.0 25.0 -32.0 12.0 -45.0 -45.0 49.0 -15.0 32.0 45.0 -6.0 7.0 11.0 11.0 -5.0 -19.0 -50.0 
1.0 46.0 -5.0 -6.0 16.0 11.0 -45.0 24.0 -35.0 23.0 7.0 43.0 -41.0 23.0 40.0 32.0 -36.0 -43.0 -6.0 -31.0 
1.0 30.0 -8.0 4.0 -23.0 -48.0 15.0 34.0 -21.0 -25.0 46.0 10.0 42.0 41.0 21.0 -49.0 -27.0 -19.0 24.0 47.0 
1.0 -37.0 -38.0 -31.0 -45.0 -29.0 8.0 11.0 20.0 22.0 -15.0 -37.0 41.0 -36.0 -29.0 -39.0 -9.0 41.0 26.0 41.0 
1.0 -31.0 17.0 36.0 -4.0 -25.0 27.0 -34.0 -24.0 16.0 -36.0 50.0 -22.0 -23.0 -38.0 -3.0 49.0 50.0 -46.0 -25.0 
1.0 -15.0 -7.0 -24.0 -36.0 -17.0 -10.0 -14.0 -6.0 -3.0 43.0 36.0 -12.0 28.0 -31.0 40.0 -27.0 -6.0 -18.0 -10.0 
1.0 20.0 48.0 4.0 -14.0 -25.0 -3.0 -36.0 -12.0 -39.0 30.0 -41.0 -14.0 -35.0 2.0 13.0 46.0 1.0 19.0 48.0 
1.0 46.0 33.0 40.0 -3.0 37.0 18.0 16.0 26.0 7.0 26.0 -42.0 13.0 -38.0 22.0 33.0 -2.0 14.0 -21.0 -22.0 
1.0 -49.0 -44.0 24.0 -40.0 -41.0 5.0 -22.0 -12.0 1.0 30.0 -44.0 -2.0 -9.0 5.0 -12.0 38.0 -43.0 22.0 -30.0 
1.0 0.0 -22.0 46.0 8.0 8.0 -43.0 46.0 -10.0 -29.0 9.0 -14.0 -1.0 11.0 -8.0 40.0 -13.0 1.0 -6.0 -18.0 
1.0 39.0 45.0 -39.0 12.0 -7.0 -32.0 33.0 -3.0 -45.0 41.0 -32.0 42.0 -10.0 -38.0 4.0 14.0 20.0 11.0 9.0 
1.0 27.0 -1.0 -32.0 -38.0 14.0 -5.0 -30.0 3.0 -2.0 22.0 48.0 30.0 -24.0 42.0 7.0 4.0 -50.0 25.0 -13.0 
1.0 -3.0 -3.0 44.0 -19.0 -12.0 -17.0 -40.0 42.0 47.0 -4.0 -31.0 -29.0 -28.0 18.0 -45.0 -50.0 -19.0 0.0 -29.0 
1.0 35.0 49.0 9.0 -2.0 -6.0 35.0 -45.0 -49.0 -45.0 -44.0 26.0 -8.0 -31.0 39.0 -15.0 -33.0 -23.0 -16.0 44.0 
1.0 35.0 47.0 -11.0 20.0 -33.0 -22.0 -13.0 -27.0 -22.0 -15.0 -11.0 -35.0 36.0 -47.0 24.0 -17.0 -2.0 -25.0 -46.0 
1.0 -1.0 -20.0 27.0 41.0 -12.0 47.0 30.0 23.0 30.0 23.0 23.0 23.0 7.0 19.0 28.0 44.0 36.0 -45.0 -20.0 
1.0 25.0 -50.0 -19.0 -36.0 32.0 -34.0 -33.0 -28.0 -35.0 15.0 -3.0 -30.0 30.0 -7.0 47.0 -13.0 31.0 9.0 33.0 
1.0 -31.0 -46.0 5.0 42.0 27.0 28.0 10.0 -29.0 21.0 -39.0 -24.0 18.0 37.0 43.0 49.0 17.0 -9.0 -35.0 0.0 
1.0 13.0 47.0 32.0 -41.0 -34.0 11.0 -32.0 30.0 14.0 49.0 -12.0 -4.0 34.0 -7.0 -50.0 -9.0 36.0 -5.0 17.0 
1.0 -44.0 32.0 28.0 50.0 -1.0 -20.0 8.0 -2.0 13.0 49.0 -21.0 -37.0 11.0 -25.0 45.0 -14.0 -42.0 -29.0 -30.0 
14.8 -30.2 14.7 29.1 -40.3 -9.0 44.0 21.3 -1.9 -28.3 -10.1 -101.0 -19.1 -30.9 -10.1 47.4 79.9 14.5 -1.7 75.9 -30.5 -50.7 -91.1 -70.8 -35.1 -42.1 33.1 -6.7 -12.3 56.0 27.2 5.4 52.0 15.1 -2.9 48.2 -98.7 49.7 -44.1 -64.5 -22.9 51.1 9.3 -52.7 58.3 7.8 -27.8 33.8 -25.7 -66.7 -31.6 -31.2 18.0 -8.4 -63.1 49.3 -34.8 -27.9 6.2 -31.7 37.0 10.8 -43.9 -102.0 9.3 -54.8 26.6 76.0 -97.7 -10.8 38.8 -22.1 -13.6 60.4 39.7 17.9 -62.2 2.7 14.4 61.7  
