20
40
1.0 -49.0 37.0 19.0 46.0 -18.0 -1.0 8.0 -11.0 -36.0 12.0 -31.0 45.0 42.0 -4.0 36.0 38.0 -18.0 1.0 -24.0 
1.0 50.0 -32.0 -12.0 -14.0 -29.0 6.0 2.0 19.0 -11.0 -47.0 13.0 38.0 22.0 0.0 -28.0 17.0 32.0 21.0 41.0 
1.0 37.0 35.0 2.0 -44.0 -5.0 -40.0 -32.0 48.0 48.0 0.0 -2.0 -27.0 -1.0 -17.0 -23.0 1.0 4.0 34.0 20.0 
1.0 -28.0 39.0 -11.0 1.0 26.0 -40.0 -50.0 49.0 -7.0 -1.0 19.0 -16.0 -49.0 -30.0 2.0 -43.0 -19.0 -22.0 -25.0 
1.0 -22.0 -25.0 -9.0 27.0 -36.0 7.0 26.0 -8.0 -43.0 -21.0 42.0 27.0 -33.0 30.0 33.0 18.0 5.0 43.0 -15.0 
1.0 -31.0 -14.0 0.0 5.0 -14.0 1.0 25.0 4.0 -25.0 22.0 33.0 -34.0 -50.0 -43.0 8.0 -7.0 -28.0 -36.0 -32.0 
1.0 -20.0 38.0 -37.0 -29.0 -19.0 47.0 17.0 -37.0 -20.0 38.0 -45.0 15.0 -43.0 -43.0 31.0 12.0 -7.0 49.0 -48.0 
1.0 48.0 -27.0 -10.0 -4.0 -45.0 -10.0 -31.0 13.0 33.0 -9.0 -7.0 17.0 -13.0 48.0 30.0 -26.0 45.0 26.0 41.0 
1.0 -43.0 -44.0 29.0 29.0 -13.0 36.0 3.0 35.0 -37.0 46.0 33.0 32.0 9.0 22.0 -29.0 21.0 27.0 12.0 41.0 
1.0 -10.0 -40.0 48.0 -1.0 28.0 -15.0 -4.0 -27.0 9.0 -44.0 50.0 0.0 -37.0 22.0 45.0 9.0 -42.0 30.0 -39.0 
1.0 43.0 9.0 23.0 -9.0 -10.0 49.0 -38.0 -23.0 19.0 40.0 5.0 9.0 46.0 -18.0 7.0 -6.0 -41.0 8.0 7.0 
1.0 -18.0 -34.0 13.0 48.0 -18.0 -7.0 19.0 43.0 18.0 -6.0 22.0 29.0 -48.0 47.0 -33.0 -40.0 -48.0 -35.0 -28.0 
1.0 -20.0 35.0 -39.0 1.0 -41.0 23.0 33.0 -18.0 -33.0 8.0 40.0 -10.0 41.0 23.0 19.0 4.0 21.0 28.0 40.0 
1.0 14.0 -5.0 -17.0 -49.0 -27.0 -49.0 49.0 -43.0 -39.0 -50.0 -28.0 -50.0 47.0 23.0 -39.0 -2.0 -1.0 1.0 47.0 
1.0 31.0 18.0 5.0 21.0 24.0 -39.0 -41.0 -42.0 15.0 30.0 37.0 4.0 -7.0 -19.0 3.0 -39.0 -29.0 -29.0 -41.0 
1.0 -22.0 49.0 26.0 -34.0 49.0 -11.0 6.0 27.0 37.0 -46.0 -23.0 -1.0 35.0 11.0 -47.0 -29.0 -16.0 -36.0 -20.0 
1.0 -42.0 30.0 27.0 45.0 50.0 36.0 -24.0 -31.0 47.0 -37.0 -44.0 -45.0 -9.0 -46.0 -2.0 7.0 -47.0 37.0 29.0 
1.0 30.0 23.0 33.0 23.0 38.0 -16.0 -17.0 42.0 5.0 -17.0 -45.0 2.0 -9.0 1.0 -22.0 -14.0 -33.0 -37.0 -22.0 
1.0 -48.0 -40.0 -9.0 -42.0 32.0 -2.0 29.0 -21.0 21.0 32.0 -35.0 0.0 -23.0 4.0 -18.0 50.0 -8.0 16.0 49.0 
1.0 -17.0 38.0 -19.0 -46.0 -45.0 23.0 -28.0 50.0 25.0 -11.0 29.0 -48.0 -43.0 5.0 -41.0 -35.0 -13.0 7.0 44.0 
1.0 -18.0 -23.0 -8.0 -2.0 27.0 -15.0 18.0 -41.0 -49.0 -41.0 -9.0 50.0 -42.0 45.0 -19.0 30.0 16.0 20.0 -49.0 
1.0 15.0 -6.0 -44.0 -6.0 -38.0 -37.0 49.0 -29.0 45.0 -49.0 28.0 4.0 -16.0 -46.0 46.0 32.0 -2.0 48.0 -35.0 
1.0 -27.0 49.0 -25.0 14.0 14.0 50.0 -25.0 11.0 29.0 41.0 -20.0 30.0 -28.0 -10.0 36.0 16.0 2.0 15.0 -20.0 
1.0 -11.0 9.0 -18.0 33.0 30.0 -18.0 4.0 -9.0 30.0 -49.0 -12.0 45.0 -26.0 -48.0 -31.0 4.0 17.0 36.0 -5.0 
1.0 -23.0 14.0 -14.0 -26.0 -40.0 -26.0 14.0 12.0 40.0 33.0 -23.0 36.0 38.0 2.0 34.0 21.0 -19.0 -35.0 -26.0 
1.0 23.0 45.0 42.0 27.0 40.0 -35.0 30.0 25.0 -15.0 -38.0 10.0 31.0 -45.0 41.0 33.0 -21.0 -50.0 -44.0 44.0 
1.0 12.0 12.0 -8.0 39.0 -3.0 -21.0 -43.0 -19.0 50.0 -12.0 -4.0 40.0 27.0 -43.0 31.0 -30.0 13.0 12.0 16.0 
1.0 -13.0 48.0 28.0 14.0 28.0 33.0 4.0 -24.0 -38.0 4.0 -18.0 22.0 -35.0 44.0 30.0 21.0 -10.0 -42.0 28.0 
1.0 -13.0 25.0 32.0 0.0 14.0 9.0 7.0 -39.0 -5.0 36.0 23.0 -40.0 -28.0 20.0 38.0 2.0 -37.0 -14.0 22.0 
1.0 -11.0 -36.0 -25.0 -13.0 2.0 -43.0 -20.0 -19.0 28.0 -13.0 -10.0 -29.0 -10.0 31.0 -48.0 40.0 -6.0 -23.0 -38.0 
1.0 -29.0 22.0 48.0 45.0 32.0 37.0 -20.0 -15.0 -12.0 -40.0 -12.0 -40.0 -35.0 2.0 -49.0 3.0 -46.0 25.0 33.0 
1.0 -49.0 2.0 36.0 -43.0 -11.0 -24.0 38.0 -8.0 32.0 49.0 19.0 45.0 -31.0 -43.0 42.0 -37.0 5.0 -6.0 -6.0 
1.0 7.0 33.0 -30.0 45.0 9.0 -15.0 -38.0 -24.0 38.0 33.0 -49.0 -13.0 35.0 -31.0 -28.0 42.0 9.0 -36.0 30.0 
1.0 -50.0 47.0 28.0 -15.0 41.0 47.0 -42.0 -2.0 27.0 14.0 43.0 37.0 37.0 -9.0 -44.0 31.0 16.0 -9.0 43.0 
1.0 8.0 -21.0 26.0 9.0 -18.0 10.0 -5.0 -30.0 -33.0 -47.0 -15.0 47.0 20.0 48.0 -10.0 21.0 4.0 -47.0 30.0 
1.0 -49.0 30.0 -41.0 10.0 -18.0 46.0 17.0 -12.0 -8.0 49.0 -5.0 -50.0 7.0 -10.0 26.0 32.0 22.0 -49.0 -24.0 
1.0 43.0 -31.0 46.0 44.0 32.0 15.0 41.0 39.0 -48.0 -40.0 42.0 32.0 28.0 -13.0 7.0 -12.0 -15.0 -32.0 21.0 
1.0 23.0 10.0 20.0 34.0 10.0 43.0 -26.0 -48.0 24.0 46.0 20.0 17.0 4.0 39.0 12.0 -37.0 -13.0 44.0 20.0 
1.0 42.0 46.0 30.0 -1.0 -7.0 8.0 2.0 50.0 12.0 37.0 34.0 -18.0 -25.0 -41.0 18.0 -42.0 19.0 10.0 -18.0 
1.0 -13.0 -16.0 45.0 -43.0 -50.0 -36.0 12.0 -22.0 -22.0 15.0 -29.0 48.0 6.0 -34.0 -6.0 -46.0 9.0 -49.0 6.0 
29.4 -30.6 -8.8 25.2 -27.6 -29.8 -27.0 -31.4 -23.2 -6.5 20.2 2.8 -19.6 -71.3 63.7 28.8 86.8 82.5 -65.4 -64.1 -7.2 -40.1 44.0 51.7 -65.4 98.3 45.3 65.1 25.6 -46.0 79.6 -73.7 70.7 31.2 -8.7 -6.6 80.5 67.1 46.4 -98.5 

