20
60
1.0 -29.0 46.0 37.0 3.0 -9.0 -17.0 15.0 -13.0 -24.0 3.0 -49.0 24.0 9.0 -3.0 18.0 -26.0 -27.0 39.0 -2.0 
1.0 -7.0 -3.0 -4.0 15.0 -47.0 -29.0 -21.0 29.0 -1.0 -39.0 -47.0 44.0 -18.0 15.0 30.0 1.0 -45.0 29.0 -35.0 
1.0 -41.0 -45.0 19.0 -40.0 -5.0 44.0 7.0 29.0 34.0 31.0 17.0 -18.0 40.0 30.0 -6.0 -30.0 0.0 -19.0 0.0 
1.0 -22.0 31.0 11.0 48.0 24.0 43.0 12.0 -31.0 -6.0 -16.0 49.0 -25.0 -7.0 20.0 10.0 -31.0 31.0 4.0 26.0 
1.0 9.0 -47.0 -28.0 42.0 -15.0 28.0 -12.0 29.0 49.0 38.0 -40.0 -2.0 32.0 7.0 25.0 30.0 -20.0 17.0 -9.0 
1.0 -35.0 27.0 25.0 -37.0 19.0 34.0 -1.0 -22.0 -48.0 -21.0 -2.0 -5.0 4.0 2.0 -17.0 -4.0 37.0 -39.0 0.0 
1.0 -18.0 -41.0 -13.0 -42.0 -27.0 -32.0 15.0 48.0 14.0 11.0 -20.0 -45.0 -8.0 24.0 -4.0 6.0 -8.0 47.0 21.0 
1.0 -14.0 49.0 -50.0 35.0 -41.0 4.0 -14.0 -7.0 16.0 39.0 4.0 -35.0 37.0 -21.0 -32.0 11.0 2.0 -47.0 -25.0 
1.0 -35.0 17.0 2.0 -5.0 -12.0 45.0 -32.0 1.0 -34.0 10.0 -3.0 37.0 47.0 -39.0 3.0 -3.0 -29.0 24.0 -1.0 
1.0 -20.0 -11.0 -13.0 34.0 -29.0 41.0 29.0 -45.0 1.0 47.0 -42.0 27.0 -39.0 -8.0 45.0 6.0 30.0 39.0 25.0 
1.0 -20.0 21.0 -50.0 -7.0 8.0 13.0 5.0 27.0 -41.0 26.0 0.0 8.0 -45.0 6.0 12.0 5.0 -7.0 2.0 50.0 
1.0 -2.0 -48.0 46.0 7.0 -5.0 -44.0 49.0 -44.0 12.0 -6.0 11.0 -48.0 -9.0 -18.0 20.0 34.0 6.0 -18.0 -12.0 
1.0 -18.0 -42.0 30.0 -1.0 -18.0 35.0 -46.0 44.0 -45.0 -3.0 -39.0 -46.0 45.0 31.0 16.0 -33.0 -25.0 22.0 32.0 
1.0 -19.0 -50.0 -24.0 43.0 19.0 17.0 41.0 -12.0 0.0 -4.0 -13.0 5.0 -6.0 -39.0 -16.0 43.0 -7.0 36.0 47.0 
1.0 -47.0 7.0 -41.0 -36.0 -22.0 21.0 45.0 44.0 38.0 37.0 16.0 20.0 34.0 -18.0 12.0 -8.0 -50.0 -22.0 -18.0 
1.0 -45.0 -6.0 -6.0 -42.0 15.0 39.0 -31.0 50.0 -3.0 -22.0 1.0 -40.0 -19.0 -43.0 -31.0 -38.0 -15.0 40.0 23.0 
1.0 46.0 -6.0 9.0 -23.0 -37.0 -41.0 9.0 25.0 1.0 -25.0 19.0 0.0 47.0 29.0 10.0 -46.0 -6.0 -36.0 40.0 
1.0 -41.0 12.0 -32.0 10.0 22.0 -35.0 -17.0 7.0 -23.0 -15.0 -37.0 -50.0 -20.0 7.0 -25.0 7.0 -14.0 -16.0 32.0 
1.0 27.0 2.0 23.0 -5.0 -49.0 20.0 -27.0 11.0 -10.0 17.0 -8.0 47.0 26.0 -47.0 -36.0 -49.0 -9.0 46.0 -15.0 
1.0 48.0 -27.0 -14.0 27.0 40.0 16.0 -17.0 -36.0 39.0 -15.0 -35.0 20.0 -39.0 17.0 -8.0 -28.0 -16.0 28.0 -4.0 
1.0 11.0 -32.0 29.0 -48.0 -36.0 -29.0 -45.0 45.0 39.0 -38.0 40.0 40.0 -40.0 29.0 -25.0 3.0 -16.0 7.0 37.0 
1.0 -1.0 -5.0 38.0 -20.0 31.0 50.0 47.0 40.0 -29.0 47.0 17.0 -17.0 7.0 35.0 29.0 10.0 15.0 16.0 -19.0 
1.0 -25.0 4.0 -6.0 32.0 -40.0 -30.0 10.0 -15.0 23.0 11.0 43.0 -25.0 -41.0 -47.0 30.0 -45.0 35.0 29.0 -49.0 
1.0 24.0 16.0 48.0 -10.0 16.0 -30.0 42.0 -6.0 -4.0 -28.0 26.0 28.0 -2.0 46.0 38.0 -21.0 -45.0 24.0 5.0 
1.0 -9.0 -4.0 -35.0 50.0 -12.0 41.0 -48.0 -33.0 46.0 37.0 12.0 13.0 10.0 44.0 -24.0 17.0 9.0 -3.0 8.0 
1.0 19.0 43.0 30.0 -6.0 -14.0 44.0 -10.0 -27.0 -28.0 -5.0 47.0 -6.0 2.0 -41.0 9.0 1.0 -37.0 -34.0 4.0 
1.0 47.0 28.0 -10.0 8.0 -9.0 17.0 1.0 17.0 -17.0 27.0 30.0 7.0 -5.0 23.0 -14.0 40.0 25.0 -20.0 46.0 
1.0 49.0 -32.0 -44.0 11.0 12.0 -25.0 -14.0 38.0 26.0 -1.0 20.0 46.0 -5.0 -3.0 -48.0 19.0 4.0 19.0 -30.0 
1.0 -29.0 18.0 47.0 17.0 -26.0 -43.0 -45.0 -24.0 13.0 31.0 6.0 8.0 -5.0 -9.0 -19.0 -45.0 19.0 6.0 -8.0 
1.0 6.0 48.0 7.0 -25.0 44.0 -48.0 -11.0 12.0 21.0 43.0 -20.0 7.0 30.0 14.0 -31.0 -3.0 38.0 -23.0 -32.0 
1.0 -37.0 40.0 49.0 -14.0 -36.0 -7.0 27.0 -5.0 -35.0 -39.0 17.0 -27.0 18.0 14.0 30.0 9.0 -27.0 -2.0 48.0 
1.0 35.0 36.0 7.0 31.0 -42.0 -14.0 -6.0 -22.0 -1.0 48.0 -29.0 18.0 28.0 -40.0 16.0 30.0 41.0 26.0 -28.0 
1.0 -15.0 41.0 -17.0 18.0 -37.0 -50.0 -18.0 9.0 -24.0 -29.0 -43.0 40.0 -44.0 9.0 -4.0 3.0 17.0 33.0 48.0 
1.0 45.0 -19.0 11.0 32.0 15.0 -12.0 43.0 -19.0 -33.0 33.0 23.0 -11.0 35.0 13.0 23.0 2.0 -8.0 -11.0 0.0 
1.0 17.0 15.0 -12.0 -10.0 5.0 -6.0 49.0 17.0 13.0 16.0 -1.0 10.0 -24.0 -3.0 38.0 -42.0 -39.0 -25.0 17.0 
1.0 -42.0 -41.0 -35.0 31.0 -36.0 50.0 -41.0 3.0 -32.0 -33.0 43.0 -16.0 35.0 -27.0 22.0 -26.0 -6.0 32.0 -27.0 
1.0 -39.0 -5.0 5.0 -24.0 21.0 31.0 -11.0 8.0 5.0 1.0 0.0 -29.0 -25.0 9.0 -13.0 23.0 -11.0 -48.0 32.0 
1.0 43.0 -30.0 50.0 35.0 5.0 0.0 24.0 43.0 24.0 -32.0 25.0 13.0 46.0 36.0 -33.0 -29.0 6.0 15.0 11.0 
1.0 31.0 36.0 28.0 -20.0 -43.0 19.0 5.0 -40.0 -9.0 44.0 -38.0 -27.0 2.0 50.0 39.0 -48.0 4.0 -46.0 27.0 
1.0 -38.0 -6.0 11.0 37.0 -43.0 6.0 -12.0 41.0 27.0 45.0 -29.0 -47.0 -9.0 -43.0 -3.0 21.0 -36.0 -34.0 42.0 
1.0 41.0 7.0 1.0 -48.0 -4.0 -47.0 -49.0 -50.0 -45.0 -29.0 -46.0 -2.0 -16.0 -1.0 -42.0 37.0 -28.0 14.0 -25.0 
1.0 -38.0 -43.0 36.0 -16.0 -40.0 -24.0 -43.0 -26.0 13.0 38.0 -10.0 4.0 28.0 47.0 21.0 30.0 -41.0 24.0 -2.0 
1.0 -41.0 -4.0 19.0 -36.0 44.0 19.0 13.0 -48.0 6.0 1.0 16.0 -3.0 13.0 -11.0 49.0 13.0 -34.0 41.0 -14.0 
1.0 -10.0 3.0 -27.0 30.0 23.0 -50.0 -8.0 -41.0 31.0 1.0 34.0 -22.0 11.0 46.0 13.0 25.0 5.0 -18.0 -47.0 
1.0 7.0 4.0 4.0 40.0 17.0 33.0 -22.0 -19.0 -38.0 -6.0 -29.0 -2.0 0.0 -10.0 22.0 -21.0 -38.0 22.0 22.0 
1.0 -29.0 -32.0 39.0 21.0 -38.0 -1.0 -18.0 -8.0 40.0 38.0 -10.0 9.0 -6.0 44.0 29.0 50.0 -24.0 -22.0 45.0 
1.0 7.0 -10.0 -46.0 28.0 4.0 5.0 -33.0 -25.0 0.0 46.0 14.0 -29.0 33.0 -2.0 27.0 4.0 -23.0 -25.0 36.0 
1.0 19.0 32.0 -11.0 -42.0 -10.0 34.0 18.0 36.0 -1.0 44.0 -37.0 -7.0 -34.0 -31.0 -2.0 10.0 23.0 19.0 27.0 
1.0 15.0 -32.0 -12.0 45.0 -44.0 -30.0 -42.0 33.0 -10.0 -15.0 24.0 43.0 20.0 5.0 -19.0 -6.0 12.0 31.0 28.0 
1.0 -37.0 -20.0 21.0 43.0 -11.0 3.0 -39.0 37.0 -38.0 0.0 -29.0 5.0 31.0 -10.0 43.0 25.0 -38.0 30.0 0.0 
1.0 11.0 -31.0 35.0 -16.0 -39.0 -29.0 6.0 -7.0 15.0 34.0 -27.0 -7.0 13.0 3.0 30.0 5.0 43.0 50.0 16.0 
1.0 -5.0 -39.0 32.0 -17.0 -17.0 13.0 -11.0 -25.0 -13.0 1.0 -46.0 37.0 28.0 -26.0 -12.0 -39.0 -49.0 -25.0 -17.0 
1.0 -6.0 40.0 33.0 -16.0 49.0 -5.0 3.0 -5.0 50.0 -39.0 -6.0 -19.0 -27.0 -29.0 -37.0 6.0 4.0 26.0 45.0 
1.0 -4.0 29.0 -39.0 -34.0 -18.0 39.0 -44.0 20.0 16.0 -42.0 11.0 50.0 -32.0 -34.0 -2.0 2.0 -35.0 44.0 22.0 
1.0 -24.0 9.0 33.0 -14.0 41.0 -45.0 -27.0 -47.0 -23.0 28.0 -5.0 -29.0 40.0 -27.0 49.0 -45.0 5.0 3.0 -38.0 
1.0 41.0 -31.0 -30.0 1.0 35.0 -12.0 18.0 -18.0 7.0 -1.0 42.0 -22.0 -9.0 1.0 -40.0 27.0 -9.0 33.0 16.0 
1.0 -40.0 -41.0 -7.0 5.0 48.0 -18.0 28.0 46.0 -46.0 50.0 -1.0 -34.0 40.0 -16.0 -14.0 -43.0 -32.0 -10.0 -9.0 
1.0 -34.0 13.0 6.0 -42.0 41.0 47.0 9.0 18.0 -11.0 16.0 0.0 -46.0 26.0 -25.0 -36.0 -20.0 -28.0 -38.0 24.0 
1.0 35.0 -34.0 23.0 -17.0 -18.0 -21.0 -17.0 -16.0 -14.0 -33.0 25.0 -7.0 -17.0 -47.0 49.0 -43.0 45.0 11.0 -18.0 
1.0 -22.0 50.0 48.0 -6.0 20.0 -11.0 19.0 34.0 19.0 8.0 47.0 -41.0 -8.0 -38.0 32.0 -9.0 -39.0 27.0 24.0 
23.9 -8.6 -11.4 51.6 2.8 13.9 -48.0 18.7 19.2 18.9 -4.1 -17.7 5.7 -0.0 -17.1 -4.9 -23.3 -14.5 12.6 6.3 -35.5 20.3 2.1 5.7 24.9 38.5 17.2 -26.7 8.9 -6.7 17.8 22.4 -2.5 6.4 -2.1 3.8 1.9 20.9 20.1 14.9 -33.5 -20.9 -2.7 -11.9 32.1 7.1 -2.7 3.6 -9.7 18.6 -18.9 -7.4 18.6 1.0 -8.5 -22.2 -20.0 9.6 -20.2 25.9 
