20
80
1.0 18.0 44.0 46.0 38.0 -49.0 -49.0 47.0 22.0 26.0 -47.0 -48.0 -32.0 -8.0 5.0 -9.0 -49.0 -2.0 40.0 -11.0 
1.0 45.0 -42.0 48.0 22.0 -16.0 -20.0 20.0 -8.0 18.0 31.0 24.0 39.0 -35.0 -16.0 0.0 19.0 -15.0 1.0 15.0 
1.0 -44.0 43.0 18.0 25.0 27.0 27.0 46.0 -32.0 -6.0 -7.0 24.0 33.0 -47.0 -2.0 -3.0 26.0 32.0 27.0 -39.0 
1.0 41.0 -40.0 42.0 14.0 49.0 23.0 14.0 -36.0 -9.0 16.0 15.0 -44.0 -12.0 -27.0 -10.0 30.0 50.0 33.0 25.0 
1.0 -33.0 -23.0 35.0 7.0 26.0 38.0 -45.0 -28.0 -21.0 3.0 15.0 -10.0 -7.0 25.0 -18.0 24.0 -11.0 21.0 -13.0 
1.0 3.0 -38.0 19.0 34.0 35.0 -43.0 -44.0 -26.0 37.0 -44.0 24.0 -23.0 40.0 -50.0 -39.0 -3.0 26.0 16.0 -32.0 
1.0 49.0 45.0 -13.0 -21.0 -15.0 31.0 -46.0 -17.0 -30.0 -41.0 -47.0 -27.0 13.0 32.0 43.0 -38.0 16.0 50.0 -31.0 
1.0 7.0 2.0 42.0 -20.0 29.0 -3.0 -20.0 7.0 10.0 22.0 -28.0 28.0 20.0 -34.0 32.0 50.0 -33.0 12.0 20.0 
1.0 0.0 -2.0 29.0 -30.0 21.0 -43.0 -49.0 13.0 -30.0 -16.0 -22.0 -45.0 41.0 -4.0 13.0 37.0 42.0 -41.0 33.0 
1.0 -2.0 20.0 4.0 -14.0 -37.0 41.0 -32.0 45.0 6.0 -14.0 -28.0 42.0 36.0 20.0 -14.0 22.0 -9.0 -6.0 24.0 
1.0 20.0 -20.0 24.0 49.0 -49.0 -20.0 -6.0 14.0 -34.0 -15.0 23.0 15.0 -1.0 -42.0 35.0 35.0 -28.0 25.0 -47.0 
1.0 33.0 47.0 -45.0 -45.0 38.0 7.0 -9.0 -26.0 -21.0 -2.0 -16.0 19.0 -32.0 14.0 -8.0 33.0 -19.0 22.0 -24.0 
1.0 45.0 4.0 -22.0 -17.0 -32.0 -7.0 -42.0 -48.0 45.0 47.0 -6.0 48.0 29.0 -10.0 19.0 0.0 -22.0 -25.0 42.0 
1.0 -32.0 4.0 -11.0 2.0 -28.0 7.0 32.0 -20.0 -45.0 -38.0 -49.0 49.0 23.0 5.0 -24.0 -45.0 -11.0 -15.0 -37.0 
1.0 -8.0 -21.0 26.0 36.0 43.0 5.0 42.0 11.0 -46.0 -31.0 37.0 12.0 -13.0 -44.0 -49.0 5.0 46.0 -26.0 -14.0 
1.0 -25.0 47.0 -2.0 44.0 45.0 37.0 -36.0 -30.0 43.0 4.0 -29.0 22.0 12.0 1.0 -36.0 -37.0 -7.0 19.0 -46.0 
1.0 21.0 -11.0 41.0 -27.0 -49.0 44.0 -21.0 19.0 -1.0 41.0 9.0 35.0 33.0 5.0 50.0 26.0 -1.0 2.0 40.0 
1.0 -15.0 -6.0 -7.0 -27.0 33.0 21.0 24.0 47.0 34.0 33.0 -19.0 39.0 -31.0 -14.0 29.0 -8.0 -47.0 22.0 -12.0 
1.0 22.0 -30.0 -22.0 48.0 22.0 -40.0 -32.0 -13.0 36.0 -16.0 39.0 -8.0 -15.0 50.0 1.0 8.0 -2.0 -28.0 48.0 
1.0 -40.0 -45.0 -3.0 -9.0 10.0 16.0 27.0 -12.0 -42.0 31.0 27.0 -4.0 -32.0 47.0 24.0 32.0 -16.0 1.0 17.0 
1.0 -13.0 -48.0 17.0 43.0 -6.0 -49.0 42.0 12.0 -24.0 -45.0 0.0 40.0 -35.0 -29.0 -48.0 6.0 32.0 19.0 49.0 
1.0 -31.0 -7.0 -5.0 12.0 39.0 -20.0 9.0 -22.0 -39.0 9.0 -5.0 -6.0 13.0 -2.0 -40.0 5.0 8.0 29.0 -4.0 
1.0 36.0 21.0 1.0 -15.0 10.0 -18.0 7.0 13.0 4.0 -12.0 48.0 2.0 -27.0 -10.0 14.0 36.0 45.0 44.0 -40.0 
1.0 39.0 -46.0 -15.0 -16.0 -1.0 48.0 32.0 -25.0 2.0 -45.0 -47.0 14.0 42.0 24.0 31.0 -24.0 -50.0 -38.0 -1.0 
1.0 -21.0 16.0 37.0 -24.0 -32.0 27.0 -18.0 -2.0 -22.0 -24.0 -9.0 -46.0 -36.0 -39.0 -11.0 -2.0 10.0 -13.0 46.0 
1.0 2.0 5.0 -49.0 5.0 -31.0 9.0 46.0 50.0 1.0 46.0 29.0 -50.0 -26.0 -6.0 3.0 -34.0 -22.0 46.0 -2.0 
1.0 26.0 -27.0 -10.0 -34.0 -23.0 4.0 -22.0 17.0 19.0 4.0 20.0 14.0 -45.0 41.0 -19.0 -23.0 -41.0 6.0 -28.0 
1.0 26.0 -43.0 -33.0 4.0 -43.0 -43.0 14.0 -24.0 -27.0 43.0 -28.0 -13.0 18.0 -5.0 27.0 35.0 23.0 47.0 29.0 
1.0 -45.0 15.0 -18.0 -9.0 46.0 -46.0 -19.0 43.0 -19.0 -43.0 -1.0 3.0 -1.0 6.0 -14.0 19.0 -21.0 -7.0 -18.0 
1.0 5.0 -18.0 -26.0 27.0 -15.0 43.0 39.0 -39.0 -7.0 -23.0 24.0 38.0 49.0 -45.0 36.0 -11.0 17.0 40.0 -14.0 
1.0 9.0 -30.0 -7.0 24.0 -11.0 8.0 46.0 25.0 -24.0 -26.0 34.0 9.0 -4.0 -35.0 33.0 39.0 0.0 -9.0 27.0 
1.0 -23.0 0.0 -47.0 -49.0 -13.0 18.0 23.0 -27.0 -44.0 -11.0 29.0 -41.0 48.0 16.0 2.0 -12.0 -46.0 27.0 -17.0 
1.0 -4.0 -48.0 -26.0 -21.0 11.0 20.0 -39.0 -40.0 -26.0 11.0 1.0 -49.0 5.0 18.0 21.0 6.0 21.0 -11.0 -22.0 
1.0 10.0 -39.0 -17.0 -11.0 -30.0 47.0 -46.0 -11.0 -16.0 25.0 -35.0 18.0 -30.0 -33.0 8.0 -34.0 -5.0 44.0 -23.0 
1.0 5.0 -33.0 4.0 22.0 -32.0 -42.0 -45.0 6.0 -20.0 27.0 11.0 -26.0 -14.0 22.0 7.0 25.0 43.0 4.0 -5.0 
1.0 -19.0 38.0 -30.0 -38.0 -29.0 -44.0 -21.0 29.0 -28.0 -10.0 -12.0 -1.0 45.0 6.0 -47.0 -17.0 -10.0 28.0 -12.0 
1.0 46.0 -42.0 31.0 6.0 -18.0 -33.0 45.0 40.0 8.0 37.0 -41.0 -47.0 34.0 47.0 40.0 46.0 35.0 12.0 41.0 
1.0 -21.0 35.0 48.0 18.0 50.0 42.0 -27.0 19.0 41.0 13.0 -37.0 46.0 -25.0 -29.0 26.0 -3.0 3.0 43.0 -9.0 
1.0 -42.0 -33.0 44.0 -33.0 37.0 -7.0 31.0 -8.0 -46.0 15.0 -47.0 12.0 44.0 4.0 9.0 11.0 -30.0 -34.0 0.0 
1.0 5.0 -43.0 30.0 18.0 -48.0 -46.0 39.0 -6.0 -33.0 -42.0 -13.0 -25.0 33.0 -30.0 35.0 -50.0 -44.0 -22.0 -3.0 
1.0 -2.0 49.0 -39.0 -33.0 10.0 21.0 22.0 -32.0 49.0 42.0 -49.0 -2.0 -38.0 -42.0 -23.0 31.0 27.0 48.0 -15.0 
1.0 -30.0 -35.0 -7.0 -27.0 -44.0 -24.0 -7.0 41.0 43.0 -35.0 -32.0 -11.0 -21.0 34.0 -34.0 -3.0 -7.0 37.0 -32.0 
1.0 -22.0 35.0 26.0 -21.0 50.0 38.0 -13.0 43.0 -16.0 30.0 41.0 20.0 16.0 22.0 -38.0 40.0 28.0 -46.0 49.0 
1.0 -16.0 13.0 31.0 -31.0 -49.0 -41.0 -48.0 34.0 6.0 -5.0 21.0 -10.0 -11.0 -29.0 -35.0 18.0 -30.0 20.0 21.0 
1.0 30.0 -47.0 0.0 20.0 23.0 33.0 -43.0 2.0 22.0 1.0 -28.0 -14.0 35.0 36.0 -34.0 -47.0 3.0 43.0 22.0 
1.0 -13.0 -2.0 -33.0 -43.0 39.0 6.0 45.0 20.0 41.0 32.0 -11.0 11.0 11.0 -41.0 28.0 47.0 -2.0 10.0 -47.0 
1.0 16.0 48.0 4.0 39.0 50.0 -46.0 24.0 33.0 25.0 43.0 25.0 -4.0 -21.0 -28.0 -21.0 -48.0 27.0 2.0 48.0 
1.0 -3.0 -8.0 29.0 2.0 -48.0 -45.0 11.0 -4.0 -49.0 -41.0 -45.0 -46.0 -9.0 19.0 -26.0 -21.0 19.0 -22.0 19.0 
1.0 1.0 -48.0 12.0 -25.0 -35.0 41.0 -37.0 -6.0 44.0 41.0 46.0 7.0 -13.0 -13.0 -15.0 5.0 -44.0 -10.0 -34.0 
1.0 2.0 -9.0 42.0 -26.0 -39.0 -18.0 43.0 -15.0 -22.0 11.0 -21.0 47.0 28.0 49.0 -26.0 -48.0 -37.0 -35.0 -34.0 
1.0 7.0 25.0 23.0 -31.0 -19.0 26.0 6.0 -18.0 -20.0 -22.0 -12.0 -4.0 31.0 -5.0 -47.0 21.0 6.0 -48.0 13.0 
1.0 7.0 -20.0 41.0 36.0 -24.0 18.0 0.0 1.0 -13.0 13.0 -18.0 -31.0 37.0 23.0 42.0 -45.0 -47.0 17.0 -23.0 
1.0 -49.0 47.0 -28.0 -11.0 -41.0 19.0 34.0 -38.0 -11.0 -45.0 -36.0 18.0 12.0 -40.0 8.0 -37.0 -13.0 43.0 14.0 
1.0 4.0 -21.0 -24.0 2.0 -2.0 29.0 -26.0 -45.0 0.0 44.0 22.0 -6.0 45.0 -16.0 16.0 50.0 -7.0 -16.0 33.0 
1.0 -28.0 23.0 38.0 -48.0 -44.0 -35.0 30.0 15.0 -22.0 -34.0 -27.0 42.0 -14.0 2.0 35.0 4.0 16.0 -21.0 -6.0 
1.0 21.0 30.0 -47.0 -42.0 40.0 14.0 -8.0 5.0 13.0 2.0 5.0 -39.0 -10.0 44.0 15.0 -42.0 50.0 30.0 38.0 
1.0 14.0 -43.0 20.0 37.0 16.0 22.0 -46.0 -34.0 42.0 20.0 -5.0 -15.0 -44.0 41.0 -12.0 -36.0 30.0 18.0 -27.0 
1.0 -16.0 -20.0 -9.0 39.0 -43.0 -3.0 32.0 22.0 -29.0 -2.0 -33.0 -41.0 -39.0 42.0 -5.0 15.0 7.0 34.0 -15.0 
1.0 23.0 25.0 22.0 34.0 -40.0 28.0 25.0 -36.0 9.0 4.0 33.0 -2.0 5.0 29.0 5.0 -41.0 37.0 -49.0 8.0 
1.0 -26.0 -28.0 -45.0 -8.0 48.0 33.0 -17.0 -41.0 -37.0 40.0 43.0 -1.0 -22.0 17.0 -30.0 28.0 -7.0 14.0 2.0 
1.0 -26.0 39.0 23.0 23.0 -14.0 44.0 1.0 7.0 19.0 -47.0 8.0 -24.0 -22.0 -3.0 48.0 20.0 -40.0 -3.0 -48.0 
1.0 -31.0 10.0 8.0 28.0 25.0 2.0 -39.0 11.0 -21.0 4.0 -25.0 -2.0 28.0 30.0 -30.0 -34.0 -34.0 30.0 18.0 
1.0 23.0 -2.0 -13.0 48.0 -9.0 15.0 -40.0 -46.0 -50.0 37.0 1.0 -48.0 23.0 28.0 10.0 0.0 2.0 28.0 11.0 
1.0 30.0 -43.0 32.0 -46.0 5.0 -25.0 34.0 -9.0 -8.0 16.0 -30.0 26.0 -45.0 -16.0 -38.0 19.0 -9.0 -6.0 -5.0 
1.0 -4.0 -6.0 -19.0 13.0 -37.0 -47.0 -10.0 -11.0 -30.0 9.0 -33.0 31.0 -12.0 -26.0 -22.0 -42.0 29.0 4.0 42.0 
1.0 -31.0 46.0 -26.0 -45.0 -13.0 46.0 -11.0 -1.0 14.0 31.0 9.0 -42.0 -24.0 -47.0 -45.0 39.0 -34.0 -41.0 46.0 
1.0 5.0 -21.0 4.0 22.0 26.0 42.0 46.0 -46.0 50.0 -10.0 8.0 7.0 9.0 -31.0 -3.0 -20.0 6.0 -8.0 20.0 
1.0 21.0 22.0 0.0 -20.0 -4.0 -8.0 50.0 2.0 47.0 -35.0 -23.0 42.0 -14.0 -28.0 -39.0 25.0 48.0 19.0 -14.0 
1.0 18.0 18.0 27.0 42.0 42.0 -49.0 27.0 -12.0 -18.0 -18.0 -3.0 18.0 20.0 35.0 34.0 16.0 48.0 -25.0 15.0 
1.0 -35.0 38.0 -4.0 -42.0 -4.0 -2.0 -20.0 7.0 -28.0 44.0 -24.0 9.0 12.0 10.0 -49.0 3.0 1.0 -48.0 47.0 
1.0 6.0 -50.0 -22.0 19.0 18.0 14.0 -31.0 1.0 46.0 -34.0 -8.0 10.0 48.0 -20.0 22.0 -45.0 -8.0 -30.0 -15.0 
1.0 49.0 -42.0 46.0 41.0 -17.0 7.0 1.0 -16.0 26.0 18.0 -47.0 22.0 40.0 -47.0 17.0 -26.0 -12.0 47.0 -6.0 
1.0 5.0 43.0 -24.0 48.0 -32.0 41.0 44.0 41.0 46.0 -49.0 27.0 48.0 50.0 35.0 43.0 7.0 35.0 -35.0 24.0 
1.0 -32.0 41.0 -43.0 -29.0 -21.0 48.0 42.0 12.0 38.0 -21.0 8.0 48.0 0.0 0.0 41.0 -37.0 19.0 31.0 -44.0 
1.0 -25.0 -8.0 -43.0 18.0 -11.0 24.0 -32.0 48.0 47.0 -48.0 -38.0 20.0 -29.0 20.0 27.0 -42.0 49.0 -10.0 50.0 
1.0 -24.0 -22.0 45.0 34.0 -25.0 -5.0 -50.0 -35.0 8.0 -15.0 12.0 -19.0 -24.0 -46.0 -46.0 44.0 -41.0 -6.0 -39.0 
1.0 -43.0 -10.0 -36.0 -31.0 26.0 -49.0 5.0 3.0 -41.0 -31.0 43.0 -41.0 -5.0 37.0 20.0 46.0 29.0 31.0 46.0 
1.0 44.0 -11.0 47.0 -28.0 -14.0 -28.0 -24.0 -44.0 -35.0 -15.0 1.0 43.0 -42.0 7.0 -44.0 -22.0 -17.0 -43.0 -1.0 
1.0 36.0 34.0 19.0 -6.0 43.0 30.0 48.0 -22.0 25.0 26.0 -41.0 -14.0 -15.0 -36.0 -18.0 7.0 0.0 -30.0 33.0 
1.0 6.0 -15.0 35.0 23.0 -22.0 43.0 -20.0 -50.0 37.0 13.0 25.0 -14.0 -36.0 8.0 21.0 -26.0 -34.0 0.0 -29.0 
6.1 18.8 13.3 55.7 2.1 -9.5 54.3 24.5 -5.3 11.8 -9.9 42.5 12.9 -32.0 14.9 36.9 20.3 4.4 -2.6 -36.3 -40.9 -17.5 28.3 27.8 -2.1 -12.8 -2.4 -37.7 -34.4 6.2 -3.2 -28.9 -14.1 -1.8 -34.5 -39.6 6.8 46.2 -22.9 -38.6 18.5 -62.1 36.6 -37.1 30.9 -4.2 33.8 -34.1 -9.2 -16.3 19.1 10.0 -30.6 3.0 -38.7 32.3 18.5 -33.7 33.1 -7.4 18.4 -1.5 20.3 1.7 -41.5 -0.9 27.3 15.7 24.9 -18.6 -2.6 32.2 23.3 -7.5 -21.0 -22.0 -57.8 22.1 71.9 21.3  
