20
40
1.0 -6.0 -48.0 45.0 17.0 -22.0 -24.0 30.0 26.0 -37.0 -39.0 16.0 -26.0 30.0 12.0 31.0 49.0 -24.0 -8.0 -9.0 
1.0 10.0 9.0 1.0 10.0 -46.0 -50.0 12.0 10.0 14.0 -19.0 5.0 50.0 26.0 -27.0 44.0 -42.0 1.0 37.0 4.0 
1.0 44.0 16.0 15.0 9.0 41.0 -40.0 -30.0 -13.0 25.0 -3.0 -5.0 -35.0 -44.0 -46.0 17.0 -18.0 25.0 -17.0 11.0 
1.0 -15.0 47.0 42.0 6.0 13.0 -17.0 30.0 -28.0 -8.0 47.0 -42.0 46.0 40.0 25.0 -23.0 -35.0 -19.0 -47.0 -15.0 
1.0 18.0 29.0 -2.0 30.0 44.0 -30.0 34.0 -24.0 -31.0 8.0 -24.0 30.0 9.0 39.0 -13.0 -35.0 1.0 21.0 11.0 
1.0 -10.0 29.0 -27.0 -36.0 -10.0 30.0 5.0 17.0 45.0 36.0 21.0 46.0 -30.0 -1.0 -6.0 50.0 -42.0 -20.0 33.0 
1.0 -49.0 -1.0 -44.0 44.0 45.0 16.0 32.0 49.0 -3.0 50.0 -15.0 -43.0 -11.0 -37.0 -20.0 -31.0 3.0 26.0 25.0 
1.0 37.0 20.0 10.0 -27.0 16.0 30.0 -12.0 26.0 -5.0 -4.0 -45.0 -23.0 -37.0 5.0 -50.0 -44.0 -35.0 -18.0 39.0 
1.0 -37.0 29.0 4.0 -36.0 2.0 9.0 -23.0 -2.0 28.0 -3.0 -26.0 2.0 -17.0 44.0 -38.0 6.0 9.0 8.0 44.0 
1.0 -16.0 -47.0 -45.0 -44.0 47.0 36.0 -23.0 13.0 42.0 -8.0 45.0 -4.0 -28.0 23.0 16.0 -14.0 -26.0 -26.0 -20.0 
1.0 23.0 -48.0 -7.0 47.0 4.0 26.0 6.0 -18.0 48.0 32.0 7.0 7.0 32.0 -24.0 -22.0 38.0 -28.0 -37.0 -36.0 
1.0 36.0 22.0 -27.0 -4.0 34.0 -39.0 -31.0 0.0 -37.0 -41.0 24.0 -7.0 32.0 -8.0 36.0 -6.0 47.0 -23.0 17.0 
1.0 45.0 41.0 -2.0 1.0 -3.0 -21.0 27.0 -8.0 34.0 16.0 -29.0 48.0 -33.0 43.0 37.0 13.0 -7.0 48.0 32.0 
1.0 9.0 -39.0 42.0 49.0 -30.0 -11.0 -9.0 23.0 0.0 -47.0 16.0 -34.0 48.0 7.0 14.0 -35.0 20.0 9.0 42.0 
1.0 -39.0 -8.0 -27.0 -17.0 -44.0 -10.0 42.0 43.0 20.0 -16.0 7.0 -33.0 9.0 -16.0 -42.0 8.0 -30.0 -36.0 49.0 
1.0 43.0 -20.0 18.0 9.0 -4.0 15.0 32.0 26.0 -4.0 1.0 -16.0 -46.0 13.0 -7.0 -23.0 12.0 -1.0 -16.0 3.0 
1.0 -43.0 -47.0 4.0 -20.0 -30.0 -38.0 14.0 46.0 20.0 1.0 26.0 -16.0 -41.0 -45.0 -49.0 18.0 1.0 -17.0 -35.0 
1.0 -24.0 -5.0 17.0 -24.0 -1.0 -21.0 19.0 27.0 7.0 34.0 27.0 -41.0 42.0 30.0 -21.0 -29.0 50.0 -8.0 2.0 
1.0 11.0 28.0 -48.0 -14.0 29.0 -39.0 -9.0 -4.0 -4.0 42.0 29.0 11.0 34.0 41.0 44.0 27.0 -11.0 -28.0 -5.0 
1.0 32.0 29.0 -21.0 8.0 5.0 37.0 -13.0 34.0 24.0 -47.0 42.0 -25.0 14.0 20.0 44.0 -50.0 -2.0 22.0 -43.0 
1.0 10.0 34.0 16.0 -45.0 -6.0 -1.0 46.0 -12.0 42.0 -16.0 -24.0 -13.0 -34.0 22.0 -18.0 24.0 43.0 35.0 28.0 
1.0 26.0 8.0 -3.0 18.0 0.0 -40.0 -47.0 -41.0 27.0 -33.0 31.0 35.0 27.0 14.0 0.0 32.0 25.0 15.0 27.0 
1.0 29.0 7.0 -39.0 21.0 10.0 44.0 -42.0 8.0 -17.0 -50.0 -8.0 27.0 -7.0 16.0 -27.0 -40.0 -35.0 -16.0 30.0 
1.0 42.0 27.0 47.0 22.0 -23.0 23.0 -48.0 27.0 -29.0 -7.0 -42.0 48.0 38.0 15.0 25.0 8.0 41.0 -16.0 -17.0 
1.0 -2.0 18.0 -17.0 40.0 -40.0 26.0 -29.0 -16.0 2.0 -13.0 -16.0 48.0 -22.0 -40.0 44.0 16.0 -12.0 -17.0 -16.0 
1.0 31.0 4.0 -7.0 39.0 -33.0 -20.0 -31.0 9.0 5.0 -41.0 9.0 4.0 7.0 -24.0 37.0 -38.0 -13.0 -21.0 -16.0 
1.0 -13.0 -3.0 -13.0 21.0 -5.0 -19.0 31.0 -46.0 13.0 -32.0 -13.0 14.0 16.0 7.0 -44.0 4.0 -9.0 -47.0 -10.0 
1.0 16.0 -26.0 -1.0 -26.0 28.0 23.0 -33.0 -20.0 1.0 -30.0 -25.0 1.0 7.0 23.0 4.0 -23.0 34.0 35.0 -43.0 
1.0 38.0 -36.0 43.0 -25.0 -6.0 8.0 -2.0 0.0 28.0 39.0 -31.0 -33.0 4.0 -41.0 -17.0 29.0 3.0 22.0 46.0 
1.0 34.0 -28.0 -35.0 -42.0 -10.0 22.0 -3.0 44.0 15.0 -20.0 -5.0 22.0 -32.0 -25.0 -20.0 -41.0 19.0 4.0 7.0 
1.0 35.0 49.0 -38.0 -46.0 -35.0 -18.0 -37.0 -36.0 -40.0 -17.0 36.0 22.0 -34.0 25.0 3.0 41.0 -36.0 41.0 -46.0 
1.0 -43.0 5.0 -16.0 -32.0 44.0 -32.0 -7.0 40.0 -23.0 -39.0 -6.0 1.0 47.0 -42.0 13.0 17.0 40.0 45.0 30.0 
1.0 -46.0 22.0 29.0 40.0 -41.0 45.0 -20.0 13.0 2.0 -6.0 3.0 6.0 -32.0 25.0 6.0 -14.0 -16.0 25.0 30.0 
1.0 -27.0 18.0 41.0 -17.0 -32.0 3.0 -9.0 -3.0 -31.0 -19.0 -42.0 16.0 -49.0 30.0 -6.0 7.0 39.0 -45.0 38.0 
1.0 -33.0 7.0 -19.0 -13.0 29.0 -35.0 -39.0 -16.0 2.0 -5.0 25.0 48.0 -16.0 -41.0 4.0 -16.0 -23.0 -43.0 25.0 
1.0 -9.0 -24.0 22.0 -1.0 42.0 23.0 -22.0 -48.0 47.0 33.0 -43.0 34.0 -50.0 14.0 31.0 -13.0 -42.0 47.0 -36.0 
1.0 -8.0 -2.0 -25.0 34.0 -39.0 9.0 43.0 15.0 43.0 36.0 22.0 -16.0 -24.0 15.0 22.0 -9.0 -28.0 -39.0 -15.0 
1.0 -26.0 -43.0 -32.0 48.0 41.0 35.0 -23.0 21.0 38.0 -15.0 -17.0 18.0 -6.0 -3.0 43.0 -23.0 8.0 -33.0 36.0 
1.0 -27.0 27.0 21.0 11.0 27.0 14.0 -25.0 -2.0 21.0 -36.0 9.0 -44.0 -12.0 16.0 41.0 -14.0 -28.0 -9.0 13.0 
1.0 44.0 -22.0 15.0 -24.0 46.0 -42.0 -10.0 4.0 -15.0 48.0 21.0 -30.0 37.0 -37.0 7.0 -2.0 40.0 37.0 -11.0 
9.8 -3.5 45.5 41.7 53.0 -38.0 7.2 14.8 -32.6 -73.0 34.4 6.9 32.0 49.4 -64.3 30.2 -66.9 -26.7 -24.6 27.3 -14.0 21.9 21.0 74.1 25.4 34.8 0.4 -16.3 4.3 -55.2 -43.6 -48.9 41.8 -2.2 -31.9 12.5 4.4 14.4 33.0 3.2 

