# Probleme of size 150 

# N150

# P
2

# K
1

# Objectif 1
92
92
92
92
92
92
92
92
92
92

92
92
92
92
38
38
38
4
4
4

4
4
4
98
98
98
98
98
98
98

98
98
98
98
40
40
40
40
40
40

40
40
40
40
40
40
18
18
18
18

18
18
18
18
18
18
18
56
56
56

56
14
14
14
14
14
14
14
14
14

14
24
24
24
24
24
24
24
24
14

14
14
14
56
56
56
56
56
56
56

56
56
66
66
66
66
66
66
66
66

66
66
12
12
98
98
36
36
36
36

36
36
36
36
36
36
36
50
50
50

28
28
28
28
28
82
82
82
82
82

82
82
82
82
82
82
82
80
80
80

80
80
80
30
30
30
30
30
30
30


# Objectif 2
30
30
30
30
30
30
30
80
80
80

80
80
80
82
82
82
82
82
82
82

82
82
82
82
82
28
28
28
28
28

50
50
50
36
36
36
36
36
36
36

36
36
36
36
98
98
12
12
66
66

66
66
66
66
66
66
66
66
56
56

56
56
56
56
56
56
56
14
14
14

14
24
24
24
24
24
24
24
24
14

14
14
14
14
14
14
14
14
14
56

56
56
56
18
18
18
18
18
18
18

18
18
18
18
40
40
40
40
40
40

40
40
40
40
40
40
98
98
98
98

98
98
98
98
98
98
98
4
4
4

4
4
4
38
38
38
92
92
92
92

92
92
92
92
92
92
92
92
92
92

# Contrainte 1
42
31
37
42
18
24
90
25
81
84

92
87
10
58
4
59
73
43
11
92

54
79
69
97
16
80
95
79
39
100

66
73
75
44
15
28
5
29
21
84

91
12
9
39
91
48
100
57
12
83

30
4
13
21
83
52
94
88
11
78

48
65
41
96
39
54
27
24
14
16

71
22
51
98
26
19
87
35
2
12

36
4
17
21
65
30
76
30
62
35

91
23
65
74
95
68
92
60
29
5

68
64
85
94
56
59
19
65
98
56

33
90
87
90
29
36
78
64
16
98

31
4
36
84
60
67
93
43
68
71

90
47
90
10
86
40
68
22
53
50

56
14
9
5
62
40
12
75
100
67

3915
