# Probleme of size 100 

# N100

# P
2

# K
1

# Objectif 1
31
31
31
31
31
31
77
77
71
71

71
71
71
71
71
71
11
11
11
11

11
11
11
11
33
33
33
33
33
33

33
33
83
83
83
83
83
83
81
81

81
81
81
81
19
19
19
19
19
19

19
19
69
69
69
69
69
69
69
69

31
31
31
31
31
31
21
21
55
55

55
55
97
97
75
75
75
75
21
21

21
21
21
21
21
21
95
95
95
95

95
95
45
45
45
45
45
45
75
75


# Objectif 2
75
75
45
45
45
45
45
45
95
95

95
95
95
95
21
21
21
21
21
21

21
21
75
75
75
75
97
97
55
55

55
55
21
21
31
31
31
31
31
31

69
69
69
69
69
69
69
69
19
19

19
19
19
19
19
19
81
81
81
81

81
81
83
83
83
83
83
83
33
33

33
33
33
33
33
33
11
11
11
11

11
11
11
11
71
71
71
71
71
71

71
71
77
77
31
31
31
31
31
31

# Contrainte 1
11
57
10
35
8
5
52
84
62
94

27
12
58
2
9
98
73
13
88
19

17
41
33
92
9
26
58
97
81
27

67
90
99
93
96
60
51
68
61
38

20
39
1
60
91
95
31
99
23
91

6
6
42
29
60
97
6
93
86
29

92
42
18
31
85
98
96
24
26
3

97
80
38
10
41
65
81
23
48
42

31
64
91
89
21
11
68
66
52
70

19
93
24
41
90
74
30
67
72
66

2602
