# Probleme of size 250 

# N250

# P
2

# K
1

# Objectif 1
21
21
21
21
21
21
21
21
21
21

21
21
21
21
21
83
83
83
83
83

83
83
83
83
83
83
91
91
91
91

37
37
37
37
37
37
37
37
37
37

37
37
37
37
37
37
37
37
37
37

37
7
7
7
7
7
7
7
7
7

7
7
7
29
29
29
29
29
29
29

29
29
29
29
29
29
85
85
85
85

85
85
85
85
85
85
85
85
85
85

85
85
85
85
27
27
27
27
27
27

27
27
27
27
27
27
27
27
27
27

27
27
27
9
9
9
9
39
39
39

39
39
39
39
39
39
39
39
39
39

39
39
39
39
39
39
39
85
11
69

69
69
69
69
69
69
69
69
69
69

69
69
69
69
69
69
69
69
63
63

63
63
61
61
61
61
61
61
61
61

61
61
61
61
61
61
31
31
31
31

31
31
31
31
31
31
31
31
31
31

31
31
31
31
31
31
17
17
17
17

17
17
17
17
17
17
17
17
17
17

17
17
17
17
17
17
17
17
17
31

9
9
9
9
9
9
9
9
9
9

9
9
9
9
51
51
51
51
51
51

51
51
51
51
51
51
51
51
51
51


# Objectif 2
65
65
65
65
65
65
65
65
65
65

65
91
93
93
93
59
59
59
59
59

59
59
59
13
13
13
13
13
13
13

13
13
13
13
13
13
91
91
91
91

91
91
91
91
91
91
91
33
33
33

33
33
33
33
33
33
33
33
33
33

33
33
33
87
87
87
87
87
87
87

87
87
87
87
87
87
87
87
87
87

87
87
87
87
87
87
1
1
1
1

1
1
1
1
1
1
15
15
15
15

15
15
15
15
15
15
15
15
15
15

15
15
15
15
15
49
79
79
79
79

79
79
79
79
41
41
35
35
35
35

35
35
35
35
35
35
35
35
35
35

37
3
3
3
3
3
3
3
3
3

3
3
3
89
89
89
89
89
89
89

89
89
89
89
89
89
89
89
89
31

31
31
31
31
31
31
31
31
31
31

31
31
49
49
49
49
49
49
49
49

99
99
99
99
99
99
99
99
99
99

99
99
99
99
99
99
99
99
99
21

21
21
21
75
75
75
75
75
75
75

75
75
75
75
75
75
75
75
75
75

75
75
57
57
57
57
57
57
57
57

57
57
57
57
57
57
91
49
99
99

# Contrainte 1
61
97
92
11
49
28
70
35
36
53

93
30
22
21
43
56
16
89
13
71

37
42
81
10
40
97
22
29
60
6

18
37
1
93
50
71
18
38
42
3

52
70
87
7
90
46
5
2
85
79

70
54
61
78
14
69
85
44
49
62

36
45
97
35
84
71
21
74
64
78

11
5
80
50
16
9
80
14
1
3

61
58
20
88
63
63
48
74
91
79

54
92
62
85
100
61
20
14
92
89

54
44
41
15
67
37
55
62
41
51

52
46
41
23
33
38
28
64
64
24

55
13
9
52
92
29
46
72
74
26

66
80
57
44
87
18
18
36
20
8

96
52
75
60
61
97
43
92
46
62

32
10
85
10
78
2
15
34
87
99

5
83
65
62
93
99
44
25
56
10

83
48
38
30
61
42
72
32
25
61

85
47
62
5
88
3
37
50
29
98

79
1
62
82
88
69
45
4
93
94

35
55
56
1
70
4
89
18
14
72

35
38
93
62
25
45
93
83
10
87

42
67
3
49
88
54
15
55
42
39

27
7
23
92
7
37
2
74
45
28

60
62
80
68
45
48
56
66
19
2

6219
