# Probleme of size 350 

# N350

# P
2

# K
1

# Objectif 1
61
61
61
61
61
99
99
99
99
99

99
99
99
99
99
99
99
99
99
99

99
99
99
99
99
99
99
99
99
99

99
9
95
95
95
95
95
95
95
95

95
95
95
95
95
95
95
95
53
53

35
35
35
35
35
35
35
35
35
35

35
35
35
35
35
35
35
35
35
35

35
35
35
35
35
35
35
35
35
45

45
45
45
3
3
3
3
3
3
3

3
3
3
3
33
33
33
87
87
87

87
87
87
87
53
53
53
53
53
53

15
15
15
15
15
15
15
15
15
15

15
15
15
15
61
61
61
61
61
23

23
23
23
23
23
23
23
23
23
23

23
23
23
39
39
39
39
39
39
39

39
37
37
37
37
37
37
37
37
37

37
37
37
37
37
37
37
37
37
37

37
37
37
37
37
37
37
37
37
37

37
69
69
43
43
43
43
43
43
43

43
43
43
43
43
43
43
43
43
13

13
13
13
13
13
13
13
13
13
13

13
13
13
13
13
13
13
13
13
13

13
13
13
13
13
39
39
39
39
39

39
73
73
73
73
73
73
73
73
73

73
73
73
73
73
39
39
39
39
39

39
39
39
39
39
39
39
39
39
39

39
39
39
39
39
39
39
1
1
1

1
1
1
1
1
1
1
1
1
1

1
1
1
1
1
95
95
95
95
95

95
95
95
95
95
95
95
95
95
95

95
95
95
95
95
95
95
95
95
95

95
95
95
95
95
95
57
57
57
57

57
57
57
57
57
57
57
57
57
57

57
57
57
57
57
57
57
57
57
57

57
57
57
57
57
57
57
57
57
71


# Objectif 2
77
77
77
77
77
77
77
77
77
77

77
77
77
51
51
51
51
51
51
51

51
51
51
51
51
51
51
51
51
51

51
51
51
17
17
17
17
17
17
17

17
17
17
17
17
17
17
17
17
17

17
17
17
17
17
17
17
17
17
17

17
17
99
99
99
99
99
99
99
99

99
99
99
99
99
99
99
99
99
99

99
99
99
99
99
99
99
99
99
99

99
81
81
81
81
81
81
81
81
81

81
81
81
81
81
81
81
81
81
81

81
81
81
81
81
81
35
35
35
35

35
35
35
35
35
35
35
35
35
35

35
35
35
35
35
35
35
35
35
35

35
35
33
33
33
33
33
33
33
33

33
33
33
33
33
33
33
33
63
63

63
63
63
63
63
63
63
63
63
63

63
63
63
63
63
63
63
63
63
63

49
49
49
49
49
49
3
3
41
41

41
41
41
41
41
41
63
63
63
63

63
63
63
63
63
63
63
63
63
63

63
63
63
63
63
63
63
63
63
63

63
63
63
63
63
63
63
63
63
63

9
9
9
9
9
9
9
9
9
9

9
9
9
9
9
9
9
9
9
9

9
9
9
9
9
9
9
55
55
55

55
55
55
55
55
55
55
59
59
59

89
89
89
89
89
89
89
89
89
89

67
67
67
67
67
67
67
67
67
67

67
67
67
67
67
67
67
67
67
67

67
67
67
67
67
67
89
89
91
91

91
91
91
91
91
91
91
91
21
21

21
21
21
21
21
21
21
21
21
21

21
21
21
43
43
43
43
43
43
43

43
43
43
43
43
43
43
43
43
43

# Contrainte 1
15
23
46
57
63
18
28
45
58
35

99
80
52
23
93
14
50
87
99
97

31
76
55
56
38
99
88
3
66
64

12
75
43
23
96
1
84
76
24
73

54
80
77
65
28
20
71
80
27
29

4
48
91
44
60
59
47
22
55
28

34
95
91
77
46
1
27
20
14
32

85
39
94
56
94
7
94
28
15
69

71
28
62
46
61
93
70
12
85
1

60
82
20
87
26
75
70
12
62
19

20
10
3
45
97
35
53
68
99
37

82
32
59
45
87
28
90
90
58
6

77
11
19
34
42
23
36
90
80
60

32
26
43
26
41
12
24
94
70
90

30
78
89
34
83
3
77
18
76
52

2
4
3
52
24
44
25
16
45
53

35
85
23
92
95
93
86
15
78
96

17
38
16
28
55
100
66
54
35
19

51
5
40
79
70
57
51
48
31
36

1
59
48
20
6
15
31
14
27
76

69
1
42
31
88
6
31
100
12
14

89
96
91
48
7
95
71
45
60
9

68
93
57
43
26
60
97
49
80
61

85
21
37
30
13
11
64
84
3
30

30
92
46
94
43
66
46
32
61
40

59
13
20
10
95
10
31
58
55
3

77
91
16
35
52
70
46
64
53
98

22
36
8
87
32
79
99
17
59
61

17
55
32
54
65
84
96
32
87
100

2
37
67
35
4
18
99
33
33
35

81
45
63
20
93
63
50
72
52
39

81
100
71
33
91
57
70
62
8
49

99
32
65
63
65
1
34
34
60
20

59
24
84
56
44
28
94
85
20
16

46
52
76
27
82
78
53
30
37
100

8829
