# Probleme of size 400 

# N400

# P
2

# K
1

# Objectif 1
7
7
7
7
7
7
7
7
7
7

7
7
7
7
7
7
7
7
71
71

71
71
71
71
71
71
71
71
71
71

71
71
69
69
69
69
69
69
69
69

69
69
69
69
69
69
69
69
69
69

69
69
35
35
69
69
69
69
69
69

69
69
69
69
69
69
69
69
69
69

69
69
69
69
69
69
69
69
69
69

69
69
69
69
69
69
47
47
47
47

47
47
47
47
47
47
47
47
47
47

47
47
47
47
47
47
47
47
47
47

47
47
47
47
47
47
41
41
41
41

41
41
41
41
41
41
41
41
95
95

95
95
95
95
95
95
95
95
95
95

95
95
95
95
95
95
95
95
95
95

95
95
95
95
53
53
53
53
53
53

53
53
71
71
71
71
71
71
71
71

71
71
71
71
71
71
71
71
71
71

71
71
71
71
89
89
89
89
89
89

89
89
89
89
89
89
3
3
3
3

3
3
3
3
3
3
3
3
3
3

3
3
3
3
3
3
3
3
3
3

3
3
3
3
3
3
3
3
3
3

67
67
67
67
67
67
67
67
67
67

67
67
67
67
67
67
67
67
67
67

67
67
67
67
67
67
67
67
67
67

67
67
67
67
67
67
67
67
17
17

17
17
17
17
17
17
17
17
17
17

17
17
17
17
17
17
17
17
17
17

17
17
17
17
17
17
17
17
17
17

17
17
17
17
95
95
95
95
95
95

95
95
95
95
1
1
1
1
1
1

1
1
1
1
1
1
1
1
1
1

1
1
1
1
1
1
1
1
1
1

1
1
1
1
1
1
23
23
23
23

23
23
23
23
23
23
23
23
23
23

45
45
45
45
45
45
45
45
45
45

45
45
45
45
45
45
45
45
45
45

19
19
19
19
19
19
19
19
19
19

81
81
81
81
81
81
81
81
81
81


# Objectif 2
81
81
81
81
81
81
81
81
81
81

19
19
19
19
19
19
19
19
19
19

45
45
45
45
45
45
45
45
45
45

45
45
45
45
45
45
45
45
45
45

23
23
23
23
23
23
23
23
23
23

23
23
23
23
1
1
1
1
1
1

1
1
1
1
1
1
1
1
1
1

1
1
1
1
1
1
1
1
1
1

1
1
1
1
1
1
95
95
95
95

95
95
95
95
95
95
17
17
17
17

17
17
17
17
17
17
17
17
17
17

17
17
17
17
17
17
17
17
17
17

17
17
17
17
17
17
17
17
17
17

17
17
67
67
67
67
67
67
67
67

67
67
67
67
67
67
67
67
67
67

67
67
67
67
67
67
67
67
67
67

67
67
67
67
67
67
67
67
67
67

3
3
3
3
3
3
3
3
3
3

3
3
3
3
3
3
3
3
3
3

3
3
3
3
3
3
3
3
3
3

3
3
3
3
89
89
89
89
89
89

89
89
89
89
89
89
71
71
71
71

71
71
71
71
71
71
71
71
71
71

71
71
71
71
71
71
71
71
53
53

53
53
53
53
53
53
95
95
95
95

95
95
95
95
95
95
95
95
95
95

95
95
95
95
95
95
95
95
95
95

95
95
41
41
41
41
41
41
41
41

41
41
41
41
47
47
47
47
47
47

47
47
47
47
47
47
47
47
47
47

47
47
47
47
47
47
47
47
47
47

47
47
47
47
69
69
69
69
69
69

69
69
69
69
69
69
69
69
69
69

69
69
69
69
69
69
69
69
69
69

69
69
69
69
69
69
35
35
69
69

69
69
69
69
69
69
69
69
69
69

69
69
69
69
69
69
69
69
71
71

71
71
71
71
71
71
71
71
71
71

71
71
7
7
7
7
7
7
7
7

7
7
7
7
7
7
7
7
7
7

# Contrainte 1
20
42
23
25
13
47
4
98
85
24

77
20
93
51
26
58
82
54
1
87

93
50
43
39
6
44
56
17
94
76

25
33
33
71
81
9
82
70
29
99

44
27
37
44
8
52
84
84
28
98

79
37
44
64
85
53
7
19
81
12

24
84
17
41
89
48
74
39
1
32

51
47
93
34
30
68
72
69
4
3

14
91
57
89
60
44
4
2
47
63

12
95
7
1
44
53
19
8
74
71

1
28
70
38
21
92
28
72
11
24

27
84
17
51
6
71
51
22
28
13

81
45
32
73
21
3
84
55
42
9

78
45
99
67
72
72
20
37
68
88

98
42
32
29
13
75
50
67
43
7

100
20
35
72
25
100
6
65
87
66

93
3
12
14
67
89
19
46
14
66

77
64
64
90
47
7
86
1
82
73

21
47
100
22
71
62
32
15
20
43

93
34
37
63
31
20
97
81
14
58

3
63
11
92
95
74
77
23
20
77

17
34
81
66
24
79
86
95
92
39

70
66
72
79
10
61
80
76
65
35

78
70
82
71
91
88
25
46
73
35

70
51
3
76
46
90
13
55
16
76

1
42
87
34
18
13
84
80
5
59

66
84
74
44
88
87
92
76
43
59

27
49
57
54
48
77
90
26
86
10

28
69
56
69
20
27
27
56
3
33

45
47
17
36
74
70
61
2
90
33

61
45
15
59
45
46
85
95
39
16

71
100
32
89
44
60
41
23
49
84

46
95
1
42
91
2
30
10
9
97

90
49
71
71
18
63
98
44
13
40

70
8
77
57
38
12
81
64
65
85

70
45
58
91
96
26
77
7
75
90

80
12
87
97
25
50
35
20
80
20

93
66
87
100
55
2
27
40
12
7

42
71
94
51
63
72
22
33
82
43

48
65
17
38
5
2
90
65
35
61

10150
