# Probleme of size 450 

# N450

# P
2

# K
1

# Objectif 1
18
18
18
18
18
18
18
18
18
18

18
18
18
18
18
72
72
72
72
72

72
72
72
72
72
72
72
72
72
72

72
72
72
72
72
22
22
22
22
22

22
22
22
22
22
44
44
44
44
44

44
44
44
44
44
44
54
54
54
54

54
54
88
88
88
88
88
88
88
88

88
88
82
82
82
82
96
96
96
96

96
96
96
96
96
96
96
96
96
96

96
96
50
50
50
50
50
50
50
50

50
50
50
50
50
50
50
50
50
50

50
50
50
50
50
50
50
50
50
50

50
50
50
50
50
50
50
50
50
48

48
48
48
48
50
50
50
50
50
50

50
50
50
50
50
50
50
50
50
50

94
94
94
94
94
94
94
94
94
80

80
42
42
42
42
42
42
42
42
42

42
42
42
42
42
42
42
42
42
42

42
42
42
42
42
42
42
42
48
48

48
48
48
48
48
48
48
48
48
48

48
48
46
46
46
46
46
46
46
46

46
46
46
46
46
46
46
46
46
46

46
46
46
46
46
46
46
46
46
46

46
46
46
46
46
46
48
48
48
48

48
48
48
48
48
48
48
48
48
48

48
48
48
48
48
48
48
48
48
48

48
48
48
48
48
48
48
48
48
48

48
48
48
48
48
48
48
48
86
86

86
86
86
86
16
16
16
16
16
16

16
16
64
64
64
64
64
64
64
64

64
64
64
64
64
64
64
64
64
64

64
64
64
64
64
64
64
64
64
34

34
34
34
34
34
34
34
34
34
34

34
34
34
34
34
34
34
34
34
34

34
34
34
34
34
34
34
34
34
34

34
34
34
34
34
34
34
34
34
40

40
40
40
40
40
40
40
40
40
40

40
40
40
40
40
40
40
40
40
40

40
40
40
40
40
40
40
40
40
40

40
40
40
40
40
40
40
40
40
40

26
26
26
26
26
26
26
26
26
26

26
26
26
26
26
26
26
26
26
26

26
26
26
26
26
26
26
26
28
28

28
28
28
28
28
28
28
28
28
28

28
28
28
28
28
28
28
28
28
28


# Objectif 2
28
28
28
28
28
28
28
28
28
28

28
28
28
28
28
28
28
28
28
28

28
28
26
26
26
26
26
26
26
26

26
26
26
26
26
26
26
26
26
26

26
26
26
26
26
26
26
26
26
26

40
40
40
40
40
40
40
40
40
40

40
40
40
40
40
40
40
40
40
40

40
40
40
40
40
40
40
40
40
40

40
40
40
40
40
40
40
40
40
40

40
34
34
34
34
34
34
34
34
34

34
34
34
34
34
34
34
34
34
34

34
34
34
34
34
34
34
34
34
34

34
34
34
34
34
34
34
34
34
34

34
64
64
64
64
64
64
64
64
64

64
64
64
64
64
64
64
64
64
64

64
64
64
64
64
64
64
64
16
16

16
16
16
16
16
16
86
86
86
86

86
86
48
48
48
48
48
48
48
48

48
48
48
48
48
48
48
48
48
48

48
48
48
48
48
48
48
48
48
48

48
48
48
48
48
48
48
48
48
48

48
48
48
48
46
46
46
46
46
46

46
46
46
46
46
46
46
46
46
46

46
46
46
46
46
46
46
46
46
46

46
46
46
46
46
46
46
46
48
48

48
48
48
48
48
48
48
48
48
48

48
48
42
42
42
42
42
42
42
42

42
42
42
42
42
42
42
42
42
42

42
42
42
42
42
42
42
42
42
80

80
94
94
94
94
94
94
94
94
94

50
50
50
50
50
50
50
50
50
50

50
50
50
50
50
50
48
48
48
48

48
50
50
50
50
50
50
50
50
50

50
50
50
50
50
50
50
50
50
50

50
50
50
50
50
50
50
50
50
50

50
50
50
50
50
50
50
50
96
96

96
96
96
96
96
96
96
96
96
96

96
96
96
96
82
82
82
82
88
88

88
88
88
88
88
88
88
88
54
54

54
54
54
54
44
44
44
44
44
44

44
44
44
44
44
22
22
22
22
22

22
22
22
22
22
72
72
72
72
72

72
72
72
72
72
72
72
72
72
72

72
72
72
72
72
18
18
18
18
18

18
18
18
18
18
18
18
18
18
18

# Contrainte 1
96
68
91
9
81
19
76
28
23
68

78
56
70
64
77
71
90
3
59
73

54
73
40
86
80
68
12
15
15
81

2
46
79
75
50
79
69
33
7
47

50
15
92
34
18
5
40
15
64
55

85
8
60
4
84
15
44
9
45
73

55
56
14
88
99
53
88
10
32
60

50
24
81
44
5
72
31
27
68
47

72
6
25
26
38
4
79
59
79
75

61
42
63
5
71
12
40
99
52
76

98
10
44
96
11
82
59
62
92
9

69
96
1
81
63
1
77
76
98
57

42
86
58
75
16
80
98
89
43
4

66
87
98
49
89
39
89
93
36
84

22
44
87
26
12
70
3
30
20
68

7
19
77
11
11
76
53
9
17
70

40
85
46
56
13
13
25
33
86
61

74
98
57
98
58
1
40
55
97
93

9
8
80
55
59
89
47
36
95
69

54
8
46
88
48
35
18
80
88
54

7
71
24
23
96
90
26
56
58
12

45
26
64
97
83
18
8
80
76
65

97
83
96
19
14
87
48
39
38
84

10
89
36
70
82
97
56
8
91
65

86
83
95
20
10
22
18
56
14
45

57
93
60
44
30
63
79
22
70
98

72
57
92
23
24
91
68
78
16
60

61
34
43
30
15
45
83
44
16
28

50
35
58
5
56
99
46
63
98
19

86
30
89
53
64
80
3
72
10
7

9
59
37
44
98
53
85
31
22
66

41
56
83
67
71
37
64
36
59
89

91
40
53
76
96
30
91
88
2
39

24
20
66
65
17
11
82
74
33
23

8
72
24
34
99
47
68
48
72
83

21
99
97
4
73
88
86
67
42
7

9
52
34
24
28
84
75
14
48
7

8
92
32
26
95
99
82
13
65
80

42
89
48
70
84
64
99
45
11
9

71
8
63
61
24
96
42
2
73
79

39
67
32
24
55
1
85
11
69
1

2
59
11
41
92
6
5
23
68
13

6
23
75
88
65
76
14
93
2
6

77
64
56
31
51
93
13
12
50
13

20
65
28
38
86
39
33
46
12
25

11532
