# Probleme of size 500 

# N500

# P
2

# K
1

# Objectif 1
76
76
76
76
76
76
76
78
78
78

78
78
78
78
78
78
78
78
78
78

78
78
78
78
78
78
78
78
78
78

78
78
78
78
78
78
78
78
78
78

78
78
78
78
78
78
32
32
32
32

32
32
32
32
32
32
32
32
32
32

32
32
32
32
32
54
54
54
54
54

54
54
54
54
54
54
54
54
54
54

54
54
54
54
54
54
54
54
54
54

54
54
54
54
54
54
54
54
54
54

54
54
54
54
54
54
54
54
54
54

80
80
80
80
80
14
14
14
14
14

14
14
14
14
14
14
14
14
14
14

14
14
20
20
20
20
20
20
20
20

20
20
20
20
20
20
20
20
20
20

20
20
20
42
42
42
42
42
42
42

42
42
42
42
42
42
42
42
42
42

42
42
42
42
42
42
42
42
42
42

42
42
42
42
42
42
42
42
42
42

42
42
42
42
42
42
42
42
4
4

4
4
4
4
4
4
4
4
4
82

82
82
82
82
64
64
64
64
64
64

64
64
64
38
38
38
36
36
36
36

36
36
36
36
36
36
36
36
36
36

36
36
36
36
36
36
36
36
36
36

36
36
36
36
36
36
36
36
36
50

50
50
50
50
50
50
50
50
50
50

50
50
50
50
50
50
50
50
50
50

50
50
50
50
84
84
84
84
84
84

84
84
84
84
84
84
84
84
84
84

84
90
90
90
90
90
90
90
90
90

90
90
90
90
90
90
90
90
90
90

90
90
90
90
90
90
90
90
40
40

40
40
40
40
40
40
40
40
40
40

40
40
40
40
40
40
40
40
40
40

40
40
40
40
40
40
40
40
40
40

40
40
40
40
40
40
40
40
40
40

40
40
40
30
30
30
30
30
30
30

30
30
30
30
30
30
30
30
30
30

30
30
30
30
30
30
30
30
30
30

52
52
52
52
52
52
52
52
52
98

98
98
98
98
98
98
98
98
98
98

98
98
98
98
98
98
98
98
98
98

98
98
98
98
98
98
98
98
98
98

98
98
98
98
98
98
92
92
92
92

92
92
92
92
92
92
92
92
92
92

92
92
92
92
92
92
92
92
92
92

92
92
92
92
92
92
92
92
92
92

92
92
92
92
92
92
92
92
92
14

14
14
14
14
14
14
14
14
14
14


# Objectif 2
16
16
16
16
16
16
16
16
16
16

16
16
16
16
16
16
16
16
16
16

16
16
16
16
16
16
16
16
16
16

16
16
16
16
16
16
16
16
16
16

16
16
16
16
16
16
16
16
16
18

18
18
18
18
18
18
18
18
18
18

18
18
18
18
18
18
18
18
18
18

18
18
18
18
18
18
18
18
18
18

18
18
96
96
96
96
96
96
96
96

96
96
96
96
96
42
42
42
42
42

42
42
42
42
42
42
42
42
42
42

42
42
42
42
42
42
8
8
8
8

8
8
8
8
8
8
8
8
8
8

8
8
8
8
8
8
8
8
8
8

8
8
8
8
8
8
8
8
8
8

8
8
8
8
8
8
8
8
8
8

8
8
8
8
8
30
30
30
30
30

30
30
30
30
30
30
30
30
30
30

30
30
30
30
30
30
30
30
30
30

30
30
30
30
30
30
30
30
16
16

16
16
16
16
16
16
16
16
16
16

16
16
16
16
16
16
16
16
16
16

16
16
16
16
16
16
16
16
16
16

16
16
16
16
16
16
16
16
16
16

16
16
16
22
22
22
22
22
22
22

22
22
22
22
22
22
22
22
22
22

22
22
22
22
22
22
0
78
78
78

78
78
78
78
78
78
78
78
78
78

78
78
78
78
78
78
78
78
78
78

78
78
78
78
78
78
78
78
78
78

78
78
16
16
16
16
16
16
16
16

16
16
16
16
16
16
16
16
16
16

16
34
34
34
34
34
34
34
34
34

34
34
34
34
34
34
34
34
34
34

34
34
36
36
36
36
36
36
36
36

36
36
36
36
36
36
36
36
36
36

36
36
36
36
36
36
36
36
36
36

36
36
36
36
36
36
36
36
36
70

40
40
40
40
40
40
40
40
40
40

40
40
40
40
40
40
40
40
40
40

40
46
46
46
92
92
92
92
92
92

92
92
92
66
66
66
66
66
66
66

66
66
66
66
66
66
66
66
66
66

66
66
66
66
66
66
66
66
66
66

66
66
66
66
66
66
66
66
40
40

40
40
40
40
40
40
40
40
40
40

40
40
40
42
42
42
42
42
42
42

42
42
42
42
42
42
42
42
42
42

42
42
88
88
88
88
88
88
88
88

88
88
88
88
88
88
88
88
88
88

# Contrainte 1
1
54
3
8
62
18
98
76
85
41

80
19
78
43
17
59
33
77
21
89

11
2
94
17
15
48
27
40
26
8

10
51
31
57
26
58
94
54
8
19

7
30
2
96
66
68
9
98
48
3

55
40
48
11
60
48
11
65
26
4

36
15
27
83
85
12
34
93
94
95

4
47
31
25
72
92
28
60
77
49

50
73
31
8
93
25
36
95
40
71

21
54
100
90
84
50
93
6
23
63

17
24
6
89
87
93
61
54
55
34

49
19
98
94
24
95
65
43
43
72

53
84
19
45
22
82
93
92
56
44

82
66
45
25
11
35
16
59
10
13

97
39
97
12
2
6
39
31
37
74

84
82
75
37
80
83
25
86
82
82

42
89
62
76
36
99
62
14
57
75

37
79
12
71
2
72
28
2
7
78

33
70
39
73
30
61
68
91
83
23

24
94
94
66
8
95
83
46
7
19

24
12
76
51
61
29
87
95
85
98

52
62
65
82
100
49
86
37
36
33

58
4
98
94
17
87
63
93
86
45

78
4
63
71
39
5
44
89
56
25

49
69
98
14
33
14
72
86
39
16

67
29
98
75
65
20
28
87
91
4

4
13
84
63
23
35
41
65
53
33

30
58
35
16
62
54
80
99
98
24

93
92
69
47
73
16
28
38
9
26

28
31
15
74
80
15
60
88
22
39

36
14
64
30
65
91
87
45
20
21

6
31
15
89
19
3
70
56
71
50

40
26
59
2
81
59
63
15
66
64

54
19
52
31
66
9
17
41
9
5

71
27
1
11
18
61
44
61
32
63

22
58
15
56
11
53
19
44
76
49

32
57
69
46
26
90
53
95
56
38

1
65
42
10
97
5
14
41
12
69

52
44
54
21
56
87
24
44
69
6

39
36
88
19
88
70
58
31
20
49

70
43
54
1
100
41
89
43
51
95

8
60
78
12
82
75
29
37
83
7

50
37
20
60
68
87
35
36
4
43

35
33
22
4
24
49
95
93
78
94

76
7
18
4
78
90
3
44
92
58

83
34
44
92
28
41
9
33
56
56

12
82
90
80
82
36
68
81
61
82

54
91
83
25
57
38
3
7
91
28

81
83
28
89
9
44
54
91
47
40

97
71
77
15
42
19
84
100
25
94

12446
