# Probleme of size 50 

# N50

# P
2

# K
1

# Objectif 1
21
21
21
45
45
45
11
11
11
9

9
9
9
47
83
53
53
53
59
9

9
9
9
71
71
71
59
59
59
59

9
9
35
35
81
5
53
31
31
31

31
97
97
97
97
35
35
35
9
9


# Objectif 2
9
9
35
35
35
97
97
97
97
31

31
31
31
53
5
81
35
35
9
9

59
59
59
59
71
71
71
9
9
9

9
59
53
53
53
83
47
9
9
9

9
11
11
11
45
45
45
21
21
21

# Contrainte 1
82
19
94
21
23
3
15
29
23
32

17
38
96
97
77
81
59
69
71
19

47
58
52
45
83
82
88
8
34
71

3
86
38
74
81
56
47
34
18
80

14
65
71
93
78
11
71
92
81
38

1332
