24977	20990
24976	20997
24974	21038
24973	21116
24971	21185
24970	21186
24969	21188
24968	21213
24967	21248
24966	21260
24965	21270
24964	21316
24963	21330
24961	21346
24959	21350
24958	21370
24957	21386
24955	21395
24954	21411
24953	21420
24951	21444
24950	21446
24949	21461
24948	21472
24947	21492
24945	21498
24943	21502
24942	21519
24941	21538
24939	21554
24937	21556
24936	21576
24935	21578
24934	21600
24933	21613
24931	21622
24929	21631
24928	21640
24926	21653
24925	21666
24924	21671
24923	21686
24922	21691
24921	21694
24920	21698
24919	21716
24918	21728
24915	21739
24914	21741
24912	21753
24911	21759
24910	21764
24909	21777
24907	21784
24906	21788
24905	21794
24904	21806
24903	21808
24902	21812
24901	21830
24898	21832
24897	21845
24896	21846
24895	21853
24893	21866
24892	21871
24891	21872
24890	21889
24888	21903
24887	21910
24885	21925
24884	21926
24882	21932
24880	21935
24879	21940
24877	21951
24876	21956
24875	21962
24874	21968
24872	21977
24871	21981
24870	21987
24869	21991
24868	21996
24867	22000
24866	22013
24865	22017
24863	22024
24861	22030
24860	22038
24858	22049
24856	22053
24855	22059
24854	22062
24853	22071
24852	22072
24851	22077
24850	22085
24849	22092
24847	22093
24846	22094
24845	22096
24844	22116
24843	22118
24842	22119
24841	22129
24840	22130
24838	22138
24837	22140
24836	22150
24834	22151
24833	22159
24832	22160
24831	22162
24830	22166
24829	22181
24827	22186
24825	22188
24823	22199
24822	22204
24821	22211
24819	22222
24815	22237
24814	22240
24811	22247
24809	22256
24808	22266
24807	22269
24805	22270
24804	22274
24803	22279
24802	22282
24801	22292
24798	22301
24797	22309
24795	22322
24792	22331
24788	22332
24787	22341
24786	22344
24785	22348
24784	22349
24783	22353
24781	22363
24780	22367
24779	22371
24777	22379
24775	22388
24773	22394
24772	22396
24770	22406
24769	22416
24767	22418
24766	22420
24763	22424
24762	22426
24761	22430
24760	22435
24758	22441
24756	22448
24754	22451
24753	22459
24751	22465
24750	22466
24749	22472
24746	22478
24745	22491
24743	22495
24741	22497
24739	22498
24738	22502
24737	22508
24736	22518
24734	22520
24732	22522
24731	22525
24730	22529
24729	22537
24728	22539
24726	22545
24725	22553
24721	22555
24720	22562
24719	22563
24718	22567
24716	22572
24715	22578
24713	22583
24711	22589
24710	22592
24709	22593
24707	22594
24706	22597
24705	22602
24704	22605
24702	22613
24701	22614
24699	22619
24698	22620
24697	22626
24696	22631
24695	22638
24693	22639
24692	22642
24691	22643
24689	22649
24687	22650
24686	22657
24685	22668
24682	22669
24681	22671
24679	22676
24677	22679
24676	22688
24673	22691
24671	22697
24670	22699
24669	22705
24667	22706
24666	22712
24664	22717
24662	22718
24661	22720
24660	22725
24659	22730
24658	22731
24657	22735
24655	22738
24654	22740
24653	22745
24652	22749
24651	22751
24650	22754
24648	22756
24647	22761
24645	22765
24643	22771
24642	22772
24641	22773
24640	22779
24639	22780
24638	22781
24637	22789
24634	22790
24633	22796
24631	22801
24630	22803
24628	22813
24626	22816
24624	22820
24621	22823
24620	22831
24618	22833
24617	22837
24616	22838
24615	22840
24614	22842
24612	22847
24611	22851
24609	22855
24608	22861
24606	22864
24604	22868
24603	22874
24600	22878
24599	22880
24597	22882
24596	22888
24594	22893
24592	22896
24591	22897
24590	22899
24589	22903
24588	22905
24587	22907
24586	22908
24585	22911
24583	22921
24580	22925
24579	22927
24577	22928
24576	22933
24575	22934
24574	22937
24573	22944
24572	22948
24568	22952
24566	22961
24563	22962
24562	22968
24561	22971
24559	22974
24557	22978
24556	22979
24555	22985
24552	22987
24551	22989
24550	22995
24548	22998
24547	22999
24546	23005
24543	23010
24541	23012
24540	23017
24539	23018
24538	23020
24537	23026
24535	23029
24533	23031
24532	23033
24531	23034
24530	23036
24529	23039
24528	23041
24527	23045
24526	23046
24525	23051
24523	23054
24522	23055
24521	23058
24520	23063
24518	23066
24517	23068
24515	23073
24514	23074
24513	23075
24512	23080
24511	23085
24508	23086
24507	23091
24505	23093
24504	23098
24502	23100
24501	23105
24499	23108
24498	23109
24497	23113
24495	23117
24494	23120
24492	23123
24491	23127
24489	23128
24488	23133
24486	23137
24483	23142
24482	23143
24481	23144
24480	23152
24476	23154
24475	23162
24472	23166
24471	23168
24470	23169
24469	23170
24468	23172
24467	23177
24465	23179
24464	23184
24463	23189
24460	23195
24457	23198
24456	23200
24455	23204
24454	23208
24451	23209
24450	23212
24448	23220
24444	23223
24443	23224
24442	23229
24440	23233
24439	23234
24438	23238
24437	23239
24436	23240
24435	23245
24434	23247
24433	23248
24432	23251
24430	23253
24429	23254
24428	23258
24427	23260
24426	23265
24425	23266
24423	23271
24421	23272
24419	23276
24418	23277
24417	23280
24416	23281
24415	23289
24412	23291
24411	23295
24410	23297
24409	23298
24407	23300
24406	23301
24405	23304
24404	23309
24402	23314
24399	23316
24398	23318
24397	23320
24396	23321
24395	23323
24394	23328
24393	23333
24390	23334
24389	23337
24388	23339
24387	23342
24386	23345
24383	23348
24382	23350
24381	23356
24379	23357
24378	23360
24377	23362
24375	23365
24374	23369
24372	23371
24371	23373
24370	23374
24368	23377
24367	23381
24365	23388
24364	23391
24360	23393
24359	23396
24358	23401
24357	23406
24355	23407
24353	23411
24351	23416
24348	23421
24346	23422
24345	23423
24344	23424
24343	23428
24342	23429
24341	23430
24340	23433
24339	23435
24338	23436
24337	23438
24336	23443
24335	23446
24332	23453
24330	23458
24327	23462
24324	23464
24323	23465
24321	23470
24320	23471
24319	23474
24318	23477
24316	23478
24315	23481
24314	23484
24313	23489
24311	23490
24309	23494
24308	23498
24306	23499
24304	23501
24303	23507
24301	23508
24300	23511
24297	23515
24296	23520
24294	23524
24292	23526
24290	23529
24288	23531
24287	23534
24286	23535
24285	23540
24284	23541
24282	23544
24280	23546
24279	23547
24277	23553
24276	23556
24274	23561
24271	23566
24268	23571
24266	23572
24265	23575
24264	23576
24263	23577
24262	23581
24261	23582
24260	23584
24259	23589
24257	23590
24255	23591
24254	23593
24253	23597
24252	23600
24249	23602
24247	23605
24246	23606
24245	23610
24244	23612
24242	23615
24241	23616
24240	23617
24239	23618
24238	23622
24236	23625
24235	23626
24234	23628
24233	23629
24231	23633
24230	23637
24229	23638
24228	23639
24226	23641
24225	23644
24223	23653
24219	23655
24217	23660
24213	23663
24212	23667
24210	23670
24208	23672
24207	23673
24206	23682
24202	23685
24200	23687
24197	23694
24193	23695
24192	23699
24190	23701
24189	23702
24188	23707
24187	23708
24184	23709
24183	23712
24182	23713
24181	23716
24180	23720
24176	23724
24175	23725
24174	23727
24172	23730
24171	23732
24170	23734
24168	23736
24167	23741
24164	23742
24163	23745
24162	23747
24160	23751
24157	23753
24156	23755
24155	23758
24153	23760
24152	23761
24151	23765
24150	23766
24147	23769
24146	23771
24144	23773
24143	23774
24142	23775
24141	23779
24140	23780
24139	23783
24138	23786
24135	23787
24134	23793
24131	23794
24130	23797
24129	23798
24128	23799
24126	23801
24125	23805
24124	23807
24122	23810
24120	23812
24118	23815
24117	23816
24115	23820
24114	23821
24113	23823
24111	23826
24110	23827
24108	23828
24107	23833
24105	23835
24104	23836
24103	23838
24102	23839
24101	23840
24099	23845
24096	23848
24095	23849
24093	23852
24092	23857
24089	23858
24088	23861
24086	23862
24085	23863
24084	23864
24083	23866
24082	23871
24081	23872
24078	23874
24077	23875
24076	23879
24074	23880
24073	23881
24072	23884
24071	23886
24069	23888
24068	23889
24067	23890
24066	23895
24063	23898
24060	23900
24059	23902
24058	23903
24057	23905
24056	23906
24055	23909
24054	23910
24053	23911
24052	23916
24048	23919
24047	23920
24046	23923
24044	23924
24043	23927
24041	23931
24038	23932
24037	23935
24036	23937
24034	23938
24033	23939
24032	23945
24029	23949
24026	23953
24024	23954
24022	23957
24021	23959
24020	23961
24018	23962
24017	23963
24016	23966
24015	23967
24014	23969
24013	23972
24010	23975
24008	23978
24006	23980
24004	23981
24003	23983
24002	23985
24000	23988
23999	23990
23997	23992
23996	23995
23995	23997
23993	23998
23992	24001
23990	24003
23988	24004
23987	24006
23986	24008
23985	24010
23984	24011
23982	24014
23980	24016
23979	24017
23978	24019
23977	24022
23976	24023
23975	24024
23973	24027
23972	24028
23971	24030
23970	24032
23969	24034
23968	24037
23965	24038
23964	24040
23962	24044
23961	24045
23959	24048
23958	24050
23957	24051
23956	24052
23955	24054
23953	24055
23951	24057
23950	24058
23949	24059
23948	24062
23947	24067
23944	24068
23943	24070
23942	24072
23939	24077
23936	24078
23934	24082
23933	24084
23930	24089
23928	24091
23927	24093
23925	24094
23923	24095
23922	24098
23920	24099
23919	24104
23916	24107
23914	24110
23911	24111
23910	24114
23909	24116
23907	24117
23906	24119
23905	24121
23904	24123
23902	24126
23901	24127
23899	24128
23898	24130
23897	24131
23896	24132
23895	24133
23894	24134
23893	24136
23892	24137
23891	24139
23890	24140
23888	24149
23883	24150
23881	24152
23880	24154
23879	24156
23877	24158
23876	24166
23871	24171
23866	24173
23864	24174
23863	24176
23861	24178
23859	24181
23858	24183
23855	24188
23854	24191
23850	24194
23847	24198
23845	24202
23841	24205
23839	24207
23836	24214
23833	24215
23832	24217
23829	24218
23828	24220
23825	24223
23824	24225
23822	24228
23821	24230
23818	24233
23817	24235
23816	24236
23813	24238
23812	24239
23811	24240
23810	24241
23809	24243
23808	24244
23807	24248
23804	24250
23802	24252
23801	24253
23800	24255
23798	24257
23797	24259
23795	24261
23793	24262
23791	24264
23790	24266
23789	24270
23785	24273
23783	24274
23782	24275
23781	24276
23780	24278
23778	24281
23777	24282
23775	24286
23774	24289
23769	24293
23765	24300
23760	24306
23755	24307
23754	24313
23749	24317
23748	24319
23744	24322
23740	24324
23738	24329
23734	24334
23731	24339
23729	24341
23727	24344
23723	24347
23718	24348
23717	24350
23716	24351
23715	24354
23713	24356
23712	24357
23710	24359
23708	24366
23702	24367
23701	24369
23699	24371
23698	24375
23695	24377
23694	24380
23692	24381
23687	24383
23686	24386
23683	24389
23682	24390
23681	24392
23677	24394
23676	24398
23672	24401
23671	24403
23669	24404
23668	24406
23665	24414
23658	24416
23657	24417
23655	24420
23654	24421
23652	24428
23645	24432
23643	24433
23642	24434
23641	24436
23638	24438
23635	24439
23634	24442
23632	24444
23630	24447
23629	24448
23626	24449
23625	24451
23623	24453
23622	24455
23619	24460
23616	24462
23614	24463
23612	24466
23609	24469
23607	24470
23605	24475
23602	24476
23601	24479
23598	24480
23596	24481
23594	24482
23593	24484
23592	24487
23590	24489
23587	24490
23586	24493
23584	24494
23582	24498
23579	24500
23576	24501
23575	24504
23573	24507
23572	24509
23569	24511
23566	24513
23564	24515
23563	24517
23561	24520
23559	24521
23556	24522
23555	24524
23553	24525
23552	24526
23551	24529
23550	24531
23548	24533
23544	24535
23542	24538
23540	24542
23537	24544
23534	24546
23532	24548
23530	24549
23528	24550
23527	24553
23525	24554
23523	24555
23522	24561
23517	24565
23513	24566
23511	24569
23510	24570
23509	24571
23506	24573
23504	24575
23503	24577
23500	24579
23499	24580
23498	24581
23496	24582
23494	24585
23493	24588
23490	24592
23488	24594
23483	24596
23481	24599
23478	24600
23477	24601
23476	24602
23475	24603
23474	24606
23472	24607
23471	24609
23469	24610
23467	24612
23466	24615
23462	24618
23458	24620
23456	24622
23455	24623
23454	24624
23453	24625
23451	24629
23448	24631
23446	24633
23444	24636
23442	24637
23439	24638
23438	24639
23437	24641
23436	24642
23434	24643
23433	24644
23431	24647
23429	24648
23428	24649
23426	24653
23422	24655
23421	24656
23419	24657
23418	24659
23417	24660
23415	24663
23412	24668
23408	24669
23407	24671
23405	24672
23403	24673
23402	24676
23398	24681
23394	24682
23393	24685
23390	24687
23389	24688
23388	24690
23384	24691
23383	24694
23380	24697
23376	24700
23373	24703
23370	24704
23369	24705
23368	24706
23367	24707
23366	24709
23364	24710
23362	24714
23360	24716
23358	24718
23355	24719
23354	24720
23352	24724
23350	24728
23346	24729
23342	24731
23341	24733
23340	24736
23337	24737
23334	24741
23331	24742
23329	24745
23325	24749
23321	24750
23320	24753
23319	24755
23317	24756
23315	24757
23313	24758
23312	24760
23310	24762
23307	24764
23305	24766
23303	24767
23302	24769
23300	24770
23298	24772
23296	24775
23293	24776
23292	24777
23290	24778
23289	24781
23285	24783
23283	24784
23282	24785
23281	24787
23279	24789
23277	24790
23275	24792
23274	24793
23273	24794
23272	24798
23266	24799
23265	24801
23262	24806
23256	24810
23254	24813
23251	24814
23249	24816
23247	24817
23245	24819
23244	24821
23238	24825
23237	24826
23236	24829
23228	24832
23227	24834
23225	24835
23222	24836
23221	24838
23219	24839
23218	24840
23216	24841
23214	24842
23212	24845
23210	24847
23207	24849
23206	24850
23205	24851
23202	24854
23198	24855
23197	24857
23195	24859
23193	24861
23192	24862
23189	24864
23188	24865
23187	24869
23181	24870
23180	24872
23179	24873
23177	24875
23176	24877
23171	24880
23167	24882
23165	24884
23162	24885
23160	24889
23158	24890
23157	24891
23155	24892
23153	24893
23152	24894
23151	24895
23149	24896
23147	24897
23145	24898
23144	24900
23143	24902
23140	24906
23134	24907
23133	24908
23132	24909
23131	24910
23130	24911
23129	24912
23128	24913
23125	24917
23123	24919
23118	24922
23114	24924
23113	24928
23109	24930
23105	24931
23104	24933
23102	24934
23100	24935
23099	24936
23098	24939
23092	24941
23091	24942
23089	24944
23088	24946
23085	24947
23083	24948
23081	24950
23080	24951
23079	24952
23076	24953
23075	24954
23073	24956
23072	24958
23068	24961
23065	24962
23064	24963
23062	24965
23060	24966
23058	24967
23056	24970
23055	24971
23052	24972
23051	24975
23050	24977
23046	24978
23042	24981
23040	24982
23039	24984
23034	24986
23032	24988
23029	24989
23028	24990
23026	24993
23022	24994
23021	24996
23020	24997
23018	24999
23015	25001
23012	25003
23010	25004
23009	25005
23007	25007
23004	25008
23003	25009
23002	25013
22997	25014
22995	25015
22994	25016
22993	25017
22990	25019
22989	25022
22987	25023
22984	25025
22982	25028
22978	25029
22976	25030
22975	25031
22972	25032
22971	25033
22969	25034
22967	25036
22966	25037
22965	25039
22961	25041
22960	25042
22957	25045
22955	25046
22952	25048
22948	25049
22946	25050
22945	25054
22940	25056
22939	25057
22937	25060
22936	25063
22930	25064
22927	25068
22922	25069
22921	25070
22919	25071
22918	25073
22915	25076
22913	25077
22909	25079
22906	25081
22903	25084
22902	25085
22898	25088
22894	25089
22893	25092
22888	25093
22887	25094
22886	25096
22884	25097
22881	25099
22880	25100
22878	25101
22876	25103
22874	25105
22869	25107
22867	25108
22866	25111
22863	25112
22861	25113
22859	25114
22858	25116
22853	25118
22851	25120
22849	25122
22846	25123
22845	25125
22842	25126
22840	25127
22839	25132
22831	25133
22830	25136
22826	25137
22824	25138
22823	25139
22820	25140
22818	25141
22817	25142
22816	25145
22812	25146
22809	25148
22808	25149
22805	25155
22800	25156
22796	25158
22791	25161
22789	25163
22785	25165
22784	25166
22780	25167
22779	25168
22777	25170
22775	25171
22774	25173
22770	25176
22769	25177
22763	25179
22760	25180
22758	25183
22756	25185
22755	25187
22749	25189
22745	25190
22744	25192
22742	25194
22739	25195
22738	25197
22734	25201
22728	25204
22725	25210
22715	25211
22712	25212
22710	25214
22709	25217
22702	25219
22698	25222
22695	25225
22690	25227
22687	25229
22686	25231
22683	25232
22680	25234
22679	25236
22672	25237
22671	25240
22669	25241
22665	25243
22662	25244
22661	25247
22656	25248
22654	25250
22652	25253
22646	25254
22643	25255
22641	25257
22640	25258
22639	25260
22635	25261
22632	25262
22630	25263
22629	25266
22626	25267
22622	25271
22617	25274
22611	25275
22610	25277
22606	25278
22605	25279
22604	25280
22602	25282
22601	25283
22598	25286
22595	25287
22592	25290
22588	25294
22584	25296
22577	25297
22575	25301
22571	25303
22565	25304
22563	25306
22561	25307
22558	25308
22556	25309
22553	25312
22551	25314
22545	25315
22543	25317
22540	25318
22538	25320
22537	25324
22529	25325
22528	25327
22527	25328
22522	25330
22521	25332
22518	25334
22511	25338
22508	25339
22505	25340
22503	25343
22497	25344
22493	25345
22492	25346
22490	25352
22483	25353
22478	25354
22476	25356
22473	25361
22472	25362
22470	25364
22463	25365
22461	25366
22456	25368
22452	25370
22448	25371
22447	25374
22444	25375
22443	25376
22441	25377
22438	25379
22437	25380
22433	25382
22427	25384
22425	25385
22423	25387
22422	25388
22419	25390
22412	25391
22411	25392
22410	25393
22408	25395
22404	25397
22401	25398
22398	25399
22397	25401
22396	25402
22393	25404
22388	25405
22384	25408
22381	25409
22380	25411
22377	25414
22371	25415
22370	25419
22361	25421
22356	25423
22352	25425
22347	25426
22346	25427
22344	25428
22342	25429
22340	25430
22338	25432
22336	25433
22335	25435
22329	25436
22328	25437
22327	25439
22322	25440
22320	25441
22318	25442
22317	25443
22315	25444
22313	25448
22304	25449
22303	25452
22297	25454
22291	25456
22288	25460
22281	25462
22278	25463
22277	25464
22274	25465
22270	25466
22268	25468
22266	25470
22262	25471
22261	25474
22256	25475
22254	25476
22252	25478
22249	25479
22243	25485
22232	25487
22229	25488
22227	25490
22224	25491
22223	25493
22219	25494
22217	25496
22209	25500
22201	25501
22200	25503
22197	25504
22193	25505
22192	25506
22187	25509
22184	25512
22174	25514
22169	25515
22168	25517
22166	25519
22163	25520
22161	25521
22159	25523
22155	25525
22149	25526
22146	25527
22145	25528
22142	25530
22136	25533
22130	25534
22129	25536
22128	25537
22121	25539
22116	25542
22112	25545
22104	25546
22102	25548
22096	25550
22092	25553
22086	25554
22082	25555
22081	25556
22080	25557
22077	25558
22073	25560
22070	25562
22067	25564
22060	25565
22059	25566
22058	25568
22054	25569
22053	25570
22048	25571
22047	25572
22043	25574
22040	25577
22027	25578
22026	25580
22025	25581
22022	25583
22019	25585
22011	25586
22010	25588
22008	25589
22004	25590
22000	25591
21997	25592
21995	25595
21987	25596
21982	25597
21981	25600
21974	25602
21972	25603
21971	25604
21964	25605
21963	25609
21953	25610
21952	25611
21949	25613
21943	25614
21940	25616
21937	25620
21928	25621
21925	25623
21918	25624
21914	25626
21908	25628
21905	25629
21902	25631
21896	25632
21893	25633
21892	25634
21890	25636
21884	25637
21883	25638
21880	25639
21875	25641
21873	25642
21872	25643
21870	25644
21864	25645
21862	25646
21860	25647
21859	25648
21852	25650
21849	25651
21844	25652
21843	25653
21839	25654
21835	25657
21833	25659
21825	25660
21820	25662
21816	25663
21815	25664
21812	25665
21809	25666
21807	25667
21802	25668
21800	25669
21796	25671
21791	25674
21784	25676
21779	25677
21776	25678
21772	25679
21769	25680
21765	25681
21763	25682
21762	25683
21760	25684
21757	25685
21751	25687
21748	25688
21744	25690
21739	25692
21735	25693
21734	25694
21731	25695
21726	25696
21723	25697
21720	25698
21717	25699
21715	25700
21713	25701
21710	25702
21708	25703
21704	25704
21700	25705
21699	25708
21689	25709
21687	25710
21684	25711
21682	25713
21674	25714
21673	25715
21669	25716
21666	25718
21662	25719
21660	25721
21654	25722
21652	25723
21647	25725
21642	25726
21639	25727
21637	25728
21635	25729
21633	25730
21628	25731
21626	25732
21624	25733
21619	25735
21614	25736
21613	25737
21610	25739
21601	25740
21598	25741
21597	25742
21594	25744
21588	25745
21586	25747
21581	25749
21576	25750
21573	25751
21571	25752
21567	25753
21565	25755
21562	25756
21555	25757
21550	25759
21547	25760
21543	25761
21540	25762
21537	25763
21534	25765
21528	25767
21525	25768
21521	25769
21519	25771
21513	25772
21510	25774
21504	25775
21500	25776
21496	25777
21495	25778
21494	25779
21486	25781
21481	25782
21480	25783
21479	25784
21476	25785
21474	25786
21465	25787
21463	25788
21460	25790
21457	25792
21453	25793
21450	25794
21444	25795
21438	25797
21436	25798
21432	25799
21431	25801
21423	25802
21420	25803
21418	25804
21415	25805
21413	25806
21410	25807
21404	25808
21401	25809
21399	25813
21387	25814
21384	25815
21382	25816
21379	25817
21375	25818
21372	25819
21371	25820
21369	25821
21361	25824
21356	25825
21352	25827
21344	25828
21343	25829
21340	25832
21328	25834
21323	25835
21320	25836
21318	25837
21315	25839
21308	25840
21304	25841
21303	25842
21297	25845
21293	25847
21282	25848
21279	25850
21271	25852
21267	25853
21261	25855
21255	25858
21249	25859
21243	25860
21241	25861
21235	25864
21229	25865
21226	25866
21220	25867
21218	25868
21213	25870
21210	25871
21205	25872
21204	25873
21199	25874
21198	25875
21195	25876
21192	25877
21185	25878
21181	25879
21179	25880
21178	25881
21172	25882
21169	25884
21161	25886
21158	25887
21155	25888
21150	25889
21146	25890
21144	25891
21137	25892
21136	25895
21125	25896
21120	25898
21119	25899
21113	25902
21100	25903
21099	25904
21096	25905
21089	25906
21087	25908
21080	25910
21073	25911
21072	25912
21063	25913
21062	25914
21057	25915
21055	25917
21051	25918
21047	25920
21036	25922
21030	25923
21024	25924
21023	25925
21022	25926
21019	25928
21010	25930
21000	25931
20996	25932
20990	25933
20988	25934
20985	25935
20980	25937
20977	25939
20966	25940
20963	25941
20958	25942
20957	25943
20949	25944
20947	25947
20933	25948
20931	25950
20922	25951
20918	25952
20914	25953
20912	25956
20897	25958
20890	25959
20885	25960
20884	25963
20868	25964
20862	25965
20861	25966
20851	25967
20850	25968
20849	25969
20843	25970
20835	25971
20833	25972
20830	25973
20828	25974
20819	25975
20818	25976
20815	25979
20797	25980
20793	25981
20792	25982
20783	25983
20782	25984
20779	25985
20776	25986
20769	25987
20764	25990
20752	25992
20742	25993
20734	25994
20728	25996
20720	25999
20704	26000
20701	26002
20700	26003
20689	26004
20688	26006
20673	26007
20668	26008
20663	26009
20661	26010
20653	26011
20645	26012
20644	26013
20643	26014
20635	26015
20632	26017
20617	26019
20616	26020
20609	26021
20598	26022
20594	26023
20590	26024
20581	26025
20579	26026
20573	26027
20568	26029
20561	26030
20553	26031
20548	26032
20543	26033
20540	26034
20536	26035
20530	26036
20522	26037
20514	26038
20511	26039
20507	26040
20499	26043
20484	26044
20479	26045
20475	26046
20472	26047
20466	26048
20461	26049
20452	26050
20448	26051
20447	26053
20429	26055
20418	26056
20412	26057
20411	26058
20403	26059
20394	26061
20384	26064
20370	26065
20362	26066
20356	26068
20354	26069
20344	26071
20330	26073
20317	26074
20308	26075
20305	26076
20293	26077
20288	26079
20275	26081
20271	26082
20257	26083
20256	26084
20246	26085
20242	26086
20240	26087
20225	26088
20221	26089
20210	26090
20207	26091
20199	26092
20197	26093
20189	26095
20170	26098
20150	26099
20141	26100
20137	26101
20134	26103
20120	26105
20108	26107
20084	26108
20075	26109
20068	26110
20060	26111
20047	26112
20041	26115
20031	26116
20008	26120
19974	26121
19963	26127
19903	26128
19898	26129
19883	26130
19868	26131
19861	26132
19860	26134
19819	26136
19790	26137
19771	26138
19767	26139
19754	26142
19733	26143
19723	26145
19655	26146
19589	26147
19555	26148
19540	26149
19523	26150
19479	26151

