30575	23296
30574	23390
30573	23459
30572	23470
30571	23514
30570	23545
30569	23582
30568	23650
30566	23660
30565	23710
30563	23726
30562	23746
30561	23747
30560	23762
30559	23790
30558	23815
30557	23822
30556	23841
30555	23874
30554	23882
30552	23897
30551	23899
30550	23944
30548	23946
30547	23948
30546	23956
30545	23969
30544	23987
30543	23995
30542	24015
30541	24029
30539	24038
30538	24052
30537	24060
30536	24064
30535	24074
30534	24087
30532	24098
30531	24111
30530	24121
30529	24127
30528	24144
30526	24157
30525	24162
30524	24165
30523	24173
30522	24179
30521	24191
30520	24194
30519	24205
30518	24211
30517	24214
30516	24229
30515	24246
30513	24247
30512	24259
30511	24265
30510	24269
30509	24282
30508	24287
30507	24301
30506	24303
30505	24314
30504	24315
30503	24319
30502	24331
30501	24338
30500	24347
30499	24354
30498	24362
30497	24371
30495	24382
30494	24386
30493	24392
30492	24400
30491	24408
30490	24414
30489	24431
30487	24439
30486	24440
30485	24446
30484	24453
30483	24466
30481	24470
30480	24479
30479	24484
30478	24496
30477	24498
30476	24510
30473	24530
30471	24533
30470	24543
30469	24545
30468	24556
30466	24561
30465	24570
30464	24578
30463	24585
30461	24597
30459	24604
30458	24605
30457	24610
30456	24617
30455	24621
30454	24630
30453	24638
30452	24647
30450	24648
30449	24656
30448	24660
30447	24676
30445	24680
30444	24684
30442	24694
30441	24695
30440	24711
30438	24716
30437	24719
30436	24725
30435	24727
30434	24729
30433	24734
30432	24739
30431	24743
30430	24756
30429	24759
30427	24765
30426	24773
30424	24778
30423	24787
30421	24789
30420	24799
30419	24800
30418	24803
30417	24812
30415	24818
30414	24823
30413	24824
30412	24830
30411	24832
30410	24841
30409	24846
30408	24848
30407	24851
30406	24856
30404	24864
30403	24869
30402	24877
30399	24884
30398	24887
30397	24891
30396	24893
30395	24901
30394	24903
30393	24912
30392	24919
30390	24921
30389	24924
30388	24930
30387	24934
30385	24937
30384	24943
30383	24944
30382	24952
30381	24956
30380	24962
30379	24964
30378	24971
30376	24977
30375	24984
30373	24985
30372	24988
30371	24990
30370	24997
30369	25003
30367	25007
30366	25010
30365	25018
30363	25019
30362	25025
30361	25027
30360	25031
30359	25035
30358	25037
30357	25050
30354	25051
30353	25059
30352	25065
30350	25067
30349	25075
30347	25076
30346	25078
30345	25084
30344	25088
30343	25091
30342	25094
30341	25100
30340	25102
30339	25106
30338	25114
30336	25117
30335	25119
30334	25128
30333	25130
30331	25133
30330	25139
30328	25142
30327	25146
30326	25148
30325	25156
30323	25162
30322	25166
30320	25171
30318	25173
30317	25182
30315	25190
30314	25192
30312	25195
30311	25198
30310	25201
30309	25206
30308	25207
30307	25209
30306	25214
30305	25216
30304	25219
30303	25224
30302	25227
30301	25231
30300	25232
30299	25241
30298	25242
30297	25244
30296	25248
30295	25249
30294	25251
30293	25255
30292	25261
30290	25265
30289	25267
30288	25272
30287	25273
30286	25276
30285	25280
30284	25287
30283	25288
30282	25289
30281	25292
30280	25293
30279	25297
30278	25301
30277	25302
30276	25308
30275	25310
30274	25311
30273	25322
30271	25323
30270	25327
30269	25331
30268	25334
30267	25335
30266	25337
30265	25341
30264	25344
30263	25347
30262	25351
30261	25355
30259	25361
30258	25362
30257	25369
30255	25372
30254	25374
30253	25379
30252	25380
30250	25385
30249	25387
30248	25393
30247	25394
30246	25398
30245	25402
30243	25403
30242	25407
30241	25412
30240	25414
30239	25416
30238	25422
30237	25427
30234	25432
30233	25436
30232	25437
30231	25438
30230	25446
30229	25448
30227	25450
30226	25454
30225	25459
30223	25462
30221	25468
30220	25473
30219	25474
30218	25475
30217	25478
30216	25482
30214	25488
30213	25489
30212	25493
30211	25500
30208	25505
30207	25506
30206	25507
30205	25513
30204	25514
30203	25517
30202	25521
30201	25522
30200	25525
30199	25527
30198	25534
30197	25535
30196	25539
30195	25541
30194	25542
30193	25544
30192	25549
30191	25554
30189	25557
30188	25558
30187	25560
30186	25562
30185	25569
30184	25572
30183	25574
30182	25576
30181	25579
30180	25580
30179	25582
30178	25585
30177	25587
30176	25590
30175	25593
30174	25596
30173	25598
30172	25600
30171	25604
30170	25607
30169	25608
30168	25609
30167	25617
30166	25618
30164	25626
30163	25628
30161	25634
30160	25635
30158	25638
30157	25640
30156	25644
30155	25648
30154	25649
30153	25650
30152	25653
30151	25657
30150	25658
30149	25661
30148	25663
30147	25667
30146	25672
30144	25676
30142	25681
30140	25685
30139	25689
30137	25692
30136	25695
30135	25699
30133	25702
30132	25705
30131	25707
30130	25710
30129	25716
30126	25719
30125	25724
30124	25725
30123	25733
30120	25735
30119	25741
30116	25747
30115	25749
30113	25754
30111	25757
30110	25760
30109	25762
30108	25764
30107	25767
30106	25771
30104	25774
30103	25776
30102	25780
30101	25783
30100	25785
30099	25790
30097	25795
30095	25796
30094	25798
30093	25802
30092	25805
30091	25811
30089	25813
30088	25814
30087	25820
30085	25821
30084	25823
30083	25824
30082	25828
30081	25831
30080	25833
30079	25836
30078	25837
30077	25841
30076	25842
30075	25846
30074	25848
30073	25851
30072	25852
30071	25855
30070	25857
30069	25859
30068	25862
30067	25864
30066	25866
30065	25870
30064	25874
30062	25875
30061	25879
30060	25880
30059	25885
30056	25892
30055	25893
30054	25897
30053	25900
30051	25905
30049	25907
30047	25908
30046	25914
30045	25918
30044	25919
30043	25921
30042	25923
30041	25925
30040	25926
30039	25930
30038	25932
30037	25933
30036	25937
30035	25941
30033	25944
30032	25947
30031	25948
30030	25956
30027	25958
30025	25963
30024	25964
30023	25966
30022	25970
30021	25971
30019	25977
30017	25980
30016	25982
30015	25983
30014	25986
30013	25988
30012	25996
30009	25998
30007	26003
30005	26007
30004	26008
30003	26010
30002	26012
30001	26015
30000	26017
29999	26018
29998	26021
29997	26027
29994	26031
29993	26033
29992	26036
29990	26039
29989	26043
29988	26044
29987	26046
29986	26049
29985	26050
29984	26055
29982	26058
29981	26061
29980	26062
29979	26063
29978	26065
29977	26070
29976	26071
29975	26072
29974	26075
29973	26080
29971	26082
29970	26083
29969	26088
29968	26091
29966	26093
29964	26095
29963	26098
29962	26100
29961	26101
29960	26106
29959	26110
29957	26112
29956	26114
29955	26116
29954	26118
29953	26121
29952	26122
29951	26127
29949	26131
29947	26134
29945	26136
29944	26139
29943	26143
29941	26145
29940	26148
29938	26150
29937	26154
29936	26157
29934	26161
29933	26163
29931	26167
29930	26169
29928	26175
29926	26177
29925	26179
29924	26180
29923	26183
29922	26187
29920	26189
29919	26191
29918	26194
29916	26197
29915	26200
29914	26201
29913	26204
29912	26205
29911	26211
29910	26212
29908	26213
29907	26218
29905	26220
29904	26221
29903	26224
29901	26230
29899	26235
29897	26236
29896	26242
29894	26243
29893	26247
29892	26248
29891	26250
29890	26251
29889	26256
29888	26258
29886	26260
29885	26263
29883	26266
29882	26270
29880	26272
29879	26275
29878	26276
29877	26279
29876	26282
29874	26285
29873	26286
29872	26289
29871	26291
29869	26296
29867	26299
29866	26300
29864	26306
29862	26309
29861	26312
29860	26314
29858	26318
29857	26320
29856	26322
29854	26326
29852	26328
29851	26332
29850	26334
29849	26335
29848	26337
29847	26338
29846	26341
29845	26344
29844	26347
29843	26349
29841	26355
29838	26356
29837	26359
29836	26360
29835	26362
29834	26364
29833	26367
29832	26369
29831	26372
29829	26373
29828	26377
29827	26379
29826	26381
29825	26383
29824	26385
29823	26389
29821	26391
29820	26395
29818	26398
29817	26400
29816	26404
29815	26405
29812	26406
29811	26410
29810	26412
29808	26414
29807	26417
29806	26418
29805	26420
29804	26423
29803	26424
29802	26426
29801	26429
29799	26432
29798	26436
29796	26440
29794	26443
29793	26444
29792	26446
29791	26448
29790	26452
29788	26453
29787	26461
29784	26464
29782	26465
29781	26470
29779	26472
29777	26475
29776	26476
29774	26481
29773	26482
29772	26484
29771	26489
29768	26491
29767	26494
29766	26495
29765	26496
29764	26498
29763	26501
29762	26505
29760	26506
29759	26508
29758	26512
29756	26513
29755	26516
29754	26518
29752	26521
29751	26525
29749	26526
29748	26532
29746	26535
29745	26536
29743	26541
29740	26543
29739	26545
29738	26547
29737	26550
29735	26555
29733	26557
29732	26558
29731	26561
29730	26563
29728	26565
29727	26569
29726	26571
29725	26572
29724	26575
29721	26578
29720	26580
29718	26582
29717	26586
29716	26588
29715	26591
29713	26593
29712	26595
29711	26597
29709	26599
29708	26602
29707	26603
29706	26605
29705	26607
29704	26608
29703	26610
29702	26612
29701	26613
29699	26618
29697	26621
29695	26624
29694	26627
29693	26628
29691	26634
29688	26639
29686	26641
29684	26642
29683	26645
29681	26648
29680	26651
29679	26653
29677	26654
29676	26656
29675	26658
29674	26659
29673	26661
29672	26666
29671	26667
29669	26668
29668	26671
29667	26673
29666	26674
29665	26675
29664	26676
29663	26678
29662	26681
29661	26682
29660	26683
29659	26686
29658	26687
29656	26689
29655	26691
29654	26694
29653	26696
29650	26700
29649	26704
29647	26707
29646	26708
29645	26710
29643	26712
29642	26714
29640	26717
29638	26723
29636	26724
29634	26728
29633	26729
29632	26732
29631	26734
29629	26736
29628	26737
29627	26739
29626	26742
29624	26744
29623	26746
29622	26747
29621	26748
29620	26750
29619	26753
29618	26758
29613	26762
29611	26765
29610	26767
29608	26769
29607	26772
29606	26774
29605	26776
29604	26779
29600	26783
29599	26784
29598	26786
29596	26789
29595	26790
29594	26791
29593	26793
29592	26794
29591	26799
29589	26800
29588	26802
29587	26805
29584	26808
29583	26809
29582	26813
29581	26815
29579	26816
29578	26818
29577	26821
29575	26822
29574	26826
29572	26828
29571	26829
29570	26830
29569	26834
29567	26835
29566	26837
29564	26839
29563	26841
29562	26846
29560	26847
29559	26851
29556	26852
29555	26854
29554	26855
29553	26858
29551	26861
29550	26862
29549	26864
29548	26866
29547	26867
29546	26868
29545	26869
29544	26870
29543	26872
29542	26878
29539	26879
29538	26880
29537	26883
29535	26885
29533	26888
29532	26890
29531	26891
29530	26893
29528	26897
29527	26901
29524	26903
29523	26904
29521	26909
29518	26910
29517	26914
29516	26917
29515	26920
29511	26922
29510	26924
29509	26926
29508	26927
29506	26929
29505	26931
29504	26932
29502	26937
29500	26939
29499	26940
29497	26942
29496	26945
29495	26949
29493	26950
29492	26951
29491	26953
29490	26954
29488	26958
29486	26962
29483	26964
29482	26967
29480	26969
29479	26971
29478	26973
29476	26976
29474	26979
29472	26981
29470	26986
29468	26987
29467	26988
29466	26989
29465	26990
29464	26993
29462	26998
29459	27000
29458	27003
29457	27004
29455	27005
29454	27008
29453	27010
29452	27013
29451	27014
29448	27016
29447	27018
29445	27020
29444	27024
29442	27026
29440	27027
29439	27029
29438	27031
29437	27035
29434	27037
29433	27038
29432	27039
29431	27040
29430	27042
29429	27044
29428	27048
29425	27049
29424	27054
29422	27056
29419	27058
29418	27060
29417	27064
29414	27068
29411	27070
29409	27073
29408	27076
29406	27080
29403	27082
29402	27084
29401	27085
29400	27087
29399	27088
29398	27089
29397	27091
29396	27092
29395	27096
29393	27097
29392	27099
29391	27102
29389	27103
29387	27106
29386	27107
29385	27108
29383	27109
29382	27111
29381	27115
29379	27117
29377	27118
29376	27124
29374	27127
29373	27130
29369	27131
29368	27133
29367	27134
29366	27135
29365	27136
29364	27138
29363	27140
29361	27142
29360	27145
29358	27146
29357	27148
29356	27150
29355	27152
29352	27154
29351	27155
29350	27158
29349	27159
29348	27160
29347	27162
29346	27165
29344	27167
29341	27169
29340	27171
29339	27173
29338	27174
29337	27176
29336	27179
29333	27182
29331	27184
29330	27186
29329	27188
29327	27189
29326	27190
29325	27192
29324	27193
29323	27195
29322	27196
29321	27199
29320	27202
29319	27203
29316	27204
29315	27208
29313	27209
29312	27213
29310	27214
29309	27216
29306	27217
29305	27220
29304	27221
29303	27224
29302	27226
29300	27227
29299	27230
29297	27232
29295	27234
29294	27235
29293	27236
29292	27237
29291	27240
29290	27241
29288	27242
29287	27245
29286	27248
29284	27249
29283	27251
29282	27253
29281	27254
29279	27255
29278	27256
29277	27257
29276	27259
29275	27260
29274	27263
29272	27264
29271	27266
29270	27267
29269	27269
29268	27270
29267	27271
29266	27273
29265	27274
29264	27275
29263	27278
29262	27279
29260	27280
29259	27282
29258	27283
29257	27285
29255	27287
29254	27288
29253	27291
29251	27294
29249	27296
29248	27297
29246	27300
29245	27301
29243	27304
29241	27305
29240	27308
29238	27309
29236	27312
29235	27313
29234	27315
29233	27317
29231	27319
29230	27321
29229	27322
29228	27324
29227	27325
29226	27326
29225	27327
29224	27328
29223	27330
29222	27331
29221	27332
29220	27336
29217	27338
29216	27339
29215	27341
29213	27343
29212	27344
29210	27348
29208	27349
29207	27350
29206	27352
29205	27353
29204	27355
29203	27357
29201	27358
29200	27361
29198	27362
29197	27363
29196	27364
29195	27366
29194	27368
29193	27369
29192	27370
29190	27374
29189	27376
29187	27377
29186	27378
29185	27380
29183	27383
29181	27385
29180	27387
29178	27391
29175	27394
29173	27395
29172	27397
29171	27398
29170	27399
29169	27400
29168	27402
29167	27403
29166	27405
29164	27406
29163	27407
29162	27409
29161	27411
29159	27412
29158	27415
29156	27417
29155	27418
29154	27420
29153	27421
29151	27424
29150	27426
29148	27428
29147	27429
29145	27430
29144	27432
29143	27434
29142	27437
29139	27438
29138	27440
29137	27443
29134	27448
29130	27450
29129	27452
29128	27453
29126	27455
29125	27458
29123	27460
29121	27463
29120	27464
29118	27466
29117	27467
29116	27468
29115	27469
29114	27471
29113	27472
29111	27474
29110	27476
29109	27478
29108	27479
29107	27481
29105	27482
29104	27484
29103	27485
29101	27487
29100	27488
29099	27489
29098	27491
29097	27493
29096	27495
29095	27496
29092	27499
29091	27500
29090	27502
29088	27503
29087	27505
29086	27506
29085	27509
29083	27510
29082	27511
29081	27512
29080	27513
29079	27516
29078	27517
29076	27518
29075	27519
29074	27520
29073	27522
29072	27525
29070	27526
29069	27528
29067	27529
29066	27531
29065	27532
29064	27534
29063	27535
29062	27536
29061	27537
29060	27539
29059	27541
29057	27543
29056	27544
29055	27546
29054	27547
29052	27548
29051	27549
29050	27551
29049	27554
29047	27555
29046	27556
29045	27558
29044	27559
29042	27561
29041	27562
29040	27563
29039	27565
29038	27567
29037	27568
29036	27570
29034	27571
29032	27574
29030	27577
29028	27578
29027	27579
29026	27580
29025	27583
29024	27584
29022	27586
29021	27587
29020	27588
29019	27589
29018	27592
29017	27593
29015	27595
29014	27596
29013	27597
29012	27599
29011	27600
29010	27602
29009	27603
29006	27606
29005	27607
29004	27609
29003	27610
29001	27612
29000	27613
28999	27615
28997	27616
28996	27617
28995	27619
28993	27622
28992	27623
28991	27624
28990	27625
28989	27627
28988	27628
28987	27629
28986	27630
28985	27632
28984	27633
28982	27635
28981	27636
28980	27638
28979	27639
28978	27641
28977	27642
28976	27643
28975	27645
28973	27647
28972	27648
28970	27651
28968	27652
28967	27654
28966	27655
28965	27656
28964	27657
28963	27659
28962	27660
28960	27663
28959	27664
28957	27667
28956	27668
28955	27670
28952	27672
28950	27675
28948	27677
28947	27680
28944	27681
28943	27685
28940	27686
28938	27688
28937	27691
28936	27693
28935	27695
28932	27697
28931	27699
28929	27701
28927	27703
28925	27706
28924	27708
28922	27709
28921	27711
28919	27712
28918	27713
28916	27716
28915	27717
28913	27718
28912	27720
28910	27723
28909	27724
28908	27726
28906	27727
28905	27729
28904	27730
28903	27731
28902	27732
28901	27733
28900	27734
28899	27735
28898	27737
28897	27738
28896	27739
28895	27740
28894	27742
28893	27743
28892	27745
28890	27747
28889	27749
28888	27750
28886	27752
28884	27754
28882	27756
28881	27758
28879	27760
28878	27762
28876	27764
28875	27766
28873	27767
28872	27769
28871	27770
28870	27771
28868	27774
28865	27778
28862	27782
28859	27784
28857	27786
28856	27787
28855	27788
28854	27789
28853	27791
28851	27793
28850	27794
28849	27795
28848	27797
28847	27798
28846	27800
28844	27801
28843	27802
28841	27806
28838	27807
28837	27809
28836	27811
28834	27814
28832	27815
28831	27816
28830	27819
28828	27820
28826	27821
28825	27824
28824	27825
28822	27827
28821	27828
28820	27829
28819	27830
28818	27831
28816	27834
28815	27835
28814	27837
28811	27841
28810	27842
28808	27843
28807	27844
28806	27845
28805	27846
28804	27848
28802	27849
28801	27850
28800	27851
28799	27853
28798	27855
28797	27857
28794	27859
28793	27860
28791	27862
28790	27863
28789	27866
28786	27867
28785	27868
28784	27870
28782	27872
28781	27873
28779	27876
28778	27877
28776	27879
28774	27880
28773	27884
28771	27886
28770	27887
28768	27888
28767	27890
28765	27892
28764	27894
28762	27896
28759	27898
28757	27900
28756	27901
28755	27903
28754	27904
28753	27906
28752	27907
28749	27909
28748	27910
28747	27911
28746	27913
28744	27916
28742	27918
28741	27919
28739	27921
28737	27923
28735	27927
28732	27930
28731	27931
28728	27934
28725	27935
28724	27936
28723	27938
28722	27939
28720	27943
28718	27944
28716	27945
28715	27947
28714	27948
28713	27949
28711	27951
28709	27952
28708	27955
28706	27957
28705	27960
28702	27962
28699	27965
28697	27967
28695	27969
28694	27970
28693	27974
28689	27975
28687	27978
28685	27979
28684	27982
28681	27984
28679	27987
28677	27989
28674	27990
28673	27992
28671	27993
28670	27996
28669	27999
28665	28001
28664	28002
28662	28004
28660	28005
28659	28007
28658	28010
28657	28011
28654	28012
28653	28015
28650	28017
28649	28018
28648	28020
28646	28021
28645	28022
28644	28024
28641	28028
28639	28029
28637	28030
28634	28032
28633	28035
28631	28036
28630	28040
28627	28041
28625	28044
28623	28046
28620	28047
28619	28048
28618	28050
28617	28051
28614	28054
28613	28055
28612	28057
28610	28060
28607	28061
28606	28063
28604	28065
28602	28067
28601	28068
28599	28069
28598	28070
28597	28072
28595	28075
28593	28076
28592	28079
28589	28080
28588	28081
28587	28082
28585	28084
28582	28089
28579	28090
28578	28093
28576	28094
28575	28095
28574	28099
28569	28100
28568	28101
28566	28102
28565	28104
28564	28105
28563	28107
28562	28108
28560	28111
28557	28113
28554	28116
28553	28119
28548	28122
28546	28125
28543	28127
28540	28130
28538	28131
28537	28132
28534	28135
28532	28138
28531	28140
28528	28142
28525	28146
28522	28147
28521	28151
28519	28153
28515	28154
28513	28157
28510	28159
28509	28161
28506	28163
28505	28164
28503	28166
28500	28167
28498	28171
28496	28173
28494	28175
28491	28178
28489	28179
28487	28180
28486	28182
28484	28183
28482	28185
28480	28188
28478	28190
28476	28193
28474	28196
28470	28197
28469	28198
28468	28199
28466	28203
28462	28205
28459	28206
28458	28209
28457	28210
28455	28212
28453	28213
28451	28215
28450	28218
28446	28219
28445	28223
28441	28224
28440	28229
28434	28231
28432	28234
28429	28236
28428	28237
28426	28238
28425	28240
28423	28242
28421	28246
28417	28247
28415	28248
28413	28250
28412	28252
28411	28253
28409	28255
28407	28257
28406	28258
28405	28260
28401	28262
28399	28263
28397	28265
28396	28266
28394	28268
28392	28271
28388	28273
28385	28275
28384	28276
28383	28279
28380	28280
28379	28281
28378	28282
28377	28283
28375	28285
28374	28286
28372	28288
28370	28289
28369	28292
28368	28293
28365	28295
28364	28296
28360	28298
28359	28299
28358	28301
28356	28303
28353	28304
28352	28309
28347	28310
28345	28312
28342	28313
28341	28315
28340	28317
28337	28319
28334	28322
28332	28325
28331	28326
28329	28327
28327	28329
28325	28330
28323	28332
28321	28333
28320	28335
28317	28336
28316	28339
28314	28340
28312	28341
28310	28342
28309	28343
28308	28346
28305	28347
28304	28348
28303	28350
28300	28352
28299	28354
28295	28355
28294	28356
28293	28358
28292	28359
28290	28360
28289	28361
28287	28366
28283	28367
28282	28368
28279	28371
28278	28375
28272	28376
28271	28379
28269	28380
28267	28381
28265	28382
28261	28385
28260	28386
28259	28387
28258	28392
28252	28393
28251	28394
28250	28398
28245	28400
28241	28403
28238	28404
28237	28405
28235	28408
28233	28409
28232	28410
28230	28411
28229	28412
28227	28414
28226	28416
28224	28417
28221	28420
28219	28421
28218	28422
28217	28423
28216	28424
28215	28425
28214	28426
28212	28427
28209	28430
28206	28432
28205	28433
28204	28434
28203	28435
28201	28436
28200	28437
28198	28438
28196	28442
28192	28443
28190	28446
28189	28448
28187	28449
28184	28451
28183	28452
28181	28453
28180	28454
28178	28455
28177	28456
28175	28458
28174	28459
28172	28461
28169	28462
28168	28464
28166	28465
28165	28466
28163	28468
28162	28469
28160	28471
28157	28474
28154	28476
28152	28478
28151	28479
28148	28480
28147	28482
28145	28483
28143	28486
28140	28487
28138	28489
28136	28490
28135	28491
28134	28492
28132	28497
28126	28499
28124	28500
28122	28501
28121	28502
28120	28503
28119	28505
28116	28506
28114	28508
28113	28509
28111	28511
28109	28514
28107	28515
28105	28516
28104	28517
28102	28520
28098	28523
28096	28525
28092	28527
28090	28528
28087	28530
28086	28531
28083	28533
28082	28534
28081	28536
28078	28537
28077	28539
28075	28541
28073	28543
28070	28544
28069	28545
28068	28548
28063	28549
28062	28550
28061	28553
28059	28554
28056	28555
28055	28558
28051	28560
28048	28561
28047	28564
28045	28566
28042	28568
28040	28570
28036	28571
28034	28573
28033	28574
28031	28575
28029	28577
28027	28579
28025	28581
28023	28582
28022	28583
28020	28585
28017	28588
28014	28590
28010	28592
28009	28593
28007	28595
28005	28596
28003	28598
28001	28601
27998	28603
27996	28604
27994	28605
27990	28607
27989	28611
27985	28613
27982	28614
27980	28615
27979	28616
27978	28617
27976	28620
27974	28621
27972	28623
27968	28624
27967	28625
27966	28627
27964	28628
27962	28630
27961	28632
27960	28633
27956	28635
27955	28636
27952	28639
27951	28640
27948	28642
27945	28643
27944	28644
27943	28645
27940	28646
27939	28648
27937	28649
27936	28650
27935	28651
27934	28653
27930	28655
27928	28658
27923	28660
27921	28663
27918	28665
27916	28667
27913	28668
27912	28670
27909	28673
27906	28675
27904	28676
27900	28678
27898	28679
27897	28681
27894	28682
27893	28684
27891	28685
27890	28688
27886	28689
27885	28690
27884	28691
27881	28692
27879	28695
27875	28698
27872	28700
27868	28703
27866	28704
27865	28705
27862	28708
27859	28711
27858	28712
27854	28713
27851	28716
27849	28717
27846	28718
27845	28720
27844	28722
27840	28724
27838	28726
27836	28727
27833	28728
27831	28732
27829	28733
27825	28734
27824	28735
27822	28737
27820	28738
27819	28739
27818	28740
27816	28741
27815	28742
27814	28743
27813	28744
27812	28746
27809	28747
27808	28748
27806	28749
27804	28750
27802	28751
27801	28752
27799	28754
27798	28755
27795	28756
27794	28757
27793	28758
27792	28759
27791	28761
27788	28762
27786	28763
27785	28764
27783	28767
27781	28768
27779	28769
27777	28771
27774	28772
27773	28773
27772	28774
27770	28775
27769	28779
27765	28782
27760	28783
27758	28787
27756	28788
27752	28789
27750	28790
27749	28792
27748	28793
27744	28794
27743	28795
27742	28796
27740	28797
27739	28798
27737	28800
27735	28801
27733	28802
27732	28803
27731	28805
27729	28808
27727	28809
27722	28811
27719	28814
27715	28816
27712	28818
27711	28819
27709	28820
27708	28821
27707	28823
27706	28824
27703	28825
27700	28826
27699	28828
27696	28829
27695	28830
27694	28832
27690	28835
27686	28837
27684	28840
27680	28843
27678	28844
27675	28847
27671	28849
27667	28852
27662	28854
27661	28856
27658	28858
27655	28859
27653	28860
27651	28863
27648	28865
27646	28866
27645	28867
27643	28868
27640	28869
27639	28871
27637	28872
27633	28875
27631	28877
27629	28878
27626	28879
27625	28880
27623	28883
27618	28885
27617	28886
27616	28889
27611	28890
27609	28892
27608	28893
27606	28894
27603	28896
27602	28897
27600	28898
27599	28899
27598	28900
27596	28901
27594	28902
27591	28905
27589	28906
27588	28908
27586	28909
27584	28911
27578	28915
27573	28917
27572	28919
27569	28920
27567	28921
27565	28923
27563	28925
27561	28927
27556	28930
27553	28932
27548	28934
27546	28935
27545	28936
27542	28939
27538	28941
27534	28943
27533	28944
27531	28946
27529	28947
27528	28948
27527	28949
27525	28951
27521	28952
27520	28953
27519	28956
27515	28957
27512	28960
27507	28963
27503	28965
27500	28969
27497	28970
27496	28972
27491	28974
27488	28975
27485	28976
27484	28977
27483	28978
27482	28979
27481	28980
27480	28981
27478	28982
27477	28984
27470	28987
27468	28988
27466	28989
27465	28992
27461	28993
27459	28996
27454	28997
27453	28999
27451	29000
27450	29002
27444	29004
27441	29006
27440	29007
27436	29008
27435	29010
27434	29011
27431	29012
27430	29013
27427	29014
27426	29015
27425	29016
27423	29017
27421	29019
27419	29020
27418	29022
27415	29024
27411	29025
27410	29026
27408	29027
27406	29028
27404	29031
27399	29033
27395	29034
27394	29036
27393	29037
27390	29038
27389	29039
27388	29040
27386	29042
27384	29043
27382	29045
27378	29046
27376	29047
27375	29049
27373	29050
27370	29052
27367	29053
27365	29056
27361	29058
27357	29060
27355	29062
27351	29064
27349	29065
27346	29068
27342	29069
27341	29071
27338	29072
27337	29073
27333	29075
27330	29076
27328	29078
27326	29079
27325	29080
27324	29081
27321	29082
27318	29084
27316	29085
27314	29086
27313	29089
27308	29090
27306	29091
27305	29093
27303	29095
27298	29096
27296	29099
27292	29103
27284	29105
27283	29106
27281	29107
27278	29108
27277	29109
27276	29110
27274	29112
27271	29113
27270	29114
27268	29115
27265	29117
27262	29119
27261	29120
27259	29122
27254	29123
27253	29124
27252	29125
27249	29126
27248	29127
27247	29128
27244	29129
27243	29130
27241	29131
27239	29132
27237	29135
27232	29137
27229	29140
27225	29142
27224	29143
27220	29144
27217	29145
27216	29146
27214	29147
27212	29148
27211	29150
27209	29152
27205	29154
27201	29156
27197	29158
27196	29160
27191	29162
27189	29163
27187	29165
27184	29166
27183	29168
27180	29170
27177	29172
27174	29173
27169	29175
27167	29177
27162	29180
27159	29181
27157	29183
27154	29185
27152	29186
27148	29188
27147	29189
27143	29190
27142	29191
27139	29192
27137	29193
27135	29196
27134	29198
27128	29199
27126	29201
27124	29202
27123	29203
27120	29205
27117	29206
27115	29207
27112	29208
27111	29209
27110	29210
27108	29211
27106	29212
27105	29213
27102	29215
27101	29216
27100	29218
27094	29220
27091	29222
27087	29223
27085	29225
27081	29227
27080	29228
27076	29230
27075	29231
27072	29232
27070	29234
27069	29235
27067	29236
27063	29238
27061	29239
27058	29240
27056	29241
27055	29242
27054	29243
27051	29244
27049	29245
27048	29246
27046	29249
27042	29251
27038	29253
27035	29254
27032	29255
27031	29256
27028	29258
27026	29259
27024	29261
27020	29262
27019	29263
27018	29264
27016	29265
27014	29266
27013	29267
27012	29268
27010	29269
27008	29270
27006	29271
27004	29272
27002	29273
27001	29274
26999	29275
26997	29276
26996	29277
26992	29278
26991	29279
26990	29282
26985	29285
26979	29286
26976	29288
26974	29290
26973	29292
26967	29293
26966	29294
26963	29297
26958	29298
26956	29300
26952	29302
26950	29303
26948	29304
26947	29307
26941	29308
26938	29310
26936	29312
26933	29313
26930	29314
26928	29315
26925	29317
26922	29318
26921	29319
26919	29320
26918	29321
26917	29322
26913	29323
26912	29324
26910	29326
26908	29328
26904	29329
26901	29330
26900	29333
26896	29334
26893	29335
26890	29336
26889	29337
26887	29338
26885	29340
26882	29341
26880	29342
26878	29344
26875	29345
26873	29346
26870	29347
26868	29349
26865	29350
26864	29351
26862	29352
26861	29353
26858	29354
26855	29355
26854	29356
26853	29358
26849	29360
26846	29361
26843	29365
26840	29367
26834	29368
26831	29369
26830	29372
26823	29374
26819	29377
26814	29379
26810	29380
26809	29381
26807	29382
26805	29383
26803	29385
26800	29386
26798	29387
26797	29388
26796	29389
26795	29390
26792	29391
26789	29392
26785	29393
26784	29395
26783	29396
26778	29397
26776	29398
26775	29399
26774	29400
26773	29402
26770	29404
26763	29405
26761	29406
26760	29409
26756	29410
26754	29411
26751	29412
26749	29413
26747	29414
26745	29415
26743	29416
26741	29417
26740	29418
26735	29420
26734	29421
26731	29422
26729	29423
26728	29426
26722	29428
26719	29429
26716	29430
26713	29434
26709	29435
26705	29437
26702	29438
26699	29439
26695	29442
26694	29443
26690	29444
26688	29446
26686	29447
26683	29448
26681	29450
26678	29452
26673	29453
26672	29454
26670	29455
26666	29457
26662	29458
26660	29459
26659	29460
26658	29461
26653	29462
26651	29463
26650	29464
26649	29465
26645	29468
26643	29469
26639	29470
26637	29472
26632	29473
26629	29475
26625	29477
26623	29478
26621	29479
26617	29480
26615	29481
26613	29482
26611	29484
26609	29485
26605	29486
26603	29487
26602	29488
26598	29490
26596	29491
26593	29492
26591	29494
26588	29496
26583	29497
26581	29502
26570	29503
26567	29508
26557	29509
26554	29511
26552	29512
26550	29513
26548	29514
26545	29517
26543	29518
26537	29519
26535	29520
26534	29521
26533	29522
26530	29523
26529	29524
26526	29525
26521	29526
26520	29527
26518	29528
26517	29529
26515	29531
26513	29532
26508	29533
26504	29534
26502	29538
26492	29539
26491	29540
26490	29541
26488	29542
26485	29543
26483	29545
26479	29548
26471	29549
26470	29550
26469	29552
26468	29554
26460	29556
26455	29557
26454	29558
26450	29560
26443	29562
26441	29564
26439	29565
26434	29566
26432	29568
26428	29570
26425	29572
26418	29575
26412	29576
26409	29577
26406	29578
26402	29579
26401	29581
26397	29583
26394	29584
26388	29585
26386	29589
26377	29590
26375	29591
26372	29592
26369	29593
26368	29594
26363	29596
26361	29599
26356	29600
26352	29601
26351	29602
26346	29603
26345	29604
26341	29607
26337	29609
26329	29611
26322	29612
26321	29614
26320	29615
26318	29616
26315	29617
26311	29618
26309	29619
26307	29620
26303	29623
26295	29624
26292	29625
26289	29626
26288	29628
26286	29629
26281	29631
26276	29633
26272	29635
26267	29637
26266	29638
26258	29639
26257	29641
26251	29642
26250	29644
26244	29645
26241	29646
26237	29649
26236	29650
26233	29651
26231	29652
26224	29653
26220	29654
26218	29655
26215	29656
26214	29657
26212	29658
26206	29659
26205	29660
26203	29661
26199	29663
26193	29665
26190	29666
26186	29668
26181	29669
26180	29672
26174	29673
26168	29676
26161	29678
26156	29679
26155	29681
26149	29684
26140	29686
26138	29687
26131	29688
26128	29689
26126	29690
26123	29691
26121	29692
26120	29693
26118	29695
26113	29696
26108	29697
26106	29699
26099	29700
26097	29701
26094	29702
26093	29704
26090	29706
26083	29707
26080	29709
26074	29710
26071	29711
26070	29712
26066	29715
26057	29716
26053	29717
26052	29718
26050	29719
26046	29722
26041	29723
26037	29724
26033	29725
26028	29726
26026	29728
26023	29729
26018	29731
26013	29732
26009	29733
26008	29734
26005	29736
25999	29737
25992	29738
25991	29739
25989	29741
25981	29742
25979	29743
25978	29744
25976	29745
25971	29746
25970	29748
25965	29750
25961	29752
25954	29754
25952	29755
25942	29757
25936	29758
25935	29759
25930	29762
25918	29764
25915	29765
25911	29767
25903	29768
25902	29769
25898	29771
25894	29772
25889	29774
25882	29775
25881	29778
25869	29780
25867	29781
25859	29783
25853	29785
25852	29786
25844	29787
25841	29788
25839	29789
25837	29791
25830	29792
25825	29793
25822	29794
25818	29795
25814	29797
25812	29798
25803	29799
25801	29800
25799	29802
25792	29803
25791	29804
25789	29805
25784	29806
25779	29807
25775	29808
25773	29809
25772	29810
25764	29811
25761	29812
25759	29814
25751	29816
25744	29817
25741	29818
25737	29819
25733	29821
25726	29823
25719	29824
25717	29825
25713	29826
25709	29827
25705	29828
25703	29829
25701	29832
25688	29833
25684	29834
25683	29835
25677	29836
25674	29837
25668	29838
25667	29839
25662	29840
25661	29841
25660	29842
25651	29843
25648	29845
25639	29847
25633	29848
25629	29849
25628	29851
25617	29852
25615	29853
25613	29854
25610	29855
25609	29856
25604	29857
25601	29858
25592	29859
25590	29860
25586	29861
25582	29862
25578	29863
25575	29864
25569	29866
25563	29868
25555	29869
25552	29870
25546	29871
25543	29873
25539	29874
25534	29875
25531	29876
25527	29877
25520	29878
25517	29879
25515	29882
25505	29883
25500	29885
25490	29887
25484	29888
25483	29889
25476	29890
25475	29891
25468	29892
25466	29893
25461	29894
25455	29895
25453	29896
25448	29898
25441	29899
25437	29900
25436	29902
25423	29903
25421	29905
25413	29906
25409	29907
25406	29908
25399	29909
25396	29910
25395	29911
25388	29913
25381	29914
25378	29915
25375	29916
25372	29917
25366	29918
25360	29919
25355	29920
25352	29921
25349	29923
25340	29924
25334	29926
25325	29927
25324	29928
25319	29929
25318	29931
25304	29932
25302	29935
25295	29936
25281	29937
25279	29939
25272	29940
25265	29941
25261	29943
25255	29944
25251	29945
25247	29946
25243	29947
25237	29948
25233	29950
25226	29951
25217	29952
25212	29953
25211	29954
25206	29955
25202	29956
25195	29958
25186	29959
25183	29960
25180	29961
25172	29962
25171	29963
25160	29964
25157	29967
25146	29968
25141	29969
25136	29970
25132	29971
25122	29972
25119	29974
25111	29975
25103	29976
25098	29977
25097	29978
25090	29979
25086	29980
25078	29981
25074	29982
25071	29983
25068	29984
25064	29985
25056	29986
25049	29987
25043	29988
25036	29989
25032	29990
25027	29991
25023	29992
25019	29995
25006	29996
24995	29997
24991	29998
24988	29999
24983	30000
24982	30001
24971	30003
24954	30005
24946	30006
24939	30008
24930	30009
24929	30010
24922	30011
24915	30012
24905	30014
24897	30015
24888	30016
24886	30017
24878	30018
24872	30019
24865	30020
24855	30022
24851	30023
24839	30024
24836	30025
24824	30027
24821	30028
24806	30030
24796	30031
24795	30033
24776	30034
24773	30035
24763	30036
24753	30037
24742	30039
24731	30040
24728	30041
24718	30043
24716	30044
24702	30045
24697	30046
24685	30048
24680	30049
24665	30050
24661	30051
24650	30052
24644	30054
24631	30055
24623	30056
24622	30057
24611	30058
24602	30059
24591	30060
24580	30061
24572	30062
24566	30063
24559	30064
24557	30065
24540	30066
24531	30067
24525	30068
24515	30069
24507	30070
24493	30071
24488	30072
24482	30073
24471	30074
24461	30075
24456	30076
24442	30077
24434	30078
24423	30079
24415	30080
24401	30081
24390	30082
24385	30083
24365	30085
24353	30086
24341	30087
24330	30088
24323	30089
24301	30090
24297	30091
24280	30092
24274	30093
24266	30094
24241	30096
24226	30097
24215	30098
24187	30099
24169	30100
24151	30101
24146	30102
24136	30103
24114	30104
24083	30105
24078	30106
24030	30107
24024	30108
24022	30109
23992	30110
23946	30111
23931	30112
23903	30113
23856	30114
23832	30115
23787	30116
23761	30117
23728	30118
23695	30119
23676	30120

