20625	15685
20624	15698
20623	15810
20620	15825
20618	15861
20617	15870
20614	15935
20612	15955
20609	15957
20607	15978
20606	15989
20605	15999
20603	16010
20602	16053
20598	16060
20597	16063
20596	16074
20595	16075
20594	16092
20593	16095
20592	16110
20591	16126
20589	16129
20588	16138
20587	16149
20585	16165
20584	16170
20583	16175
20581	16190
20580	16210
20577	16213
20576	16218
20575	16222
20574	16232
20573	16237
20572	16250
20571	16252
20570	16267
20568	16275
20567	16282
20566	16286
20564	16298
20563	16319
20560	16321
20559	16323
20558	16342
20556	16349
20554	16360
20553	16369
20551	16376
20550	16379
20549	16385
20547	16389
20546	16396
20545	16400
20544	16406
20543	16412
20542	16417
20540	16426
20538	16431
20537	16443
20536	16446
20535	16453
20533	16459
20532	16470
20528	16482
20526	16502
20522	16510
20521	16515
20519	16523
20518	16526
20517	16532
20515	16536
20513	16544
20512	16552
20511	16555
20509	16560
20508	16563
20507	16568
20506	16575
20504	16583
20503	16587
20501	16589
20500	16599
20498	16602
20497	16608
20496	16616
20494	16619
20493	16623
20492	16626
20491	16636
20490	16641
20489	16648
20486	16655
20484	16659
20483	16668
20481	16670
20480	16672
20479	16680
20478	16692
20474	16701
20473	16707
20471	16708
20470	16712
20469	16719
20468	16722
20466	16731
20465	16732
20464	16734
20463	16740
20461	16745
20460	16751
20459	16753
20458	16756
20457	16767
20454	16770
20453	16773
20452	16776
20451	16777
20450	16787
20449	16788
20448	16797
20446	16800
20445	16803
20443	16805
20442	16818
20439	16822
20438	16825
20437	16829
20435	16836
20434	16841
20433	16847
20431	16858
20428	16859
20427	16864
20426	16865
20425	16871
20423	16875
20422	16878
20421	16880
20420	16887
20419	16891
20417	16895
20416	16901
20415	16904
20414	16912
20411	16913
20410	16920
20409	16921
20408	16930
20406	16932
20404	16936
20403	16940
20402	16942
20401	16951
20400	16952
20399	16954
20398	16960
20397	16962
20396	16964
20395	16967
20394	16971
20393	16976
20392	16978
20391	16984
20389	16992
20387	16999
20384	17000
20383	17012
20382	17014
20380	17015
20379	17018
20378	17026
20377	17027
20376	17030
20375	17031
20374	17039
20372	17045
20371	17047
20369	17052
20368	17054
20367	17055
20366	17061
20365	17066
20364	17068
20362	17076
20360	17082
20358	17083
20357	17088
20356	17091
20355	17093
20354	17097
20353	17104
20350	17107
20349	17114
20347	17118
20346	17122
20344	17126
20343	17133
20342	17134
20341	17138
20340	17139
20339	17144
20337	17148
20336	17153
20335	17154
20334	17157
20333	17161
20332	17169
20330	17170
20328	17172
20327	17181
20325	17186
20324	17188
20323	17197
20319	17201
20318	17208
20317	17210
20315	17216
20314	17220
20313	17224
20312	17226
20311	17229
20310	17231
20309	17235
20307	17237
20306	17242
20305	17247
20304	17249
20303	17251
20302	17254
20300	17257
20299	17259
20298	17263
20297	17265
20296	17268
20295	17275
20294	17276
20293	17283
20290	17287
20289	17292
20288	17295
20286	17302
20283	17308
20281	17315
20279	17317
20278	17321
20277	17322
20276	17328
20275	17330
20274	17332
20273	17340
20271	17344
20270	17346
20269	17349
20267	17355
20265	17358
20264	17359
20263	17361
20262	17366
20261	17368
20260	17373
20259	17376
20258	17381
20257	17385
20255	17395
20251	17397
20249	17403
20248	17407
20247	17409
20246	17412
20245	17413
20244	17421
20243	17422
20240	17424
20239	17427
20237	17434
20236	17436
20235	17441
20234	17448
20231	17451
20230	17461
20226	17464
20224	17470
20223	17472
20222	17475
20221	17482
20220	17485
20217	17488
20216	17489
20215	17495
20214	17497
20212	17499
20211	17502
20210	17507
20209	17510
20208	17511
20207	17516
20206	17520
20204	17527
20201	17530
20199	17536
20197	17537
20196	17541
20195	17547
20193	17549
20192	17552
20191	17562
20188	17563
20186	17568
20185	17570
20184	17575
20183	17580
20180	17581
20179	17589
20177	17590
20175	17595
20173	17598
20172	17599
20171	17603
20170	17605
20169	17609
20168	17614
20165	17616
20164	17621
20162	17628
20160	17630
20159	17631
20158	17636
20157	17637
20156	17638
20155	17644
20154	17645
20153	17650
20152	17659
20149	17661
20146	17665
20145	17667
20144	17669
20143	17674
20142	17675
20141	17679
20140	17686
20136	17687
20135	17695
20133	17699
20132	17702
20130	17705
20129	17709
20127	17711
20125	17716
20123	17720
20122	17724
20120	17726
20119	17727
20118	17734
20116	17736
20114	17739
20113	17747
20110	17751
20108	17754
20106	17760
20104	17763
20103	17768
20102	17769
20101	17772
20098	17777
20097	17783
20095	17784
20093	17787
20092	17789
20091	17792
20089	17795
20088	17797
20087	17805
20086	17808
20084	17812
20082	17814
20080	17818
20079	17826
20077	17831
20071	17842
20067	17847
20065	17853
20061	17857
20060	17862
20057	17864
20056	17870
20053	17872
20052	17873
20051	17875
20049	17878
20048	17885
20045	17886
20044	17894
20043	17896
20041	17900
20039	17904
20036	17913
20033	17915
20031	17922
20027	17926
20026	17930
20024	17931
20023	17935
20021	17938
20020	17941
20018	17954
20010	17958
20009	17960
20008	17961
20006	17966
20005	17969
20004	17970
20003	17972
20002	17978
20000	17982
19997	17985
19995	17986
19994	17990
19993	17993
19991	17996
19990	17997
19989	17998
19987	18001
19986	18004
19985	18005
19984	18007
19983	18009
19981	18014
19980	18019
19976	18027
19972	18031
19971	18033
19970	18034
19969	18043
19963	18051
19961	18055
19958	18056
19957	18061
19955	18065
19953	18066
19951	18071
19949	18072
19948	18073
19947	18077
19945	18078
19944	18079
19943	18080
19942	18083
19941	18086
19940	18089
19938	18096
19937	18105
19931	18110
19927	18112
19925	18116
19924	18119
19923	18124
19920	18125
19917	18129
19916	18134
19915	18135
19914	18136
19912	18138
19910	18141
19909	18142
19908	18146
19907	18150
19905	18152
19904	18154
19903	18161
19899	18163
19898	18164
19896	18165
19895	18167
19893	18176
19892	18179
19887	18182
19886	18185
19885	18188
19883	18192
19879	18196
19878	18202
19875	18204
19874	18209
19872	18210
19870	18213
19869	18221
19866	18227
19860	18232
19856	18236
19852	18245
19848	18247
19847	18250
19846	18254
19845	18256
19842	18259
19841	18264
19838	18265
19837	18266
19836	18272
19833	18273
19832	18278
19831	18279
19830	18282
19827	18283
19826	18288
19824	18291
19823	18292
19822	18297
19819	18299
19818	18304
19815	18307
19812	18308
19811	18312
19810	18313
19808	18315
19807	18323
19801	18326
19799	18327
19798	18334
19795	18341
19791	18343
19789	18349
19785	18353
19783	18356
19782	18357
19780	18360
19778	18365
19776	18374
19772	18375
19769	18380
19767	18382
19765	18383
19764	18390
19762	18391
19760	18393
19758	18396
19757	18399
19754	18405
19753	18406
19749	18407
19748	18412
19747	18417
19742	18419
19741	18421
19740	18427
19735	18429
19734	18432
19733	18434
19732	18436
19731	18437
19730	18438
19729	18440
19728	18443
19726	18444
19725	18445
19724	18452
19721	18455
19720	18456
19718	18459
19715	18462
19714	18465
19712	18470
19710	18474
19706	18475
19704	18477
19703	18479
19702	18481
19701	18488
19696	18490
19695	18493
19691	18504
19685	18507
19682	18513
19679	18515
19678	18519
19676	18522
19674	18525
19671	18526
19670	18528
19669	18531
19667	18532
19666	18535
19664	18539
19661	18545
19659	18547
19655	18551
19654	18552
19653	18554
19652	18557
19649	18562
19647	18564
19644	18566
19642	18569
19640	18572
19637	18578
19635	18582
19630	18584
19629	18590
19628	18594
19624	18596
19623	18597
19621	18598
19620	18599
19619	18602
19616	18606
19613	18610
19612	18611
19611	18612
19610	18614
19609	18616
19607	18621
19605	18624
19602	18627
19601	18632
19597	18636
19596	18637
19594	18638
19590	18642
19588	18647
19587	18649
19582	18657
19579	18659
19577	18669
19569	18674
19566	18676
19562	18681
19560	18684
19558	18686
19555	18692
19551	18695
19547	18698
19545	18699
19544	18701
19543	18702
19542	18705
19540	18708
19539	18712
19537	18714
19535	18722
19527	18726
19525	18728
19522	18732
19521	18735
19517	18741
19513	18748
19508	18756
19501	18757
19499	18762
19496	18764
19495	18765
19493	18767
19491	18768
19489	18772
19487	18774
19485	18784
19480	18785
19477	18786
19476	18787
19475	18788
19473	18793
19470	18794
19469	18796
19468	18797
19467	18799
19465	18804
19463	18808
19458	18812
19456	18815
19451	18818
19448	18821
19447	18822
19444	18829
19440	18830
19438	18832
19437	18835
19436	18840
19433	18842
19429	18847
19427	18852
19426	18854
19420	18857
19416	18861
19415	18862
19413	18868
19409	18869
19408	18871
19402	18875
19399	18878
19398	18881
19395	18886
19392	18889
19389	18891
19387	18892
19386	18896
19384	18897
19381	18899
19380	18901
19379	18904
19376	18905
19374	18909
19370	18916
19363	18918
19362	18925
19357	18927
19353	18933
19348	18936
19346	18937
19345	18938
19343	18941
19342	18944
19339	18945
19338	18946
19337	18947
19336	18950
19335	18951
19332	18952
19331	18953
19330	18955
19329	18956
19328	18957
19327	18958
19324	18959
19323	18963
19322	18965
19319	18969
19317	18973
19312	18976
19310	18977
19308	18978
19306	18981
19305	18983
19303	18988
19301	18993
19296	18994
19293	18996
19290	18997
19289	19004
19282	19007
19280	19009
19278	19012
19275	19014
19274	19015
19273	19017
19271	19018
19267	19022
19266	19027
19260	19029
19259	19035
19254	19037
19251	19038
19250	19044
19248	19045
19243	19050
19238	19052
19235	19054
19234	19055
19233	19057
19232	19058
19231	19059
19230	19061
19229	19063
19227	19066
19226	19068
19224	19071
19218	19076
19214	19077
19211	19079
19210	19081
19209	19087
19204	19089
19203	19090
19198	19094
19197	19095
19196	19096
19195	19097
19194	19098
19192	19102
19189	19104
19186	19107
19185	19108
19183	19110
19181	19111
19179	19112
19178	19115
19177	19116
19175	19117
19174	19120
19172	19122
19168	19123
19167	19124
19165	19126
19164	19129
19160	19130
19159	19132
19158	19139
19153	19140
19152	19141
19149	19142
19148	19147
19144	19148
19143	19153
19139	19154
19137	19155
19136	19157
19134	19161
19130	19162
19128	19165
19127	19167
19124	19168
19122	19171
19120	19174
19116	19175
19114	19182
19108	19185
19106	19187
19102	19190
19101	19191
19098	19193
19097	19195
19095	19199
19091	19202
19088	19203
19087	19205
19085	19208
19083	19210
19079	19212
19076	19215
19075	19217
19071	19218
19070	19221
19066	19225
19063	19229
19061	19230
19058	19231
19057	19232
19056	19235
19055	19238
19050	19239
19047	19241
19046	19242
19044	19246
19042	19249
19037	19251
19035	19255
19034	19257
19032	19258
19031	19259
19028	19260
19027	19262
19023	19264
19022	19265
19021	19267
19020	19274
19010	19277
19009	19278
19005	19280
19004	19281
19003	19284
19001	19288
18996	19292
18992	19293
18990	19294
18989	19295
18988	19296
18987	19299
18986	19301
18981	19304
18977	19309
18974	19310
18973	19312
18971	19314
18969	19316
18966	19317
18965	19318
18963	19323
18959	19324
18956	19328
18955	19331
18946	19337
18942	19340
18941	19341
18938	19343
18934	19350
18929	19351
18927	19352
18924	19357
18923	19360
18916	19363
18912	19365
18908	19367
18906	19369
18903	19372
18901	19375
18899	19377
18895	19381
18891	19383
18888	19389
18884	19394
18881	19397
18872	19402
18865	19403
18862	19404
18861	19409
18860	19411
18855	19420
18847	19421
18843	19422
18842	19424
18840	19425
18837	19428
18833	19436
18827	19437
18822	19438
18820	19442
18815	19443
18814	19448
18809	19449
18805	19451
18804	19452
18803	19454
18801	19457
18799	19458
18793	19461
18791	19463
18788	19464
18787	19466
18783	19467
18782	19468
18779	19469
18778	19471
18777	19475
18771	19478
18769	19483
18766	19484
18764	19486
18760	19489
18756	19492
18752	19494
18750	19495
18746	19503
18740	19504
18736	19505
18732	19506
18730	19508
18729	19509
18727	19512
18721	19513
18720	19514
18719	19516
18718	19519
18715	19520
18714	19522
18710	19523
18706	19526
18704	19529
18702	19531
18698	19532
18696	19533
18693	19536
18691	19537
18686	19538
18685	19540
18684	19542
18680	19544
18677	19546
18676	19547
18674	19549
18672	19550
18669	19551
18667	19552
18666	19554
18665	19555
18661	19559
18658	19560
18656	19562
18655	19563
18653	19564
18649	19570
18646	19573
18641	19574
18640	19577
18632	19578
18629	19579
18627	19582
18626	19587
18615	19589
18614	19594
18604	19595
18603	19596
18602	19598
18600	19599
18599	19603
18594	19604
18590	19605
18589	19609
18587	19610
18583	19615
18580	19616
18576	19617
18573	19618
18570	19621
18569	19622
18568	19623
18567	19625
18562	19626
18561	19629
18555	19631
18554	19633
18549	19634
18545	19636
18543	19637
18541	19642
18539	19644
18532	19647
18531	19649
18525	19652
18521	19653
18518	19655
18516	19656
18515	19658
18510	19660
18508	19661
18506	19663
18502	19665
18498	19668
18495	19672
18487	19676
18483	19677
18479	19678
18478	19681
18474	19682
18473	19687
18465	19688
18464	19692
18459	19693
18455	19696
18448	19697
18446	19702
18445	19703
18443	19704
18437	19706
18435	19710
18429	19712
18426	19713
18424	19714
18423	19716
18421	19718
18420	19719
18415	19720
18413	19722
18412	19723
18407	19726
18400	19729
18396	19732
18395	19733
18392	19734
18390	19735
18388	19736
18387	19740
18380	19744
18373	19746
18367	19747
18366	19748
18365	19749
18362	19751
18360	19752
18358	19753
18357	19757
18350	19761
18343	19762
18341	19767
18339	19768
18332	19770
18325	19772
18322	19774
18320	19775
18319	19776
18318	19778
18312	19779
18310	19781
18305	19783
18304	19786
18301	19788
18298	19790
18294	19792
18289	19794
18284	19800
18279	19802
18274	19804
18267	19805
18266	19807
18264	19811
18255	19812
18254	19816
18249	19819
18241	19822
18236	19823
18233	19824
18230	19825
18228	19826
18227	19828
18225	19830
18221	19832
18217	19834
18212	19835
18210	19839
18208	19840
18206	19841
18201	19843
18196	19844
18193	19845
18191	19848
18189	19849
18185	19851
18183	19852
18180	19853
18178	19855
18174	19857
18172	19860
18168	19861
18166	19863
18162	19864
18156	19865
18155	19866
18152	19867
18150	19870
18148	19872
18143	19873
18141	19874
18137	19875
18136	19877
18134	19878
18132	19880
18129	19881
18124	19883
18123	19884
18121	19885
18116	19890
18108	19891
18105	19892
18103	19894
18101	19895
18099	19898
18094	19899
18093	19902
18083	19905
18076	19907
18074	19908
18070	19909
18069	19910
18068	19911
18064	19913
18061	19915
18058	19916
18055	19917
18054	19919
18052	19922
18045	19924
18043	19927
18034	19928
18031	19929
18028	19931
18027	19933
18024	19936
18016	19937
18013	19938
18011	19940
18008	19941
18004	19942
18002	19943
18001	19944
17998	19945
17996	19947
17995	19948
17993	19950
17986	19951
17984	19953
17981	19954
17978	19955
17976	19956
17973	19957
17970	19959
17968	19960
17963	19961
17961	19962
17960	19964
17954	19968
17951	19969
17946	19971
17942	19973
17938	19974
17937	19976
17930	19978
17927	19979
17924	19981
17921	19982
17919	19984
17915	19986
17912	19989
17908	19992
17900	19994
17894	19995
17888	19997
17886	19998
17884	20000
17880	20001
17879	20002
17876	20004
17874	20005
17869	20008
17864	20010
17857	20011
17854	20012
17853	20013
17851	20014
17849	20015
17848	20016
17845	20017
17843	20019
17837	20022
17831	20023
17830	20024
17828	20026
17821	20030
17813	20032
17809	20033
17808	20034
17806	20035
17802	20037
17800	20038
17797	20040
17791	20041
17788	20043
17787	20044
17783	20045
17781	20046
17779	20049
17771	20051
17770	20052
17764	20053
17763	20054
17760	20055
17758	20056
17756	20057
17754	20059
17750	20060
17748	20061
17746	20062
17745	20063
17740	20065
17737	20068
17728	20070
17727	20071
17722	20072
17721	20074
17717	20075
17713	20077
17712	20078
17706	20079
17705	20080
17703	20083
17697	20084
17693	20086
17691	20087
17686	20089
17684	20091
17681	20092
17675	20093
17672	20094
17667	20096
17665	20097
17663	20102
17651	20105
17644	20106
17641	20107
17637	20109
17634	20111
17633	20112
17626	20116
17623	20117
17616	20119
17613	20120
17609	20121
17606	20123
17603	20125
17599	20126
17596	20127
17591	20128
17589	20131
17586	20133
17581	20134
17579	20137
17568	20139
17562	20142
17557	20143
17553	20145
17549	20146
17548	20147
17544	20148
17541	20150
17538	20151
17537	20152
17534	20153
17530	20155
17525	20156
17524	20157
17521	20158
17520	20159
17514	20160
17510	20162
17507	20163
17505	20164
17504	20166
17499	20167
17496	20168
17492	20169
17489	20170
17487	20171
17485	20174
17476	20176
17473	20177
17466	20182
17454	20184
17453	20186
17446	20187
17445	20188
17441	20189
17439	20190
17437	20192
17433	20193
17429	20195
17424	20196
17417	20197
17416	20199
17413	20201
17407	20202
17405	20204
17401	20205
17397	20207
17394	20208
17389	20209
17386	20210
17384	20211
17383	20212
17376	20215
17368	20216
17365	20217
17364	20221
17358	20222
17356	20223
17352	20224
17348	20225
17345	20227
17342	20228
17338	20229
17334	20230
17330	20231
17328	20232
17325	20236
17315	20237
17314	20241
17303	20244
17299	20245
17292	20248
17283	20249
17280	20250
17276	20251
17274	20253
17266	20257
17259	20258
17257	20260
17251	20261
17245	20263
17235	20264
17234	20267
17229	20268
17224	20269
17222	20270
17219	20272
17213	20273
17210	20274
17205	20275
17200	20277
17198	20279
17192	20280
17189	20283
17181	20284
17179	20285
17174	20287
17165	20290
17158	20291
17154	20293
17146	20295
17141	20296
17139	20297
17135	20298
17133	20299
17130	20300
17127	20301
17126	20302
17120	20303
17117	20304
17111	20305
17110	20306
17109	20307
17103	20308
17098	20311
17094	20312
17093	20313
17090	20314
17089	20316
17075	20318
17067	20319
17063	20320
17062	20324
17046	20325
17043	20327
17039	20328
17032	20330
17024	20333
17015	20334
17011	20335
17006	20338
17004	20339
16996	20341
16984	20343
16978	20345
16969	20348
16956	20350
16952	20351
16945	20352
16944	20353
16939	20354
16936	20355
16930	20356
16925	20358
16921	20359
16916	20361
16911	20362
16908	20363
16903	20365
16893	20366
16889	20367
16886	20368
16884	20369
16873	20370
16869	20371
16868	20372
16864	20373
16861	20374
16857	20375
16850	20376
16845	20377
16842	20378
16833	20379
16832	20381
16830	20382
16816	20383
16813	20384
16811	20386
16808	20388
16800	20389
16790	20393
16770	20394
16764	20395
16760	20396
16753	20397
16747	20398
16740	20400
16731	20401
16721	20403
16717	20404
16705	20406
16700	20407
16689	20409
16683	20411
16667	20413
16656	20414
16651	20415
16642	20417
16640	20418
16635	20419
16620	20420
16612	20422
16604	20423
16595	20424
16585	20425
16581	20426
16574	20428
16565	20429
16560	20430
16551	20431
16548	20432
16538	20434
16517	20435
16515	20436
16510	20438
16496	20440
16488	20441
16476	20442
16467	20443
16466	20444
16445	20446
16438	20447
16431	20448
16417	20449
16413	20450
16412	20451
16402	20454
16385	20456
16363	20457
16352	20458
16341	20459
16340	20460
16327	20461
16325	20462
16315	20463
16297	20464
16281	20466
16272	20467
16264	20468
16249	20470
16228	20472
16215	20473
16202	20474
16174	20475
16166	20476
16159	20477
16141	20478
16119	20480
16085	20481
16073	20482
16058	20483
16038	20484
16033	20485
15975	20486

